126.191814	521.351644	387.838507
332.198853	1089.815930	55.911761
244.161503	1107.846501	446.567602
256.823364	1399.087381	375.448827
204.388787	538.981987	303.530417
28.012901	588.847891	21.534709
18.085991	702.442558	51.667413
41.452493	677.857079	48.507950
310.598393	1589.803328	461.602278
334.540495	1377.552021	313.879263
290.489535	1027.205822	360.221448
341.975277	1860.494980	113.939653
358.683494	1749.513330	285.322899
159.976830	477.382449	89.979690
166.120739	1242.287996	284.125443
30.803171	1223.412442	306.962663
358.180478	527.743025	474.581866
198.798550	98.488106	62.494058
12.454340	1298.566504	128.100844
164.327630	340.083770	123.166779
110.483729	493.111144	97.531953
5.696269	1307.879674	390.694944
63.464665	399.948288	214.609543
253.949175	1697.923298	76.231717
282.402497	76.386755	295.962438
4.416307	1761.209365	134.726356
330.732918	1885.190796	418.595194
71.908431	311.124318	297.722988
58.401648	1530.425141	421.660321
22.781138	1095.984751	473.624312
348.231148	1667.615174	477.395270
304.600314	1875.365771	423.567076
163.095980	323.907277	125.325770
29.312893	1127.222866	13.790960
175.635350	273.802885	408.573700
149.398121	464.144487	326.728676
293.532839	258.353967	350.413819
136.329915	1220.067158	0.587115
291.862687	1968.354958	400.193376
67.666324	65.427699	196.616894
317.793414	1651.823047	91.945907
69.333587	1828.605386	315.935955
71.557754	874.319893	292.765384
169.644139	1629.524065	277.551790
96.632889	1888.010281	123.240308
99.156047	352.428218	156.015648
309.744056	1979.245958	438.537151
66.739665	390.486182	237.045633
50.226613	1386.716476	48.063871
270.533656	1922.955152	169.722703
350.258524	500.803931	80.093442
2.490674	1988.350987	368.605349
220.435330	1813.689842	417.697975
115.554761	1123.562288	5.325982
339.670440	478.122617	383.576835
124.854859	681.160744	486.958987
216.309101	1434.989278	228.074943
249.899101	481.455040	142.275085
329.336502	1574.186391	434.259055
58.065943	1052.370474	429.751674
123.362900	1146.988678	36.591687
221.118339	1838.471714	54.142530
210.281746	310.308430	401.180154
118.994372	1548.860796	319.300729
31.912726	40.413779	463.856976
257.938362	1391.393679	121.221063
50.710257	1428.026777	227.956868
195.287224	717.767816	397.466164
10.807540	1752.007542	54.876792
315.540677	1072.750200	290.402407
124.661481	217.119146	251.899096
196.788356	1781.583900	266.908033
210.916554	1406.442007	462.446213
177.423328	709.028063	92.578930
111.273526	95.132845	191.467973
15.280372	561.177065	493.189598
227.188143	240.210762	273.005135
346.998306	180.888836	496.969415
287.066851	1538.415718	233.326234
11.735727	1153.105104	369.581345
283.649855	1743.723110	9.059487
283.940845	1409.930422	363.250257
236.768988	88.501923	371.252101
261.970260	1627.059917	188.816914
182.017839	552.495259	352.881186
148.662977	390.267946	130.772493
154.389688	1855.498590	419.322859
187.654123	481.680345	227.277835
21.855358	630.449777	34.890413
57.865528	26.666721	48.683440
109.260194	109.612402	37.313341
221.427520	305.172942	489.233081
330.392696	1904.870890	307.645977
211.120455	655.799712	208.727041
230.495846	284.094826	172.615326
85.817184	1011.058472	31.579728
166.572360	589.797579	399.761554
32.078413	1298.628459	153.318785
92.751347	1655.021280	273.473002
289.009196	1314.517688	104.386525
228.763607	1441.179350	316.264161
183.615991	845.100643	247.604637
90.999085	1657.562885	326.752740
186.043983	779.429208	163.385368
163.606857	1502.360030	198.876742
51.238887	1120.400608	393.285475
259.898765	1284.712459	112.963433
94.861927	948.775244	423.293088
12.855429	546.637517	23.220850
50.454064	617.889045	319.114187
45.845323	345.949696	489.149443
87.350850	1389.789847	311.618729
179.650596	618.687737	358.419800
172.966520	1672.412254	152.099498
5.186396	839.344706	287.800557
176.372261	309.308154	414.751057
165.274618	1828.206236	108.929994
98.636926	387.081424	66.860112
221.047908	1499.877439	447.547775
25.757365	1146.770544	129.599960
27.706619	1293.354510	389.965261
76.933331	375.017762	89.269287
230.730769	730.259960	181.265931
35.048586	713.660272	49.881985
84.237588	950.663055	388.886759
33.400040	1422.645559	95.140067
146.991723	46.191846	78.798923
154.941314	428.856082	415.385804
339.713553	1081.427813	266.727041
21.481378	1818.358493	354.222248
197.099601	1634.749662	203.185001
125.172379	1745.347166	442.625267
295.871660	1119.732418	42.500560
341.640874	1833.904649	461.526662
286.399503	1038.548074	60.631958
208.401429	1208.421780	29.613715
111.425898	1484.787945	146.063251
89.293398	1857.686230	0.497334
60.789890	270.115318	163.096678
68.065958	1549.547308	323.350355
51.196052	616.149696	166.542829
94.847338	492.934866	362.737886
297.507542	1359.267830	431.263174
43.982240	1037.546312	188.476141
221.975369	748.271330	486.389161
164.319144	1281.684758	356.128051
68.463890	1165.054583	252.228490
167.016769	109.984890	390.353404
192.579493	147.413012	195.959216
217.555921	187.502423	73.546374
53.725896	692.751165	82.192735
90.178951	1855.578817	38.264058
125.052067	1538.843548	423.348027
39.983027	104.144657	288.441977
149.402784	641.306665	297.145404
63.091906	393.738730	301.152157
225.996918	1299.925644	219.809539
221.841202	56.501475	139.734399
306.057699	1980.801741	495.363166
205.647024	1655.101372	51.738225
198.977081	317.834961	136.546542
171.519388	24.887156	131.746846
327.199949	1119.887709	483.926163
291.990826	730.370563	397.981058
88.563278	603.518788	343.090739
219.701475	1598.477192	415.286328
171.477282	824.618514	371.384098
311.507039	1190.568455	203.316592
70.234941	85.510243	494.082695
230.052449	1578.871744	312.178017
138.771934	28.295396	265.572634
320.612029	454.471632	469.177601
343.901467	1832.954177	395.175583
30.475627	1853.238553	362.365030
0.176825	522.492215	426.578001
114.713484	1091.500307	319.627504
325.199459	1998.718987	496.437104
331.346302	1017.028315	322.780112
298.154330	679.657245	224.253964
307.538284	996.594341	401.007909
220.332964	1163.223895	15.396351
101.572473	1322.465394	88.862223
67.211597	530.458479	495.814659
47.945874	1606.090773	244.789420
161.204440	1681.067167	151.213362
271.189335	506.065968	338.125798
299.937238	829.225495	139.313451
213.963723	1346.768774	342.590103
329.578904	1309.248620	180.452024
274.389527	832.406976	240.552538
342.476699	101.877229	49.146501
99.795362	96.477481	57.861615
338.819608	540.896104	174.363934
76.429247	695.792962	167.536237
254.199215	1485.950700	308.970538
136.157042	1756.538651	370.231075
2.754551	1456.278463	175.789994
233.703177	364.747111	352.743874
185.709404	1405.989761	33.022234
192.513779	1118.420026	377.674458
116.515791	603.361432	48.870500
57.230670	605.762895	75.334482
258.882591	1220.905824	251.756812
335.489829	118.315982	214.798204
279.740509	635.123433	209.073893
211.546560	1082.386322	12.621012
105.387779	1716.906624	438.076166
330.324611	721.427674	225.936839
197.813322	719.679697	237.301112
344.232588	1537.016211	157.158946
161.889081	1102.719220	257.041225
122.381910	1886.507868	469.556074
260.934860	233.809373	158.671252
30.084853	1085.864852	484.219972
211.287108	885.986446	41.415359
161.085323	92.543181	41.873415
224.567580	274.753493	439.609112
309.103235	714.823635	66.839553
25.928348	130.858414	316.535556
0.503900	495.854043	164.823400
50.132560	1683.788257	248.551083
117.887698	444.439834	477.236649
192.079956	1347.806253	464.656234
126.362904	60.502918	34.294479
280.226141	1528.443530	366.326831
303.508767	1995.865125	190.467630
82.395482	154.791544	488.585510
69.285339	1801.337218	130.545771
155.359902	378.389283	132.354473
201.504436	1314.929783	476.164464
335.967109	538.467283	202.794977
42.403366	712.800139	349.364754
100.893223	81.672550	68.381305
39.674731	986.035123	128.693857
209.829285	948.255457	144.114369
295.480060	99.479451	229.720135
78.689766	1723.624074	198.136392
201.813028	751.192656	376.184813
9.618040	137.240436	94.073419
129.907384	1657.328157	191.973283
132.525177	1673.898093	222.342552
339.203276	1613.767118	89.567975
140.255904	573.280046	450.713870
216.751020	959.768710	113.724503
217.415079	866.288569	351.330537
206.992797	1066.649052	425.808468
21.577761	478.058545	22.703633
46.540313	288.783378	170.390751
304.186046	728.898931	120.673810
42.962610	1996.428413	125.107211
87.028925	465.436911	257.185344
58.849405	1959.856825	26.209619
77.874251	637.588824	439.922206
248.711479	641.910116	22.630214
15.125778	1080.646570	135.846560
68.433818	266.636883	208.165263
254.087536	849.918425	184.814047
72.299929	477.634286	67.634015
248.911293	71.589638	167.142072
70.144536	671.967290	453.514283
55.921648	1240.265468	441.310005
125.386651	374.129486	31.103414
53.518491	789.325716	19.363898
57.826475	772.385020	479.303436
249.314902	1005.582554	143.782218
120.878970	194.198882	266.799923
318.340336	1346.020648	427.371227
276.491178	1566.692766	323.908869
50.925619	772.748930	372.618212
93.769199	641.331382	58.639191
321.559625	1152.522349	243.269297
339.629032	1804.252027	252.950749
358.185185	587.122335	356.201728
339.339235	990.904633	470.515612
158.559257	1453.936468	490.955135
194.700804	1269.140515	491.981854
22.767765	1837.195589	399.533024
351.987468	1169.456230	197.211440
238.372631	1848.705806	137.191456
160.637826	1551.298377	24.271156
282.490886	394.080770	262.647727
13.931669	1189.144011	282.732776
48.493106	1773.699078	188.389782
245.903476	440.117859	310.842142
2.398175	787.933476	475.522890
169.005163	1230.064317	247.857098
346.806083	1808.665008	21.643041
269.212154	1000.661434	277.132739
310.141477	448.699449	60.633242
243.633294	840.862942	152.394040
208.861653	1444.652718	478.765038
157.555066	1383.047327	63.726423
58.809127	189.573307	215.462944
156.048907	1423.371881	85.914894
213.717417	1489.464671	442.401709
275.661243	782.762557	372.620169
203.513474	1696.435044	383.473106
350.505972	1011.908938	418.612414
320.845095	1800.044350	355.255492
205.631677	277.574085	396.946501
266.534851	330.545223	250.817171
330.450830	908.258213	371.613970
250.638295	685.346682	148.580950
358.914218	824.664632	150.557386
210.697408	208.352647	127.251906
355.783227	132.716212	495.933215
277.761267	1615.803922	395.735832
298.639378	173.144495	301.297142
87.045258	1059.311386	242.272669
211.919951	369.895642	425.328973
268.362056	1241.104825	286.374883
61.343580	1985.502421	128.756451
313.400645	169.575487	8.202147
288.056550	312.404032	27.691132
260.398326	1322.352853	28.292817
86.612517	351.587194	447.822040
144.674794	1146.603422	188.318458
76.644798	519.364238	479.426873
284.084548	1943.538783	12.023079
82.357943	775.252617	485.341063
80.550535	1706.340854	120.905221
249.053729	1655.996629	16.095724
172.562352	67.892820	215.986051
285.137080	1851.655182	251.412612
23.547975	1208.636292	176.740344
135.070595	1789.562091	87.492693
266.637365	1180.887939	299.716931
12.117607	407.728450	297.648546
268.219178	1412.360471	180.565199
256.883033	188.119832	238.480369
223.945355	192.737807	302.559306
58.133944	1502.851821	162.785120
272.552238	870.510868	432.479142
122.027692	1579.742791	37.263254
265.497260	1062.680260	487.888554
84.084166	1861.980248	362.444182
33.409398	443.884541	91.636523
47.189578	1005.316371	171.969641
158.354556	987.757751	22.204890
11.483555	127.596910	242.489726
60.335312	1535.390718	395.873672
346.828916	320.843874	296.140727
169.565692	1365.942504	26.966856
197.593221	1754.817093	223.716955
234.329862	881.878259	441.424874
296.820611	1971.931198	360.552079
166.667805	766.484353	437.246211
318.418897	1378.086949	477.776625
50.044234	727.500143	261.165995
273.305846	1090.207766	30.633651
279.150332	1562.641410	32.608615
33.499941	1116.660761	177.382743
301.425572	1640.435665	100.289367
350.204555	1854.862246	28.700627
252.527003	566.861403	497.299898
290.640209	1876.924755	362.780970
249.069100	481.427673	420.258616
30.974110	1390.137623	22.334775
72.185341	1289.972888	61.144554
236.091041	453.319795	30.871890
208.967766	1203.831958	126.637373
285.700687	252.754571	289.943432
151.191041	971.324484	361.240044
338.813974	1737.298849	487.895347
209.228407	322.358294	81.703789
286.359323	1492.692203	139.238671
139.512534	244.662865	313.036560
147.142222	1698.659052	206.293762
141.747117	1797.666398	82.056002
258.229645	1848.558951	287.173543
277.721135	49.502965	148.180342
61.217090	823.565659	18.613246
346.925423	566.779817	120.488354
172.683913	1485.714451	96.796699
214.364237	205.105139	169.250799
19.726439	1270.691684	148.631478
288.057968	1238.941473	217.901149
323.025428	1483.030105	27.475859
350.050101	73.521494	181.067652
197.213821	1327.893551	493.272401
195.605153	1507.976314	366.189251
64.394016	1796.181207	417.361309
79.873950	1805.277941	330.831458
239.541417	97.364022	343.394184
33.629202	1913.705579	439.218428
95.396430	273.938157	186.565858
77.831731	1921.618454	75.748777
197.692846	99.373558	379.038013
213.006936	620.464045	107.624637
298.965358	848.863669	227.687805
349.730142	391.502510	159.861111
130.590984	116.633414	169.391224
281.801392	347.698287	304.701673
243.304961	1102.661390	195.038856
36.092972	1654.476208	166.823649
154.759252	1351.827148	159.524288
342.490836	602.046064	411.838795
142.955434	305.726758	342.360377
203.748892	800.267628	135.118384
229.709740	1063.403865	99.689734
137.016386	378.163278	336.536296
145.075392	880.724069	197.341494
176.139272	866.378606	183.488820
290.846317	415.582725	366.496903
261.793109	279.129156	295.056146
146.031714	157.361529	123.647363
229.105854	175.474986	471.257181
30.399476	973.567009	119.896899
15.955980	524.476421	19.106670
287.870882	1770.321005	358.882501
293.510148	1399.146250	42.575431
22.539483	719.291982	446.092132
263.390728	1231.881286	458.971257
349.319294	1253.272215	372.646352
304.712727	1635.756423	369.739630
41.867713	1034.842852	142.291352
79.919335	764.898030	18.661169
128.978432	661.714086	153.145894
191.377317	468.434637	304.533612
194.216716	589.784111	83.033841
348.675544	1329.641772	128.746313
245.645224	781.133950	77.161991
51.074966	1741.520862	266.320515
113.713236	1310.283649	474.980413
216.441035	32.109046	455.402703
238.229163	721.740400	33.911580
318.860673	1941.190799	146.584135
75.508750	1186.720613	291.110616
291.143383	1206.386108	323.056250
161.244772	402.673356	190.169873
243.720280	959.559586	58.550247
308.955900	1248.100674	265.158920
34.161516	1419.591522	284.579570
31.387225	1933.931502	88.907179
276.913925	718.037144	43.745944
302.871039	990.529878	496.608743
230.014009	1978.106499	139.572949
175.186582	1757.506727	451.997981
217.070532	376.080074	78.416697
24.933156	6.036930	252.284178
11.371898	1976.709976	409.730848
258.942804	1462.028590	233.644927
167.888007	163.275351	341.548048
66.994951	1768.681825	61.091260
77.082451	466.625811	95.632473
250.040729	1793.087642	323.907940
262.713887	797.703434	126.136230
244.227992	1476.036477	24.034274
173.853724	414.535457	2.433348
340.860177	852.217795	393.986177
19.314640	1058.930646	470.891853
148.566635	794.208647	91.594663
192.771750	983.771399	154.539045
127.042938	1698.338679	430.222129
142.365657	1281.196622	47.273494
344.315445	1589.983767	65.798859
175.430954	312.937716	327.231679
13.739741	647.291371	184.487516
79.876927	1232.163620	129.624489
173.817990	783.884314	375.075963
21.683328	579.343094	40.531558
197.108474	524.486415	240.553955
73.361030	1944.550718	134.362869
229.642068	190.225307	240.055777
180.415509	662.835312	72.864312
323.708241	747.387747	174.920330
251.399223	1896.692574	220.420882
300.655995	994.806684	339.753801
194.366340	1350.461126	75.872893
145.930011	584.194557	87.018889
135.815727	1244.259365	195.310968
264.850730	691.505028	369.865004
226.298997	590.538095	284.531723
219.087832	1358.374246	56.473702
199.799911	1130.894803	249.625547
102.778242	1889.321636	163.136653
252.523951	547.769271	429.037968
253.395133	1371.789295	439.700774
106.063241	632.467827	461.134843
340.672898	164.362348	306.346200
126.340678	1383.145370	288.366295
189.128070	1885.043892	494.545145
292.605131	835.939335	357.358782
18.818923	1034.929701	398.686220
67.046820	1812.000334	265.722642
292.421687	1063.239757	23.597825
79.511219	758.856663	393.665031
55.756822	1302.351362	339.777309
141.521481	135.744530	112.142640
67.637641	752.521381	151.590311
246.537898	89.378110	478.714334
198.297504	1398.776568	129.567901
259.848478	825.657319	136.873880
194.174685	1736.470518	431.684305
50.809877	1007.372941	378.147180
239.494389	1255.936967	446.370183
122.387401	431.768048	493.508426
172.793139	1774.537584	421.089028
292.565200	894.919994	442.021765
195.973594	1784.735714	60.131197
275.499375	820.774825	44.339568
316.052305	396.638586	231.017860
133.225384	441.331893	444.201226
251.513839	1225.480658	196.824506
270.014912	42.700397	96.879213
355.550045	1725.304676	230.835356
179.992483	1705.046361	405.629673
187.863130	769.980813	170.984454
79.309652	932.681528	221.702433
347.523498	1348.799179	24.958816
97.030028	349.724028	304.853735
23.444606	1312.667068	197.764121
198.297500	1421.487693	405.959872
32.282998	1782.167883	353.170027
230.804730	166.459123	350.760475
335.154602	1978.685168	85.495337
115.361701	1489.965781	464.608001
220.686877	1886.164894	282.237443
187.695155	639.063790	146.789448
223.945899	1148.801188	113.434325
188.263697	1871.682500	149.746898
229.653367	1786.181010	79.508756
120.434583	1031.807752	296.349281
304.541531	1665.236641	364.397305
150.876226	1872.750257	55.694015
250.529373	285.995361	161.884517
343.909451	1039.453138	342.933290
62.206779	571.415874	468.642232
151.669249	1177.050797	167.675440
64.664617	1452.755147	118.015358
312.015548	1154.283943	447.852517
228.503074	211.483184	472.889914
283.339248	940.799203	441.730178
327.292866	116.912766	323.473271
100.274461	412.905225	142.174168
188.798410	1191.868572	9.287752
65.586789	1528.867106	200.821549
248.637311	563.438018	39.501182
141.221780	1683.839585	87.603718
172.580283	926.008735	236.640411
352.774934	1068.337965	162.552816
210.661193	500.319787	300.277430
310.371871	1580.775711	140.158592
163.831126	225.571495	229.659126
164.364108	968.390613	381.548906
257.101458	24.886789	158.682011
267.095952	1671.416721	301.058520
14.863123	107.540850	457.570548
308.736932	1309.397630	130.169003
73.056528	1982.155088	206.686080
113.166748	200.195631	203.250356
248.194018	1163.743866	204.521060
107.645820	1457.935017	293.052736
173.970460	783.812588	21.635687
55.591641	152.628879	85.592069
192.886185	1285.748521	465.064051
38.377701	1691.833833	189.998652
88.089419	320.698636	207.579169
13.666385	1512.683740	240.426225
254.331733	591.629609	421.561851
351.370591	1366.636576	444.719362
88.259997	77.044264	424.911656
14.826107	1458.157260	227.988702
254.294923	757.508195	64.068292
162.882519	909.807048	475.484870
252.655502	407.357453	182.789350
98.133728	274.567342	421.183969
316.577722	1039.625185	324.555886
299.133470	881.464188	445.652515
323.136414	888.865501	283.059487
192.851003	158.730009	316.055585
106.142247	1812.163368	266.528953
66.609205	313.599310	25.604967
354.697766	1381.433102	253.745106
58.802317	1766.421676	358.823126
194.787510	485.754999	56.153149
151.871581	657.534260	2.709548
20.806584	402.154578	169.776437
155.091616	1088.154608	43.498336
312.171042	822.173479	408.052255
72.006281	983.851250	156.888780
256.428856	396.168017	61.282271
3.768700	117.535752	434.179670
174.524533	472.657535	0.591135
262.699302	403.973365	218.923423
331.852635	679.042028	142.717176
339.471461	1408.608809	182.170292
172.219048	1839.034148	10.906856
72.067699	264.322904	189.576458
320.248154	65.282543	485.371025
183.259990	604.464905	35.220415
24.052891	1661.257314	80.275546
81.317201	130.275003	51.098193
326.267474	684.287348	395.531906
103.149358	1758.753050	66.056997
103.760583	645.609958	417.317864
185.518772	582.496909	293.818079
248.353186	904.862035	21.246167
5.575558	741.563699	241.767303
163.224431	420.512461	188.201089
93.434414	859.953700	260.067338
10.634521	1270.396010	485.928397
311.464262	1302.810123	296.364307
184.041021	610.225747	472.127086
354.357456	1370.505731	16.469043
49.236275	514.662167	30.981086
207.753606	661.881849	423.399634
14.005558	779.036064	190.210617
166.641482	326.686945	444.363616
61.078731	1892.664238	346.879524
5.150280	50.141385	452.622514
332.966177	1398.237006	234.077621
248.155045	896.953316	94.159224
158.023249	1849.787874	350.322469
78.263724	1519.459201	447.448342
179.363795	573.992873	47.029113
268.338134	21.867688	12.284039
110.295021	1643.897642	230.441030
83.558017	1449.078404	160.033785
217.368014	536.197798	127.414401
289.607966	1320.310514	189.863886
250.491524	974.750054	290.446389
315.086573	1609.789938	166.465781
120.951950	1668.187611	385.165905
240.245319	592.046230	358.915197
143.790085	46.149445	194.917776
344.269605	549.169291	443.559534
302.301123	1179.918270	18.839580
319.880302	1951.824128	229.253967
286.003619	1123.288183	246.195341
25.462808	765.165338	206.879442
326.788900	631.810086	355.116920
198.810414	1073.725021	457.721014
123.388405	1684.431504	89.013081
249.794928	74.100433	142.338437
305.017508	1351.424124	30.661290
71.620947	1405.541034	44.110855
254.876258	1158.695815	364.887871
26.861617	707.435433	156.070386
258.519459	21.897505	26.857505
156.773966	1423.499803	494.117938
282.323763	908.767000	26.404155
60.973083	1274.979534	42.888826
64.372643	33.840426	248.788930
355.752611	1583.849065	229.190715
272.146944	517.037306	247.812405
129.244971	455.031675	355.323290
311.822561	614.244685	443.845871
163.547916	1137.162440	332.944922
159.030830	705.062933	98.346020
202.247368	108.172079	389.709655
10.858421	1878.344102	241.166202
239.316328	803.724908	316.206575
142.235989	535.054931	242.459496
269.026122	1497.111069	449.934885
67.048015	1601.795098	73.384510
31.225712	513.083787	136.551989
333.200662	541.491207	361.534438
146.560946	1167.935896	105.459328
88.297069	1602.387603	492.466803
143.770939	925.516056	423.320945
77.791171	1490.719636	354.542044
12.046101	80.641087	151.911818
306.220002	62.287660	284.649271
185.375782	1226.073929	321.754471
270.907252	1323.858016	33.165932
47.194848	651.153314	106.419023
23.093036	1648.915024	140.962508
156.553781	1515.625152	306.427010
260.800981	1615.315311	301.040417
96.502437	1651.156017	211.078842
232.966869	556.125476	287.072969
260.110151	1614.803750	92.739243
328.391208	1315.338894	315.578210
55.703096	1237.923345	7.771770
335.359174	1966.742379	50.336789
200.849024	512.842992	306.343875
66.413007	1244.415012	179.560397
294.869715	562.711389	90.967893
326.966135	578.599160	438.717227
20.572363	1340.354660	339.430221
116.464499	1952.571428	29.897271
153.970548	1619.000989	329.544189
337.146733	1238.303691	167.272862
55.906935	680.104145	272.478206
11.159429	702.467355	310.269883
3.132116	1073.211327	251.920426
285.392258	843.898033	304.162681
38.148315	1761.234767	463.771541
223.084333	648.561105	482.194927
88.233636	1852.972545	143.106333
67.499433	1416.368344	103.209511
352.033735	329.641938	226.687463
33.498022	191.735486	335.666708
134.586262	756.154259	103.041613
250.574726	1276.273535	68.992101
109.394212	1402.833131	369.461886
108.707800	1567.015314	492.623102
295.809315	188.333921	336.677252
299.448335	584.245916	360.269551
55.323065	1139.667266	431.930984
274.580446	1507.913761	85.801324
261.553202	532.388829	365.810904
97.780533	1459.483025	401.185835
74.517687	1091.538742	188.513696
322.914531	1577.349388	491.717123
293.017450	1588.855409	38.746861
63.042688	1351.058679	414.893742
82.190041	307.358514	186.003233
357.073936	1437.117875	264.304543
92.850802	1253.877617	324.358973
186.881705	473.910405	13.337693
122.120084	855.407100	412.090708
283.391897	1955.981054	392.710435
110.941950	765.646406	360.992015
69.035854	1203.498492	100.852788
185.147466	1912.994807	339.983903
220.871744	716.011112	458.528064
14.052448	462.663519	338.056657
141.626626	356.071305	308.816720
209.392933	205.987250	76.773456
178.042394	1349.592028	470.421003
327.976852	930.612359	243.477623
206.028834	1890.089272	406.620523
38.535202	199.994912	162.291005
37.445184	1436.442751	468.282038
224.722070	1389.833353	47.448224
6.985489	300.968187	275.057281
147.638292	837.850501	266.708947
232.919896	1157.396557	493.254727
140.329349	1502.403002	367.046575
135.932131	1143.410606	117.847332
206.973937	455.347415	324.726707
289.194001	1715.647703	338.203346
110.482266	1097.901529	114.465388
254.934194	84.756363	72.511870
357.648931	470.882223	81.813497
316.942124	114.214551	492.392581
97.292759	1509.038105	449.977316
73.698098	285.355675	368.220793
163.726496	1708.614632	309.502125
235.051245	835.245671	322.088388
39.031121	805.713730	273.138774
277.682101	1694.776167	119.052276
266.281963	789.383582	116.194966
147.136172	1204.671067	47.095093
198.603688	492.233939	19.097897
334.588059	1150.381390	290.571206
17.052112	969.125754	213.670028
48.144681	165.789544	217.175243
95.200163	951.036172	55.435881
34.540850	1755.708244	357.659632
163.014717	1347.466863	293.003907
103.125134	333.710191	102.471173
234.645731	161.301365	109.681508
226.416856	539.284816	398.540784
198.471591	497.132282	334.325064
335.847925	1082.419288	317.197671
225.109505	1086.172118	208.601445
294.781264	65.136404	342.985010
311.224485	1998.175948	381.751036
128.968158	196.312608	354.014980
192.821471	419.005873	374.398934
128.538902	85.038603	478.956666
65.279415	902.536838	4.074661
5.865722	520.433881	481.377191
272.208534	1579.464204	206.875693
252.092150	1478.855091	371.391753
151.796788	1143.108226	280.478815
95.268172	72.515556	363.140945
267.309318	202.607103	447.631144
36.764133	235.173636	330.449981
162.558826	325.056367	304.966873
270.299678	1218.949377	7.161381
206.714177	1678.468628	214.309334
170.462510	497.076884	336.900384
61.881173	620.031304	3.751298
334.488022	778.201842	395.532601
328.049406	1104.326483	7.289863
144.425478	319.577008	225.275444
49.974665	376.002785	27.686693
45.203974	675.218873	141.826527
13.750222	1600.699425	383.035086
290.620181	1601.535786	356.011986
275.152948	55.033513	376.334096
147.933136	372.330610	142.524607
303.241208	1753.841371	28.822362
3.763090	1386.379842	408.130930
67.534031	547.723770	194.630242
314.614262	323.290274	381.750779
310.391957	519.443604	267.230843
125.898163	1021.096132	159.026737
100.144400	255.162817	107.942242
133.197373	1559.519420	123.513538
127.295127	1273.835837	147.140485
127.032566	1472.628010	377.837604
318.613775	1406.478308	360.801542
318.779611	1406.438504	92.795296
89.195595	419.873377	84.964665
347.562057	1492.206275	252.388060
136.704471	264.483413	252.830928
86.430798	1426.015982	31.694904
88.868828	319.810731	34.436067
165.266230	1644.193655	378.014322
181.039464	336.732662	79.065802
236.525796	1860.473721	267.276632
338.424603	733.907264	402.498530
265.490334	93.117718	252.493903
104.696737	1831.578439	12.343037
283.592912	1346.230606	0.376178
262.761416	541.744880	373.007988
196.242284	1940.496828	316.302984
67.156577	1255.232826	203.450155
276.710191	1892.748856	66.676192
244.875170	1579.723913	387.280526
96.111303	164.026017	201.255449
344.602297	591.084562	431.395057
124.129762	784.953036	250.908892
78.051756	1645.884617	353.974273
295.775700	210.204995	315.965139
254.263322	466.541797	210.519387
341.164726	362.075436	72.699976
234.229015	157.216332	211.916259
18.580895	1849.800342	197.861504
246.842567	1321.887328	265.217232
265.047817	1518.332931	382.335142
8.856026	1316.709044	446.095650
226.475865	577.333579	275.713174
72.235281	1949.697283	356.301715
220.170604	570.669396	265.203502
47.990122	159.095251	133.281916
274.704740	1766.365566	175.407275
262.672205	916.131158	358.119025
138.226455	700.942701	194.178401
77.746566	341.819066	76.997317
1.184708	1540.382774	250.403321
48.911785	1842.112102	100.960419
165.156416	390.537350	8.035461
228.080153	840.930085	484.137278
172.597220	1753.690104	111.108030
209.746089	1909.723266	182.770966
183.863419	439.686205	353.686186
186.996185	1542.565200	314.342481
89.549703	1765.038461	490.822293
262.667656	739.941121	87.095043
306.070425	1330.739313	190.109679
5.422031	1113.295944	381.358423
153.234846	608.098612	447.665524
87.326990	1512.945393	150.177805
322.792007	89.528036	485.861430
193.490569	1734.453126	112.616852
129.361213	503.418107	76.730849
158.980650	126.331590	315.625404
133.770663	1148.591065	7.510030
249.827303	1744.927405	216.678183
270.725029	1014.023760	241.295135
113.537440	150.500930	8.977016
206.143360	1087.089922	196.091515
2.319094	859.570391	278.658690
308.596757	449.141021	462.506095
187.148500	1797.887248	377.561715
24.034506	568.643929	160.084317
339.120959	940.142458	226.311666
332.264889	1234.270276	190.508268
248.048647	1398.221603	57.020870
315.616007	1601.320446	124.075256
116.344614	1154.887691	65.653646
164.986758	1446.532426	426.336387
294.580666	1849.130018	66.973760
193.085269	1405.150363	81.943465
242.094811	815.843934	179.469914
160.815449	636.671336	195.471152
107.235452	216.035689	52.074387
8.762932	1471.085724	180.150756
86.171409	1874.835856	37.787170
127.430934	925.738271	443.461543
96.286738	187.510043	225.067339
9.887011	1626.587750	232.929874
253.124248	869.118909	66.411091
198.846636	1575.758236	208.621668
170.308853	1299.801608	417.071292
98.769374	97.645503	153.931350
68.269665	1786.682867	426.400098
172.724008	1454.804672	171.891059
247.361773	1340.985208	307.883827
129.927497	914.463527	218.643087
15.585267	1146.310782	160.740587
81.894374	864.184178	326.334657
296.230289	781.809324	202.212309
94.408582	1177.084609	437.210993
1.023258	826.981928	227.085865
108.145792	1451.044970	448.975289
38.629338	1397.815423	168.091291
40.083020	1269.232462	304.210670
260.343862	1561.013195	156.534454
138.051028	1880.383971	18.111950
92.820806	977.447635	466.131201
136.155309	1953.294191	33.033809
312.693906	365.558826	383.226886
168.881732	1310.881154	372.708714
353.474870	1308.013420	298.619409
101.107236	361.090976	300.961241
72.559400	109.209849	356.565474
328.357638	680.218494	394.676759
119.219791	938.325178	457.956799
24.497513	1330.284689	352.615335
170.001633	532.247318	398.572572
280.273194	662.427514	336.053294
297.420040	742.213405	117.270861
245.726246	447.713066	26.604139
104.722741	1044.618139	179.361925
319.140605	1226.059610	53.334291
83.502719	1639.398082	464.605044
249.144257	1226.275130	20.935947
152.582914	201.289864	52.980330
296.277169	686.981904	118.115258
197.892914	1103.669958	255.036399
143.140130	1140.729858	95.964274
160.333987	1471.075808	363.772607
291.611394	520.229213	482.962893
153.639112	1266.259701	304.687257
113.552939	977.478896	449.083998
170.424560	1162.881342	389.131767
186.157748	989.443350	452.764543
2.873171	1172.022360	1.651843
329.232314	1876.199756	214.912483
59.200754	1060.593974	93.891931
44.238900	1519.796171	117.550905
96.323809	481.150185	297.418388
115.794096	316.970612	209.184888
67.812774	825.743203	450.053756
205.827598	923.532978	11.106726
53.603496	602.177103	33.124901
289.862621	469.997665	182.933360
194.188195	943.801027	157.266992
106.644770	1734.795910	397.957363
137.950606	589.044014	483.282742
273.664948	357.479387	450.722871
196.925835	1351.824252	127.141934
246.241224	1184.689542	59.374658
16.540974	39.251693	399.019816
230.195842	563.380324	182.829971
234.401323	676.790095	401.332344
355.444844	1493.832712	1.955368
80.825476	496.108518	434.211509
22.894999	1523.160830	347.295822
343.662682	1505.118416	38.108210
301.540935	1038.777977	470.445513
143.863578	1576.481912	142.315784
126.590718	551.995084	355.936564
248.836739	930.372477	404.417872
296.725488	167.589191	193.152903
248.703440	699.833158	493.403541
137.677726	479.221003	274.205426
337.256757	473.016399	148.463784
183.889315	22.662264	395.058886
306.151503	44.499429	486.339247
270.358514	1093.782990	194.648763
77.099774	183.460192	177.085841
175.402795	750.003534	307.703222
180.446925	375.121815	328.212904
142.417498	952.477720	344.055882
351.027224	475.140045	308.220710
276.773106	624.435455	431.730459
247.543648	1381.968576	357.574493
123.264195	1620.352024	441.885773
280.898205	1931.400693	76.300230
25.785616	203.688586	429.474501
125.062692	989.023505	453.782063
20.884226	36.565564	180.742636
152.658171	1109.168972	52.592939
272.839775	1213.001728	137.713789
16.475425	1269.881378	367.311042
112.412133	1911.072788	131.428836
238.534126	562.333207	204.338335
220.363709	334.816210	57.141451
152.218733	1983.723450	343.408266
39.011085	1652.234468	39.217880
247.476686	1713.945790	3.925600
161.122073	1776.009081	220.053133
347.957272	1388.663000	488.725993
352.694621	1834.593643	382.029537
246.162847	865.621097	439.565198
215.724740	936.119540	112.793069
139.206803	91.097485	132.190550
281.658843	1941.385003	383.665496
149.134612	1184.203621	154.145445
304.813995	680.898201	231.671793
148.461940	645.932822	13.568757
197.555515	924.244894	295.232598
307.963450	1743.238601	383.438432
214.574635	1837.703692	329.358354
263.162769	1768.713726	441.680920
285.718184	336.673846	478.568586
320.507790	1747.928680	116.034409
321.887242	1852.733256	246.885805
115.613748	1519.067141	150.190004
74.244895	19.560610	262.143256
124.896869	503.242335	98.709486
239.393538	280.865742	483.424174
31.219153	814.971192	210.613215
263.096125	580.957206	19.802887
227.327371	465.885263	211.302148
42.310467	665.201969	235.084279
176.904768	1934.197989	274.086982
14.660656	247.145904	192.327052
324.570586	860.310985	159.734727
260.444632	1392.301129	470.631422
177.799086	1367.490706	375.077442
224.361969	757.710672	244.195778
9.887742	857.596888	481.542054
109.329244	411.711669	417.342633
220.640450	342.072485	111.306825
100.437277	1378.958383	452.258275
67.278811	344.038503	93.048983
232.181353	1555.310494	119.452247
75.336937	48.542730	114.255813
313.638916	704.324001	345.207774
314.562941	1518.145811	114.672514
238.303803	61.327399	424.973523
139.905547	27.497159	411.872954
282.305354	304.680971	355.823715
330.748930	620.689153	399.280572
136.685539	1512.738633	294.273737
285.505777	128.660442	220.115028
157.734549	862.216736	198.439409
55.774407	114.679125	376.836270
284.502175	1981.945407	96.867456
77.826738	304.966375	43.188770
27.410285	1394.032009	142.107477
244.125543	1885.746450	255.450666
214.030119	1734.285607	39.631494
100.879223	1508.714629	134.319600
355.422942	1811.242571	268.611623
192.310506	1405.997263	477.103692
210.195170	584.189664	488.259314
156.163574	1840.282150	363.143863
238.601093	752.756725	380.646574
270.077126	876.402209	67.583351
169.094592	85.286035	463.351286
281.461853	47.850146	19.578439
157.389613	167.332546	289.563682
177.496805	1797.443077	250.094777
28.928856	1369.221219	221.094715
82.028438	549.999558	483.416565
45.761881	612.223275	19.046560
104.945165	401.604085	278.271284
223.122106	171.724733	195.175248
274.122195	103.740969	386.096086
199.998638	620.241653	372.970118
13.120368	1805.253869	464.944186
221.924287	283.976553	462.633297
55.304539	891.295630	314.051253
18.905619	913.423113	480.069951
71.883807	1537.877271	298.151070
309.206014	781.885242	388.533941
262.930158	1837.444855	19.642015
132.826349	24.250567	190.717723
346.147158	1078.117107	187.685004
168.220522	1217.920846	40.575886
45.461647	764.268125	196.005948
118.844020	382.689683	169.736959
109.369290	1711.374114	87.219524
207.858872	764.930894	381.832368
246.616280	1299.546933	284.215475
124.196949	1276.527842	389.615267
144.717825	1213.608875	276.402555
294.013325	1455.412111	59.329878
157.039807	720.253012	160.584259
353.992718	1891.342575	276.785065
218.233918	716.104950	457.833813
25.787529	300.841779	410.632860
262.775146	1454.020501	201.056879
111.135642	873.748358	65.200146
95.317696	368.906509	47.462544
49.290600	1752.158921	399.454081
240.192792	1689.769745	186.060431
285.676072	437.274704	132.919813
173.507678	204.875655	215.435688
222.190060	1976.367886	19.247080
103.004500	1395.675497	370.104298
145.732348	1791.559696	95.075969
132.123507	1282.324029	360.817131
60.703624	1745.536252	43.142724
270.799520	1119.221134	139.591449
327.436474	356.999404	64.878720
164.801484	1416.848951	459.054370
253.907779	326.265512	182.543403
53.196136	141.816298	213.853086
150.077290	438.938292	413.526164
141.276603	561.433526	132.277280
225.717031	947.086980	494.481973
297.954912	1320.099107	426.060533
235.780358	498.793973	370.264579
306.872146	525.261510	287.606773
281.856870	82.476611	375.310331
243.636255	1256.984231	6.210924
261.335487	1277.594858	62.828981
291.069994	594.155064	116.361923
333.001067	101.431364	428.491701
58.323515	1733.207523	238.528607
162.234650	165.683837	47.105722
245.079846	269.643141	247.900730
275.958396	568.900036	361.805151
68.596383	1354.330094	272.997596
242.899945	256.335638	114.314372
21.534333	33.629249	202.993834
352.235617	1791.054577	39.298074
76.394199	1601.412689	310.581608
68.684854	1300.201252	458.707787
306.844417	1888.610425	295.512483
106.163005	1868.773837	410.541465
59.948738	1650.235271	188.436692
282.243796	1484.111511	242.428508
272.349317	1233.624711	192.409534
209.206518	1578.881260	443.628627
285.260293	1999.722399	466.224238
199.285315	879.936841	280.728505
191.022150	1170.808618	69.375380
115.112802	1234.620302	81.474875
32.890718	192.175613	83.901472
3.317412	673.592833	466.642552
340.019134	1383.396807	84.721553
13.520574	365.426017	54.439989
23.368912	668.369189	241.714486
49.760565	1578.333367	430.293408
74.160536	1365.787817	398.407296
50.948224	525.506781	227.890027
333.638102	297.418018	51.312038
294.997944	547.768080	60.852484
284.483269	107.609097	27.236315
317.250034	1282.673520	225.507345
173.462056	655.441131	395.590973
233.746081	243.330030	1.008677
193.146532	474.291199	89.511599
166.033066	78.084497	387.047755
292.679721	1651.562808	267.921105
257.381017	695.196282	290.159513
203.918326	1322.097333	280.603962
178.698396	1332.230320	101.020201
278.803326	361.552574	399.644775
110.372015	1229.514948	321.944489
285.333952	1605.293914	434.733645
80.303480	1100.372180	339.157276
58.771537	981.759146	73.385040
261.037880	1386.758029	175.446894
111.216706	1835.004873	105.723766
5.431970	126.585420	400.201954
62.326431	1266.838945	259.514711
61.987086	1395.794447	32.589174
20.657181	1862.264844	294.332004
302.063429	1026.054290	31.094685
234.980043	1554.974249	217.347784
204.299471	305.376147	338.010867
36.389150	1142.542385	36.854354
77.030200	385.647104	312.046219
170.231871	858.848292	240.516349
120.636250	1559.558561	475.740703
315.820713	1650.189439	283.946827
257.735823	489.608368	247.278331
202.300377	234.354571	395.988601
280.950782	1202.165245	83.452189
356.210490	592.352212	199.861724
264.951831	1052.968805	231.188582
328.780387	302.526600	447.961766
271.168909	997.476801	183.129845
117.653099	500.662240	178.217154
345.197931	449.572444	407.828995
233.926145	766.209614	473.740677
276.484285	106.038361	255.110771
337.268576	1029.516425	69.280341
145.262974	864.312791	271.877543
188.974294	1759.124288	228.189838
134.829796	874.778424	58.611435
183.234301	1824.098235	468.182612
219.249460	148.489604	40.018985
284.158744	1995.159497	116.750871
153.170547	1037.011396	317.628309
325.591447	77.739555	41.552856
98.857991	855.510983	352.042672
312.777685	214.597602	17.622442
155.719153	1470.179151	78.302132
106.053218	1518.423192	411.235079
260.806422	30.930078	166.917148
93.822587	1843.020663	217.287772
273.668279	284.114290	114.407946
64.789337	1062.674801	328.343969
211.474432	1202.025422	114.139686
195.680708	1736.322484	444.049427
101.682596	1700.644760	307.457849
160.202805	1379.012924	200.177043
129.726741	1022.674792	293.490262
192.974806	1930.348531	3.629854
12.203100	1527.274585	418.999542
230.415721	573.521297	81.931389
109.621755	1989.492920	298.029652
35.893464	386.912150	379.424474
257.263237	729.456867	133.350817
338.468082	148.648811	303.053314
102.567331	487.174839	130.903762
223.843779	93.939061	321.985878
39.206266	396.123262	111.425246
329.203028	502.253584	156.585496
349.650157	291.549944	194.148230
276.541608	1345.803702	314.607389
138.689009	1740.248237	171.107021
91.412324	326.373029	342.989708
215.250682	91.066255	145.973428
309.816714	428.541286	367.579145
294.400755	1044.048173	94.879502
82.851390	444.456693	486.414816
254.476144	1965.198213	232.155508
157.062192	998.552852	153.834573
164.260727	1119.284206	224.284511
111.360960	137.931380	276.119228
203.292462	398.319095	266.136040
59.730695	1486.279489	21.534748
258.952928	1841.305574	376.644806
189.354850	617.338110	162.584793
9.221143	67.550743	228.040190
150.350607	1840.457663	400.357908
350.091427	107.250131	182.505288
316.900550	1187.797941	309.481987
270.893621	1748.901157	458.969446
115.507140	1087.598341	296.813677
131.030199	297.156891	344.213822
70.519897	1118.049598	236.385667
21.655426	1088.333259	492.283333
188.205268	1708.738884	390.887049
294.402697	392.990849	218.919772
63.414828	398.051087	195.933867
23.516892	1552.374768	442.509014
122.696478	577.237038	20.399410
8.205799	481.979600	358.362929
273.606442	1064.580393	445.984219
96.019110	1524.586751	92.030658
52.040174	1509.721450	92.708992
267.875822	128.050374	110.041513
90.819486	1409.294133	206.927381
345.496511	1432.290677	280.215041
232.417696	1806.546136	438.133367
337.987072	1246.149752	116.447191
160.736981	1980.867198	125.823599
348.812646	1916.628150	85.541623
350.505531	1415.686181	23.326063
314.452984	953.029640	13.488194
165.372561	967.205333	445.740858
178.326021	1488.083505	107.501656
345.360527	1784.472816	308.838149
34.493323	221.973152	474.484339
329.367511	1471.998872	461.085487
194.389990	1187.582079	246.304980
135.468074	616.443291	211.903885
211.375112	405.601923	455.051837
162.015944	297.136891	418.993977
220.262976	1942.143402	457.632695
265.394319	211.051658	356.052568
49.593557	1002.492434	240.146669
326.757407	279.118091	481.081706
340.229412	1117.582855	258.771299
44.397077	2.674950	58.693602
239.964300	917.919259	18.141741
17.773842	393.738211	413.817188
148.446122	332.684498	389.092790
309.282652	1818.854377	391.572824
271.843735	724.896571	335.919262
111.628150	1057.106078	441.681828
58.771806	1053.315686	400.250041
32.769962	1550.516234	241.183051
330.694511	1097.757828	292.233728
37.445426	1082.811121	42.071345
304.823273	1024.226634	134.271391
88.009523	1841.334833	66.098587
38.999711	1847.928706	401.695451
217.345222	1500.798381	138.604146
307.048486	907.758353	473.881704
24.647887	216.196762	482.810022
36.523947	14.967039	396.469650
341.882887	1029.153488	106.463345
337.403157	1426.108470	463.573238
28.964401	1850.831076	194.407249
160.328830	623.916764	0.121546
167.493486	769.009376	180.438126
164.451283	1981.485868	37.549714
319.231433	1746.809761	222.216033
247.344400	885.500362	148.227200
133.936604	1768.414458	300.952774
77.538000	1775.225183	432.613384
153.315653	852.917584	276.158984
234.281561	1169.318898	389.206622
305.066191	209.335567	146.227478
98.076849	1250.694785	188.331244
162.487611	427.574744	454.724504
46.029998	724.758235	235.925347
124.747273	250.030502	472.610830
257.869028	1052.515705	466.623610
239.867246	920.334788	172.711826
143.257377	843.566314	186.791694
68.818106	1923.822646	286.359185
5.937674	986.701201	146.980581
40.099795	299.131976	291.407848
228.196474	1262.576809	217.918210
257.932142	368.244276	106.486077
9.245818	958.501385	103.700162
340.749831	1136.197498	280.408147
192.293308	927.797801	131.381904
8.491340	582.197891	419.779861
152.747792	132.860369	61.428253
192.436446	0.523819	98.912129
32.771771	1597.101330	100.036241
51.422167	1336.926367	285.381707
300.356726	1538.668433	374.004254
126.080635	1975.985148	37.584708
282.907169	427.713872	437.137905
333.184430	734.069655	366.685199
227.374036	1521.842921	485.854467
213.776429	939.430692	243.312362
66.324986	117.642572	21.375033
203.462287	146.253347	303.388545
39.730001	255.677501	454.745061
121.850336	1038.107730	326.024239
151.765248	1383.646270	272.924517
271.297166	1583.961770	120.161520
291.779326	1176.600741	305.650315
262.449093	474.547048	320.356245
230.818888	1066.242899	19.201702
185.758730	732.436569	471.686282
293.832377	1296.757173	113.953091
27.107027	602.641945	495.587040
106.598327	562.199835	325.958442
30.602719	300.791310	300.656306
310.066261	731.342052	496.312688
117.513828	304.038461	317.951314
252.239018	824.596955	450.841419
359.241062	1682.199826	257.070949
178.746957	516.111660	297.321957
225.447104	1416.505558	20.197398
297.096427	1938.131512	107.781563
42.775050	123.194749	308.215971
253.190331	1801.660172	323.656034
333.471941	117.751659	285.735482
25.957534	1201.449464	117.987967
318.271001	1932.012044	177.463269
147.322238	333.287803	180.102854
251.000164	1633.471692	105.897922
7.933862	104.635336	230.884340
144.155193	822.484735	28.841592
304.257994	586.306129	41.284942
195.087140	1810.166830	366.159183
54.280780	1006.848351	224.616689
13.516709	293.086148	391.657669
226.196859	1055.554687	470.066780
13.878496	271.984068	294.370182
33.915858	1129.856197	432.829362
181.008048	59.959296	478.392534
322.491048	37.699677	92.185056
6.615749	823.504011	55.687435
119.251996	879.155391	310.603838
235.761422	487.800547	229.405718
36.730476	628.723390	315.112294
110.508816	802.461630	186.224807
68.894533	95.157645	57.492154
256.851611	992.914127	51.470867
134.897720	1402.617131	7.474218
137.313584	1651.121387	397.339189
13.269933	816.096419	312.930580
344.865012	255.586845	79.875691
212.436951	589.754281	483.290865
175.458617	1453.180343	395.456212
279.913126	1967.922505	64.049314
194.882594	228.970906	488.691835
162.629677	491.107741	493.563852
257.250565	223.475895	176.491739
83.943759	505.839160	51.568610
171.288435	264.784925	87.458021
331.866256	838.678985	211.590661
143.160322	1789.850727	481.914242
256.328732	955.437362	192.807829
39.030342	1293.176522	31.652384
142.041674	557.143184	475.070649
259.006102	1024.612855	137.680157
184.792980	1034.879533	337.022827
271.950436	1297.342600	233.980311
171.978781	991.351933	148.021312
44.009074	1806.605651	61.683077
343.968980	1394.396529	475.863174
58.304428	558.870982	467.109480
5.828867	637.961854	392.584883
137.248877	1658.921727	149.249429
243.848058	1451.494340	414.915553
90.881945	807.144941	150.482049
330.919056	1565.898714	136.108012
54.555504	1254.406520	136.890977
345.402806	454.971574	453.974443
39.461322	1680.606065	358.423455
349.742141	1903.207968	109.314621
312.109516	501.917428	350.595181
335.840595	94.412805	72.322595
284.827782	755.561440	215.948641
222.715778	721.157530	17.145938
115.847375	1023.137704	201.644951
197.715931	183.679461	177.339359
14.570130	1445.221755	433.065586
225.232105	1684.123877	284.923597
83.375588	1550.404163	69.468911
39.674333	1056.083750	397.515905
313.651281	1713.197977	327.540194
48.212296	1958.329041	72.438553
18.027956	722.896993	126.587479
292.861190	977.138996	340.796673
70.360244	953.044272	323.273223
117.687959	523.171358	197.399650
339.389770	556.330200	426.948116
326.859215	635.725375	140.105776
306.413513	1949.082893	0.214080
24.265008	309.963420	387.131268
146.399259	322.929254	333.374673
286.748145	613.719993	380.351106
239.254280	596.960174	449.733028
34.195763	1683.215227	486.015071
207.111858	34.978333	185.913358
115.815768	905.429364	45.676773
177.872508	71.549776	16.781969
1.905385	89.670529	396.192987
211.118220	1015.446236	76.052142
290.083955	1703.770203	282.406799
311.452846	441.766403	467.669326
100.444367	124.866633	424.199921
230.308724	1520.799566	482.767704
115.355069	696.727300	278.459182
321.050805	204.395146	123.672231
157.413336	1498.630422	102.556985
71.098431	1760.445483	328.423407
273.589676	894.770809	228.404594
329.617427	1591.177559	490.680479
69.260097	696.513350	342.929051
253.778491	834.793111	2.645532
165.077963	1306.976140	437.930425
101.757950	137.447729	149.309358
37.047454	425.942357	409.890387
153.009840	1656.109755	49.779985
43.751307	915.728840	174.484993
170.917108	1975.283267	176.264881
118.534256	856.220406	442.675387
49.990566	1050.671882	305.871473
68.971139	834.692227	167.528403
320.984021	681.115941	447.128819
260.276706	1322.527962	345.282286
91.715786	1068.290005	294.663645
55.238899	1373.787621	216.626178
302.858625	1901.259610	388.460535
294.165662	1961.015349	272.291922
218.630647	1399.530418	320.946480
29.110942	1023.561718	284.600682
51.990054	1947.991473	244.642165
318.114883	457.673070	474.390463
57.674538	474.169805	207.122430
196.220209	135.537171	217.439762
18.435139	976.686943	85.726636
83.574578	1415.586151	338.351041
359.053079	1531.910802	4.283836
355.369015	1309.929680	17.025814
263.943032	1448.400901	142.478973
55.578377	408.822482	485.169114
83.880881	677.940136	110.623197
296.977713	1019.228293	197.359574
65.129857	1480.398673	125.854877
5.593036	1175.608047	199.740093
164.613481	218.015431	183.028132
180.348988	1724.275756	2.280701
304.229680	571.248458	279.095309
211.986158	1953.061595	158.302046
279.273957	564.254445	128.495405
118.187955	1505.936664	142.648083
26.070423	1225.548718	147.987908
127.781722	714.358146	155.900673
48.412229	687.019101	125.370242
274.950135	775.107515	115.465201
307.228421	279.690589	102.996859
139.744581	1172.395180	308.842784
333.632525	1437.039182	103.494718
138.565636	187.359366	365.893304
290.483604	369.394241	467.276307
298.202815	171.890824	461.513969
346.663768	497.620630	485.729592
274.188168	1770.493947	407.600691
317.564008	1801.037861	4.616784
357.527618	1008.837127	245.822328
238.354722	1466.936279	8.211978
321.851634	529.833996	414.945043
277.175981	134.944734	64.445814
226.796673	336.746791	28.883697
192.373304	1006.246017	78.073516
127.724922	1446.929856	436.859866
65.613430	1287.033718	293.976449
152.272638	1721.611965	476.498264
298.504330	1878.337016	340.988163
342.786487	988.793838	255.645449
264.501506	508.661173	57.890061
193.438086	1255.637155	291.272833
186.468705	155.395270	349.534678
162.870120	1901.274709	449.804982
326.116141	843.573421	190.867937
165.598146	1121.434475	160.596764
95.687783	1112.857796	467.992024
76.374462	480.332074	231.117758
176.991384	1291.217533	254.396533
261.716481	467.500492	343.710588
77.813876	1185.155755	258.219239
132.128677	701.325844	397.716371
34.231211	991.109782	498.070621
256.029631	1363.048059	311.592905
16.283926	1619.019123	123.048504
251.829194	1313.628703	148.487826
220.311096	1443.433887	389.103411
341.070271	920.233511	287.695967
181.404494	1924.725934	497.376758
218.934382	1389.725804	266.792690
143.724735	847.101133	36.456666
343.622461	1840.669823	338.121313
182.975614	1245.543566	43.236678
315.068081	1468.939133	10.766719
144.330789	385.474362	160.215415
10.215989	1372.403281	453.172380
84.104556	836.609931	176.570009
254.719720	1395.879567	429.076401
267.001187	1061.437224	327.595949
122.057061	959.012111	465.811566
66.378955	1855.146684	359.495186
157.394563	531.643908	356.705549
259.537688	249.203115	434.550617
278.230528	525.446374	14.676784
236.613532	223.520052	479.130788
274.905303	1104.962136	246.928098
262.478312	323.756373	36.092799
139.028406	994.395132	99.519676
206.739449	1139.446593	409.765696
190.914324	1549.956604	106.180143
255.290297	929.902181	86.851877
213.614656	1396.270441	439.695746
320.307625	1902.650961	483.436147
357.899437	479.431221	374.463753
157.222021	1210.820239	293.589413
309.664106	744.849731	402.224218
32.129219	1830.786464	102.311555
307.230854	422.187037	296.601896
180.207600	97.651644	425.923171
339.914378	1830.819508	84.076991
185.304349	1968.207665	459.362483
262.362083	1872.371640	235.158754
337.246495	57.503358	296.263615
218.452921	412.915526	145.709730
188.140400	106.210404	385.329675
187.660623	1960.778763	329.956881
80.006910	1793.711064	291.154768
40.570642	1652.473318	460.980649
327.448796	1522.348904	302.534241
277.137105	974.808265	10.276724
209.859720	1966.124268	336.781527
22.300292	512.791695	237.922769
352.298442	824.582082	252.114871
38.581202	131.639358	195.634766
161.304662	633.893125	34.193322
269.106800	445.824542	294.023026
205.355988	1764.154081	86.462670
351.827222	97.791086	36.455889
135.606904	425.807173	489.031800
162.471812	1399.666564	214.694971
98.760825	802.875300	312.215035
338.025533	1966.837002	417.129367
291.112618	1076.325909	78.368434
193.646642	1782.759859	71.972793
173.511138	1540.669906	381.707727
292.198408	1101.553229	1.284431
22.127469	1115.548626	188.354496
216.533556	1308.679669	6.815198
146.119669	30.301194	200.619727
117.332476	1528.621921	480.904556
245.802522	19.830570	333.279435
242.189948	375.432143	343.983653
78.367538	1445.845179	54.016699
257.859981	329.872029	442.519898
282.322342	975.152997	373.845708
25.166064	1901.377964	223.894033
199.983465	983.679945	217.797669
133.440586	115.556933	438.615096
291.113397	1443.622435	336.760903
280.479626	1801.752994	136.486695
158.696145	317.662229	335.756064
206.966095	470.369554	168.295505
200.899333	1470.710635	240.150850
311.689177	4.536679	169.675526
189.014229	987.047647	431.367996
251.947285	618.641272	385.048367
65.567263	1613.052934	90.710108
64.784818	389.622509	210.932550
212.028317	194.747540	175.042551
15.230318	1710.202114	55.798570
277.317517	1973.806807	147.176174
280.364290	1545.771096	326.732058
25.691798	1941.353018	441.444694
79.342320	1362.503901	70.555137
329.815489	18.251958	342.296681
3.467931	1311.347507	250.317631
264.946498	630.189876	265.410480
21.472383	520.424877	333.631672
316.653602	140.105037	238.819594
260.199147	1938.245230	226.032374
145.016548	347.657843	98.135213
317.046315	351.743329	68.635571
154.682188	1631.892284	267.083094
132.650492	1234.932943	179.267483
64.251967	1349.566157	113.700964
326.950771	438.214498	178.604728
297.658416	720.071039	309.358425
337.230490	1568.014306	334.191387
254.869437	1259.303551	229.873939
48.766812	750.358899	363.402432
199.843494	91.919177	388.926213
203.637232	1578.545380	153.060107
14.582057	774.723665	224.505946
353.917797	356.925683	182.367680
328.003742	1562.425316	359.954874
206.401147	784.770306	15.371946
156.258528	773.399022	172.328541
96.985658	1469.051862	49.258943
223.523548	1864.835007	26.669913
320.775061	624.580239	371.540424
202.121903	955.682844	459.881591
309.792162	637.088446	202.844255
184.216882	497.157489	65.895935
257.520664	818.260644	155.789568
349.553392	1232.313673	240.359221
226.047781	21.990049	131.896499
223.720175	866.417712	15.876803
160.662885	1992.042170	113.337445
282.386696	757.778444	153.663275
264.046618	1876.535055	232.017107
237.502974	857.856179	432.970292
65.102746	166.097404	104.688997
311.763250	1707.806614	423.754780
119.332609	846.548875	420.791257
36.687221	1776.793526	329.976395
67.969929	679.820945	147.081962
162.842665	1577.212984	434.981553
44.329940	219.202785	198.621808
50.869646	185.170923	224.651073
108.809926	1537.235562	99.460608
144.596368	1475.014047	21.214709
208.107632	1961.258498	422.765975
92.505862	1511.873235	11.884702
117.243573	913.977446	35.142835
38.238633	681.537786	351.163539
125.045966	461.454423	315.710207
271.819785	1201.011316	126.661389
255.557741	1319.086397	211.264663
258.449939	55.105592	460.094648
306.220792	466.293008	269.737642
7.356403	354.007229	83.413146
102.989511	18.231788	290.972196
12.592831	628.258963	206.856017
150.160217	1533.311910	164.122927
343.127005	1357.451931	328.141273
329.546326	381.593091	196.249949
231.578263	552.524113	355.198432
201.569305	1134.955948	189.131944
102.941662	957.825166	393.133972
357.442651	579.909366	469.023471
288.618398	1672.902772	306.139952
82.752050	941.107783	398.132055
146.331895	1066.713805	497.222412
349.538783	1332.600539	142.658665
242.699338	1296.376686	411.517478
49.263527	518.805896	70.927345
193.674916	51.327153	371.062139
56.250837	1748.352912	139.425898
175.393560	937.623609	108.457994
135.876506	1322.841066	21.849212
80.348759	246.113557	8.501744
186.102908	1043.249882	488.060566
173.692610	1420.475392	52.509595
351.869023	920.153249	293.593231
205.413487	1463.961665	110.015975
209.644015	1083.842967	240.833615
119.390598	14.921512	136.821396
25.573463	1756.802849	336.982338
269.741175	776.552935	385.244894
43.907393	242.096915	240.221223
328.762577	799.582683	317.202345
170.519322	1551.194249	62.540938
276.028559	1278.043433	145.270761
216.072165	921.842718	300.899462
297.270970	1652.754114	247.777136
359.469943	1530.239661	401.624765
290.937433	396.196026	394.331802
236.826771	597.894231	149.653416
344.964199	712.712287	480.812995
151.787315	847.744844	93.282175
227.051962	1653.127417	27.743881
345.033890	1683.889240	53.734165
135.366336	570.884494	103.751163
236.467875	1435.832137	66.069163
348.176366	329.872372	175.753005
115.219762	33.132447	243.260229
315.974953	1715.985310	253.785444
18.897974	715.565137	116.446664
140.067908	931.799949	474.663212
199.337161	1852.976849	180.369037
100.974818	879.702650	40.779614
18.313749	1843.843477	32.662700
280.464376	1667.764227	112.860689
168.576823	1984.253336	62.158543
23.659374	1298.753610	426.261612
12.792080	1072.193706	331.082923
124.645041	1319.299774	97.910418
186.051651	1425.566256	143.970895
180.624049	45.145916	302.826890
277.903419	1319.460190	383.548075
92.616620	1359.056006	333.407975
240.767651	1920.452891	299.912126
215.349363	309.050513	11.640763
121.608357	0.938695	100.508861
268.308215	225.239318	374.984860
99.010385	1484.748246	75.563806
41.013263	952.445351	173.639151
79.604843	752.605101	267.765450
43.995096	1911.149419	29.493557
139.076452	799.146787	35.623537
12.867377	1127.204048	253.608821
149.290868	231.784681	445.584510
283.267364	235.535843	469.735111
49.154120	840.718060	405.456252
161.030424	1851.786645	253.557129
333.227047	1839.400068	75.585506
251.190969	1666.331037	96.646458
285.152319	1428.464136	41.899248
292.019022	334.253766	65.800049
223.842144	945.513501	470.511799
166.537878	227.974635	2.027635
262.992681	1606.048942	261.684005
240.308724	1437.761706	376.301519
311.843926	1900.055017	169.211492
35.748589	785.111518	295.224362
46.104726	1130.974991	265.365773
82.214966	398.283950	395.185825
0.332306	1925.485500	440.119761
102.113938	830.423403	13.575026
110.312278	1444.346289	456.866950
106.969763	1254.592093	96.840236
115.586627	224.781499	321.161484
348.592519	862.798606	364.461244
198.078281	1623.601797	218.796127
231.423115	1973.983837	411.917919
1.290758	718.502251	278.710676
298.649028	1637.946742	352.898328
290.139232	1020.984103	71.321764
79.840759	1321.763681	41.968131
260.404362	1778.975542	453.416549
68.025531	170.478319	147.787960
59.048326	1726.399436	147.748605
28.678719	608.418136	233.610511
300.960624	872.033388	57.137737
17.605794	625.949768	39.687694
23.023568	289.226314	295.334566
167.001287	745.824542	157.486793
32.636454	1433.667840	495.674588
108.138898	1841.706912	223.738163
95.141910	1374.258760	281.008317
213.689628	501.033118	283.890684
49.781337	251.391405	141.546197
105.110314	448.476685	169.516654
263.655359	813.559727	3.163048
283.252212	1431.086207	217.166656
324.367055	1536.134682	483.788374
117.025116	543.871544	452.212076
236.647178	1788.286750	458.149476
38.380146	1935.865987	188.164153
284.433121	757.682763	66.537069
285.780911	478.506608	162.201472
101.998426	353.809466	258.685050
125.801583	462.863457	261.931619
112.750748	940.052588	98.117575
185.234148	147.909994	196.655965
256.605157	594.656692	337.255430
227.421117	1443.955078	14.477380
88.521926	74.116136	189.116308
307.835739	928.717675	221.382428
323.795702	660.062550	406.980462
83.316882	655.660472	285.382617
242.839175	1324.083619	329.041326
310.984514	1333.983996	38.359312
3.128730	1097.265692	497.623282
67.523215	1336.551073	488.008724
16.872639	953.154441	31.474169
355.353622	558.624899	181.282858
293.400782	1145.426257	439.192612
244.849891	1925.583168	379.597475
81.395392	931.418311	231.422344
50.119872	58.623845	498.336501
93.972673	47.532146	487.534372
161.090452	1243.468091	33.770172
52.822932	1721.782114	357.597525
196.747186	642.514237	173.283399
30.415678	1670.506162	332.255740
38.753815	828.762263	185.177480
272.734165	136.635333	492.093475
168.072608	1205.649258	372.986954
85.049557	442.903195	236.697871
117.175706	1830.034225	435.772233
347.476985	1166.999391	208.972451
337.373169	206.887506	152.429481
306.264015	572.238294	88.549027
8.965115	201.259817	270.928035
109.261859	1150.343996	29.980986
44.209140	655.284531	291.358573
274.541151	1480.539327	154.657748
103.880674	1816.420514	142.849210
317.447274	512.690963	0.372670
44.077607	1108.150679	231.104028
131.368900	917.493304	110.576787
85.394708	1782.314725	467.625811
200.291186	716.916718	210.690928
80.726385	954.578319	175.255223
283.313082	80.793054	162.117926
40.494803	384.078686	73.585476
326.814495	1740.414053	355.189374
72.632185	300.369197	128.806631
173.488286	677.141995	203.412285
95.040943	1675.502044	275.451592
155.930479	1132.238454	239.248253
112.335343	327.819732	432.527670
113.133992	73.569796	339.606876
96.384146	1778.087678	409.948390
341.048616	1705.033196	348.678881
219.613311	1264.708307	195.941035
130.896095	1197.653993	454.768769
193.743077	1753.652482	165.859414
108.773939	1134.184256	404.337915
135.562188	833.129772	335.672000
254.782893	537.671735	192.919465
330.231425	1286.019372	16.212524
178.104503	470.951713	428.868688
183.541681	650.828555	490.716892
203.061982	339.930753	56.141740
90.923766	316.587750	308.441338
74.568521	664.835204	43.271996
170.709842	1567.522105	336.059423
159.683887	362.691017	16.085487
356.895649	284.587231	320.518984
321.774845	1107.073290	465.033256
136.019922	1390.106963	428.208690
322.579283	492.758448	404.705319
176.571282	1844.340595	28.358090
265.635137	1126.323216	116.657420
83.430694	543.802984	346.757745
151.530922	955.669394	401.632628
59.251669	972.324576	393.389563
140.380036	1821.277329	445.461112
75.271724	1236.228269	227.119303
32.200920	530.352099	369.219416
52.968077	909.603128	390.111907
284.470579	304.526989	450.935473
239.156286	20.411702	314.633652
252.363721	608.307289	31.261981
266.893022	1490.431118	128.033717
297.488021	270.206877	94.306294
306.462412	920.463275	471.283765
241.986224	1839.279651	36.264076
256.815119	142.055426	338.089246
289.685463	1166.564955	225.376305
118.893185	1283.092316	296.547807
218.496142	1357.503415	342.004197
348.270581	1083.765308	246.315770
255.613351	20.293567	112.004174
97.596045	645.907287	152.498471
199.290189	1577.959498	478.425118
69.482420	605.803757	432.291431
335.843824	987.535817	416.257899
55.538676	701.938370	52.725954
118.311353	1690.177086	460.619679
262.639253	1692.751571	271.780846
190.299935	1187.317828	484.444752
149.345319	1068.568092	491.300647
76.227962	1347.100715	294.841306
309.531991	586.638502	50.495441
242.147406	1090.006082	261.397161
183.374637	1830.950028	450.450563
3.026511	1948.456339	227.664323
344.384117	1222.496323	344.554158
349.568662	1424.616878	403.099647
222.693269	398.305712	369.211009
137.828994	262.222362	496.994728
50.036671	132.062538	447.233713
253.768305	872.233689	126.636107
117.962668	621.047471	419.193395
197.374008	1392.272312	40.157220
269.460740	1942.749981	377.890570
273.675066	451.235634	305.103392
295.542269	1130.874365	328.402470
91.037210	1534.804566	158.647391
49.938308	1185.976197	62.443348
308.015995	530.497990	109.024034
35.712621	54.783979	30.182297
58.475917	1121.261645	344.060434
180.982913	908.679946	72.514401
294.423784	454.283521	80.022431
293.836384	1573.180425	490.304014
302.996697	578.827045	230.925136
288.870291	1570.221869	212.665594
123.276407	1841.576616	147.609493
256.383638	1230.385963	68.087310
95.841835	1922.927937	45.184336
102.599385	1176.771403	344.556556
197.167890	1928.699292	376.667103
81.255681	771.443732	468.732609
87.752966	666.410430	461.002231
333.259745	9.782993	453.468479
75.740158	422.570908	476.936336
279.373654	1026.951526	486.914646
63.490146	1596.679578	340.945437
282.063328	354.697327	274.073070
204.734685	1242.647711	219.010415
124.836687	792.036864	46.673450
50.238650	102.834358	226.191290
108.416667	489.208912	217.712590
81.522248	731.535974	421.641913
296.390754	1484.985928	148.393586
138.694729	1580.567719	270.105856
279.954288	865.189868	78.174831
154.896908	465.800627	448.053228
215.150840	410.593557	306.143191
207.674255	1726.499591	184.845947
10.588056	384.230914	402.703124
164.728283	680.487438	434.280387
110.781351	1070.704404	65.677715
138.496762	168.232402	219.215754
309.856376	544.164855	114.992823
19.515279	1930.312053	177.400145
156.422758	409.488036	451.633159
67.188233	794.393222	41.719721
234.200610	860.539362	305.131008
16.435479	634.745408	466.202654
127.189784	560.254127	411.319452
342.473691	1619.780783	389.050459
103.556008	1644.110325	172.468647
322.244159	614.009354	384.379414
279.812768	1050.176132	258.839985
28.306961	673.444653	265.747452
263.726023	1118.028328	324.374737
352.811779	1894.688697	404.249181
110.283013	688.100273	435.616825
246.085248	1968.515536	496.870516
235.579668	982.950068	257.709892
125.306867	685.562967	369.867687
288.783418	525.967579	495.400944
16.447637	741.280720	351.388770
113.672328	1391.993118	273.039937
81.034615	1921.411227	277.147507
225.224792	1811.830948	456.066025
89.056403	352.460088	270.863382
335.394039	1372.418130	149.992280
291.036910	1631.670589	276.654177
339.248876	732.392695	52.087459
162.994654	1487.681312	35.083523
333.431275	1611.901048	288.683151
281.710302	978.555062	316.850262
155.699543	600.578674	22.194328
270.222193	609.995187	13.201343
190.043907	1549.230642	138.334474
99.731226	1917.949975	78.502466
45.604497	1806.057859	17.809286
283.392422	231.077118	1.459469
102.614334	114.526054	411.842711
134.763987	13.380084	271.350363
89.094023	564.513811	233.068096
247.161109	340.190132	136.758108
169.106336	229.007358	393.575298
294.525636	26.944192	486.283626
239.372595	482.924469	84.753414
170.836833	271.891742	194.220120
133.323934	1047.876797	324.437363
165.634911	761.421898	105.139276
55.919135	1403.388803	302.626002
45.764196	1855.258383	302.801691
355.893175	1761.324274	191.097543
236.634609	598.495724	333.036854
236.057532	823.039884	83.535058
153.815291	1915.751905	221.530984
80.763128	1242.876313	147.721201
1.391769	114.160437	490.049406
326.322751	771.824793	37.400375
271.152178	505.291386	114.782770
219.030525	1064.632014	153.352035
262.294235	1756.744146	434.188734
263.188043	1159.491233	182.605291
180.371401	1752.837746	129.319386
262.873260	654.482300	89.380809
1.742826	1948.163378	370.742461
294.539366	491.512687	358.906742
285.108822	1748.402945	411.958710
