233.484211	1724.035751	141.770591
234.365887	356.785959	261.359037
80.901386	81.145061	86.029253
73.610558	1631.834228	77.228494
123.736434	1255.297036	211.453282
62.742389	940.906462	228.535673
9.499459	238.545660	190.051052
105.643833	487.358494	398.979805
1.188780	1853.710299	345.526731
154.918456	277.853506	16.772186
168.632378	954.095906	142.916972
338.646129	1503.528829	377.792714
203.121093	1431.909670	302.423848
262.721375	1458.681691	325.208802
155.747132	1493.425109	427.311042
201.812012	918.294645	111.905111
343.212216	1427.140646	419.628567
53.819512	977.772756	136.529942
316.428151	656.423583	107.847890
301.327744	1898.582592	326.869120
101.283731	1041.337720	157.490128
281.682976	1511.282584	438.239143
93.540041	222.723777	374.639227
335.314012	1353.726904	429.441994
286.360901	704.764527	173.246530
66.580771	287.631966	146.103250
322.928763	1052.955436	95.765444
151.756471	1142.218170	428.885035
39.950967	1699.573412	93.947231
34.871602	909.929464	234.119775
173.842671	1461.190142	468.811928
162.899555	1584.551069	366.389020
280.910374	385.614048	474.097166
212.191092	353.839630	363.552355
303.670682	1693.098741	184.839480
355.147662	145.162533	143.030651
106.850699	1026.124138	179.383552
243.903760	185.341824	425.807898
235.275124	911.237368	484.093593
192.668290	269.663551	25.341630
224.414021	1494.809164	394.183759
82.236224	940.471182	137.329048
188.405699	1519.447890	301.547526
4.588452	1368.236613	52.251859
304.611810	1629.737444	40.445433
51.955750	1431.562656	217.260756
66.499346	1573.494295	261.621502
287.489491	103.567001	62.805010
118.804344	1908.734232	226.398519
61.553221	313.755992	499.440210
309.811712	1467.559641	266.683006
276.226225	1001.977226	322.518698
231.785624	1346.934823	380.400727
202.057020	1543.999886	496.845314
163.729724	1011.260019	484.402362
321.373610	444.722866	468.671773
255.894899	394.831802	454.876115
247.643195	490.535188	70.601181
52.296770	247.201269	466.396838
3.434862	525.936191	59.349539
323.266638	956.443299	457.107902
329.932600	1091.255553	1.200921
119.346101	965.899540	2.183950
252.902287	903.057080	247.309182
185.522425	842.941943	309.202865
249.115769	220.945465	314.848718
177.578621	164.316200	194.703495
58.203272	1199.137923	40.813741
129.310913	1183.704286	43.635840
349.993042	1850.028763	483.968812
88.228920	353.470875	182.618093
151.397250	1058.353962	227.107717
260.331091	1543.309067	277.545540
29.485982	53.182340	349.679950
102.931122	1676.940527	242.476490
105.434402	1472.769015	262.740457
207.010599	184.834394	338.781543
178.983814	1448.687858	10.668428
30.873031	370.322796	4.939447
354.447190	318.910626	466.761865
341.405405	519.854846	183.874069
234.983528	501.195820	135.479602
214.689161	1717.080477	380.348204
37.987908	1687.978459	228.618394
234.291675	1756.404715	322.224954
233.646187	123.592958	376.748390
192.589345	1786.216685	393.966868
295.717025	1006.621982	3.484135
17.147637	1068.952580	407.256968
340.664666	1029.973203	126.727039
115.959156	1624.434538	7.554672
158.616758	1607.505955	397.921550
116.346430	1446.499319	13.212341
201.116932	796.555283	128.041076
224.643185	454.352988	204.636226
105.923485	1897.915446	408.030936
306.516429	733.946155	342.048742
223.294200	682.960802	362.685813
9.482628	1312.112949	242.194520
299.882517	1298.546102	68.006626
145.882770	1218.339191	67.395632
161.853700	1271.132900	346.504192
339.071822	1478.423063	182.386874
34.278047	741.832169	207.738690
342.184162	545.356959	336.581820
129.155354	1100.223089	423.285601
331.306045	343.655523	258.076427
204.524617	912.503353	320.507042
65.153694	1413.691371	244.893093
195.748380	111.230150	70.912972
357.302081	1637.078353	126.449545
83.364919	1575.256738	460.102628
34.987992	1587.862106	497.833283
45.031125	398.922010	130.377130
132.593614	269.983141	34.952190
261.803344	1212.522050	52.619680
104.513688	1845.283952	444.683646
146.872844	1426.791933	37.824681
219.060430	937.049442	310.372969
228.965331	1082.561173	252.193072
274.382161	143.040191	389.600238
9.419272	1556.261791	173.149176
219.787476	1543.611252	300.659608
205.372320	1977.445061	39.456525
237.553400	680.952819	412.465472
340.280889	813.355682	93.580319
120.743773	1014.616853	481.156055
156.350706	33.674858	279.588021
138.099582	613.480526	112.624869
124.511313	1404.877633	118.450774
336.398707	1662.535225	145.810224
329.700949	1716.140148	215.007643
149.323634	6.886605	450.220276
238.649074	1800.120238	433.598179
189.730951	722.875547	440.098348
342.308576	251.167154	470.928798
212.475028	227.018420	126.574270
259.763961	1991.133066	428.864646
327.392238	338.511128	33.307458
291.566435	1687.635173	277.752355
34.497090	507.464353	226.075878
329.103966	305.827475	0.801230
86.592956	973.590913	13.210406
59.487240	686.894336	424.316683
317.731921	1583.469283	456.265655
185.467916	46.623073	29.345754
289.406049	1594.477307	20.105855
122.058370	1751.521774	463.602096
141.258229	1702.247594	289.753581
17.729009	71.474089	32.658165
358.513402	367.776810	11.092837
121.254933	119.671950	429.647339
7.790111	580.696306	220.619247
330.089273	119.294225	431.255984
124.233381	852.128528	284.214038
135.085368	1716.816515	433.959185
283.352141	875.160562	187.754729
231.689335	1881.098844	425.627128
77.698607	1736.619562	254.604047
164.357287	1860.603811	392.249690
93.854062	822.666645	450.375449
174.624156	807.456327	83.316770
91.813258	1951.136681	360.761101
101.659614	175.742899	297.629122
345.822060	1395.170634	275.504061
162.466679	921.051638	282.302154
8.903963	1460.262980	291.250014
294.688400	1719.424103	212.575090
0.877787	1682.766191	290.977325
217.788808	1376.042837	152.497434
156.933219	1748.022831	291.212963
14.000830	300.589309	334.567545
117.714622	550.933205	70.371998
94.588458	1214.049277	179.823324
282.989895	1131.169023	477.880405
264.440532	371.198526	356.339523
308.555400	674.226404	476.412017
246.120731	1107.915150	92.233295
34.340423	1329.852962	237.076225
157.149280	1359.927317	394.713152
214.878719	672.945575	377.426836
66.727942	979.919360	32.940147
18.456593	1235.880853	143.117107
304.223752	673.558314	172.636654
54.437993	204.203690	446.221107
335.374311	1062.689266	439.728832
95.448540	244.642963	285.933918
128.538632	558.449311	490.769975
150.379406	1460.182247	70.517796
247.582807	905.174942	222.585849
244.957173	902.068903	25.039248
167.363642	1115.764939	451.169109
90.725643	17.580272	68.555325
86.269648	1169.302036	144.137165
312.643383	166.795580	499.592279
268.010256	1165.860612	383.337423
318.718433	1737.388908	392.449583
271.355011	146.069349	215.848773
244.707262	88.086680	108.323198
87.532416	245.198188	237.912240
80.322450	956.422328	418.552710
167.373006	940.161549	404.645430
127.011016	1171.283989	23.063178
354.095109	1061.550642	61.026532
88.161353	918.333102	470.164614
62.695137	1306.244163	181.223105
260.168449	935.962600	68.262001
249.284386	1766.892176	2.685457
151.056146	155.692142	476.993393
318.286512	107.026226	491.568966
281.335663	580.033855	190.946920
186.736845	881.140346	194.061069
34.955214	446.228758	92.604145
253.799816	914.222928	379.269439
58.295493	690.716177	400.953291
152.013882	1500.379131	487.252245
220.888804	1289.098961	369.791149
221.939002	997.151643	446.722607
18.185633	1760.082701	474.800658
241.053826	1352.790206	389.283741
303.324831	1311.644196	204.659673
238.463195	1799.337924	281.003649
118.727609	1560.650234	392.965192
238.580224	976.338318	348.888455
240.210777	1470.353833	438.009619
68.879982	1814.196186	422.665554
288.713670	33.620491	445.282947
9.307598	415.999772	303.745959
95.718669	1602.319112	468.196504
103.453313	1339.970353	460.137914
191.888227	1078.007493	310.519932
282.357204	1798.523321	247.560157
80.695294	787.996444	25.056719
351.410870	1227.617403	211.284649
67.904776	706.430005	332.263561
187.289162	23.544334	122.101955
85.640825	1638.370505	422.814192
346.666009	1193.284038	28.881937
342.113353	357.934574	474.915665
349.393261	1517.388749	449.977520
112.383312	1398.205431	280.666990
260.645000	653.590775	409.645127
227.815122	625.451580	224.267374
345.341945	350.473510	53.511283
193.441979	1170.214069	429.583166
261.869608	964.219834	1.068194
251.497288	178.163223	420.382149
65.874712	1351.226556	469.651598
105.665859	1934.431587	126.581916
224.474459	1296.460965	5.268259
222.041647	1889.381907	488.681466
67.896170	1655.968668	385.665023
128.002896	1986.399634	172.162578
132.684358	895.642511	243.696561
219.754205	1181.502955	64.215113
32.280209	1895.167375	205.547380
279.250647	1842.295946	26.916104
290.975473	761.677554	444.932812
99.452655	31.080002	326.856712
259.877140	1956.455642	309.007282
27.888622	1425.819898	125.300714
179.963829	754.118672	146.793711
224.277500	61.722955	348.441408
184.190414	1018.194310	339.543300
209.511211	1915.090243	248.304200
138.599359	1849.451400	447.571288
263.762362	1714.314962	165.972701
312.201008	444.872212	49.287559
128.520806	1522.440032	212.826747
301.301369	525.530341	144.702929
6.539233	172.271538	148.114836
301.436576	1815.754940	192.772234
227.128953	335.435130	414.510480
125.035869	824.190765	13.948317
357.471512	1449.424504	309.378319
181.841644	1357.236214	189.057616
284.542264	610.898041	467.264293
305.596460	628.206894	75.389026
127.369944	832.572587	164.265797
344.603638	1833.127588	203.692349
178.401321	555.554719	367.434616
280.373375	1310.343881	354.219555
187.209078	1015.117664	16.477294
51.189071	397.008051	487.554726
337.206517	1726.106108	176.588719
181.139196	1512.372673	20.741128
20.129266	212.952902	151.096520
326.556535	1484.760155	20.507634
82.813539	1643.939179	294.775402
283.497446	447.923035	97.146823
102.226770	1631.231556	39.757322
219.405663	1551.069072	188.774105
219.168402	783.692885	280.259504
78.346124	1049.358917	70.049482
101.361347	848.497159	265.387467
99.821126	1809.904420	49.898552
96.669998	1296.354012	248.384079
238.979436	1166.590409	374.975523
352.337430	1252.045772	29.334555
8.324081	35.640016	80.533247
229.823669	352.511359	423.173846
118.719315	1645.883931	146.610410
21.059686	1357.891828	461.589206
139.197485	1462.385469	421.854380
270.392020	1289.675830	362.026532
339.450320	1791.245854	57.909170
79.410710	1868.648086	228.186759
353.701881	1757.351361	382.822600
95.177141	1409.490081	313.291769
325.584137	929.527639	136.439324
342.695380	889.815495	351.229568
103.502734	1785.991942	419.330466
70.219231	1182.048506	102.032755
340.287516	278.238156	320.769769
69.465536	1385.076247	470.424772
36.993881	1523.423524	362.091547
64.803074	1458.966091	183.962757
321.484672	1138.462368	18.217300
221.814896	1677.468842	331.613960
265.604140	122.192430	364.251179
353.205204	140.228553	219.832273
235.420372	692.644445	94.053584
257.288164	1118.698089	443.789010
119.741452	1972.775014	455.056139
330.107924	1744.464356	105.211792
318.743896	1776.687549	109.354492
158.274876	80.214348	49.321349
287.465527	737.923261	426.915857
206.522032	1055.977978	274.809687
74.932987	467.065289	447.280936
314.065940	1810.139893	238.633483
33.269101	747.856344	346.737247
132.370991	1907.699814	14.631141
125.046459	23.057768	291.612491
195.767038	548.457687	251.948801
108.951604	703.777647	463.449363
311.377785	318.534310	416.565631
29.766722	920.488359	345.539022
211.565035	1954.891057	297.485214
18.027408	1996.615060	418.277522
89.437613	1624.530157	236.829286
104.027029	1096.942222	399.800623
280.240470	733.382079	206.064910
96.916798	192.703539	268.838319
187.549542	708.374110	224.927699
158.847072	131.630814	417.910877
277.540631	1406.902103	416.905537
38.865011	1642.856840	196.431544
23.751849	1901.299903	120.001388
310.211358	1161.498411	54.047791
159.021791	1923.839753	457.055477
258.075912	1212.713509	8.306243
127.627158	1839.777142	184.268010
13.406729	435.020933	129.615247
356.292256	189.408082	318.884269
227.037695	690.263085	151.656651
7.567624	861.813553	463.728152
44.493095	605.839142	247.224941
295.746617	905.325980	51.097485
65.334069	1187.953516	288.942966
32.770537	997.375616	12.151125
99.116361	1643.817881	409.514965
78.566010	851.487706	190.669650
310.503591	257.569340	142.991481
125.211920	1354.513468	57.929204
262.315001	416.172059	295.666699
255.278970	671.602126	240.799751
302.595135	1709.762228	419.993559
342.603016	1915.791683	278.593033
108.300098	854.081347	222.006955
98.639622	1016.822811	209.412448
3.953371	1507.148002	459.709394
65.876286	706.818145	79.304824
22.753242	1396.158088	3.726929
209.819622	317.295781	200.820754
41.549705	638.792061	18.856646
134.505920	1045.829123	390.627815
221.510038	1647.361404	280.914555
78.937552	122.659140	453.678624
314.933410	1209.522871	417.663038
297.326482	1449.675263	167.302848
201.348495	838.446421	291.677825
310.271130	1068.286335	111.111109
193.527487	690.790583	252.145356
241.472327	699.225379	195.219240
29.581614	868.223977	168.534990
330.534444	1825.475681	480.440809
255.343476	333.909107	408.671768
70.415023	1775.195390	255.603882
201.064098	154.084662	305.759231
157.687926	1352.999696	346.405680
143.970408	1019.119934	151.742459
136.672824	1714.138599	475.768388
149.601463	0.332491	146.361818
157.042576	464.987666	33.190181
114.135492	639.042962	471.724236
102.868527	1454.751570	218.587795
339.481017	1741.127054	475.508740
278.757468	203.798975	280.982365
43.921443	1337.512709	149.952874
131.626122	452.195939	153.041118
157.727943	853.968713	381.169780
199.158970	1763.893109	130.261015
197.821533	515.994744	133.905534
132.590378	555.754290	168.523079
215.709240	1378.545484	179.063137
164.459558	219.876147	199.166888
64.473422	28.825949	83.284426
77.345522	1655.929658	355.823301
99.729994	1953.327407	78.082890
72.913757	725.295988	8.174637
119.285530	575.918824	435.809975
235.343540	767.189069	483.398319
289.326827	1358.560577	453.164004
7.825999	1074.155142	81.670926
198.092828	1001.047829	228.428001
293.701243	414.942022	13.154803
345.017145	309.055998	267.414030
84.827789	619.387885	283.180456
332.506227	221.109776	12.522955
254.551819	823.575510	167.277828
102.348279	1651.502852	338.370631
170.069367	248.189297	283.005644
176.031850	855.724526	426.546930
122.397875	1387.844100	186.478579
83.925211	1810.817406	498.641910
216.890574	12.502481	256.219483
194.041217	1888.665272	312.664997
158.989138	677.624504	206.170567
21.670368	1752.719297	378.737191
300.132763	1259.210738	242.041733
55.313367	1151.346156	308.464155
95.497168	1370.344067	459.484291
251.568128	1802.342827	209.772998
346.944432	1939.370198	413.887301
145.298238	1329.378028	97.573739
199.291236	844.363160	357.029729
287.944112	35.875352	167.155946
260.997655	800.608928	269.921802
14.612240	319.835212	153.790462
40.059325	939.403367	193.197586
223.304210	485.140229	287.895202
32.153488	984.190489	372.605350
339.385561	1430.313147	265.172784
171.328868	502.031286	180.006460
186.132093	1350.501438	86.869677
152.698524	949.450266	13.314813
164.703413	321.175798	375.131315
341.266109	349.534138	425.364368
206.719004	567.319700	77.447610
130.643545	999.657900	229.172122
221.511400	1906.003675	131.910366
311.718233	1576.825415	318.527851
180.339661	881.474882	388.292494
103.537718	203.788860	28.334613
55.948565	1246.376996	168.571386
138.998408	242.091978	420.627564
234.017247	129.679886	94.445886
61.148102	1020.300527	249.598695
87.321921	10.277053	489.780668
28.075060	295.172232	459.672688
49.427884	1776.322886	115.677160
340.223601	1418.139157	430.554873
339.635604	556.752801	275.658059
43.631122	1308.772700	418.877229
220.229670	1463.283814	251.913383
136.373167	1472.824826	214.701600
297.302417	188.807496	53.581674
298.894468	1596.045998	161.350797
229.299397	1429.004118	374.209862
352.946611	1693.457879	106.403084
163.549589	1447.156196	117.507745
187.275377	1748.763708	458.591372
79.353030	895.387499	484.158983
205.304635	995.957296	379.008840
268.975809	177.394428	328.329927
268.126536	418.087507	85.377488
162.431288	151.329992	471.537779
8.963489	648.415344	381.341382
17.867961	170.767749	391.789262
180.807846	983.548487	211.789963
284.132900	1091.080474	475.865867
142.886391	503.983317	441.824158
320.917516	667.277570	58.940876
338.941158	112.589270	435.546166
133.669948	68.254443	172.974446
302.280756	1263.326210	152.000638
64.071431	187.045276	128.508966
252.471506	1087.684063	260.744373
342.556145	1341.853438	12.747804
45.798600	522.147323	43.544158
69.688613	1066.813315	382.600323
282.187009	249.113272	238.998417
303.161115	637.683749	463.474964
54.090908	1991.783875	442.878353
346.537128	1421.785371	441.865476
72.504986	167.675218	449.317760
358.363686	947.561743	60.771910
31.198676	1967.886473	221.468807
83.917895	936.360000	84.028582
23.306563	1475.269929	305.671952
357.895575	864.174472	49.737732
180.289446	1794.896504	177.990327
312.539153	552.474640	443.827781
44.277915	387.095783	184.222241
112.188300	1974.974523	363.813332
316.384600	565.471862	81.644059
243.517080	286.988122	321.987274
305.428943	755.580740	362.719803
341.057643	1001.109273	238.920812
247.116231	797.056217	219.022895
93.829058	115.062365	68.266643
224.012927	1398.263182	301.999215
243.901506	179.457768	173.138073
249.978906	496.343077	147.250624
200.305031	727.948128	82.146230
169.952880	1260.499149	328.614228
329.940886	1348.595862	266.913183
78.349065	946.933252	228.361438
90.788184	1757.151174	240.036630
357.405076	838.169765	325.471928
216.858924	1018.773746	431.717877
315.712233	1477.055707	167.045909
261.111120	1160.929025	198.843146
152.922532	1073.746691	262.895494
307.526059	1868.636670	112.581152
286.823557	1999.757182	241.768980
234.401804	636.664663	117.739962
44.900497	1760.504628	463.988189
49.318852	511.521524	259.101803
2.111914	1081.747984	471.248922
286.337469	1749.008698	479.237827
23.435198	1270.771478	436.942004
24.788708	209.549431	444.250533
263.496233	1561.862744	313.905856
204.450392	735.449109	16.055363
35.239728	1949.318298	353.864759
143.302513	1782.819493	394.623302
200.740613	1105.327962	57.073609
17.915040	188.221516	143.622265
271.194418	158.038040	3.578202
313.991491	987.553210	155.513757
258.077581	906.579338	182.964252
242.133422	28.649754	233.963804
22.579954	1320.693015	296.084617
66.103349	591.439111	381.175706
262.201736	1176.295753	48.180208
4.253054	1415.808472	398.773493
234.878832	1790.161977	471.877166
340.227912	1199.898019	249.945471
221.153621	318.284164	164.522789
356.920387	1010.200969	436.360114
137.802595	604.508363	78.630215
342.268673	1089.388591	250.487243
224.529940	125.928465	139.467903
355.246887	1967.146266	151.383171
5.234283	1609.003671	124.947829
205.176178	321.132497	325.567463
147.172886	997.429427	1.149619
231.500420	969.258281	173.207391
0.618190	1320.246350	491.710811
176.816066	1482.642767	365.043461
199.245281	1061.949566	11.215652
179.513911	1698.706574	469.217022
83.485552	1546.232503	354.484746
189.263726	1954.873408	135.860992
220.725006	1145.569654	468.316005
220.930604	1393.375887	488.319616
53.723301	1871.140486	471.849857
75.727152	442.392751	119.425102
107.988059	847.868047	225.486468
0.291980	1059.524612	416.235744
120.596875	737.588161	245.985661
39.381198	1045.702118	456.868270
227.134588	242.233710	346.418110
265.280371	1952.262349	383.968562
221.125940	673.088069	263.547900
60.480104	451.456460	178.223130
104.045192	1027.585973	464.739851
333.685904	495.198049	445.086899
29.674551	1328.742003	416.612624
106.048780	582.958907	59.200023
55.153174	1085.880291	348.497196
9.899107	1105.857316	56.361777
131.626652	1253.950825	256.534441
208.283928	126.487923	166.895867
255.093501	1279.373268	22.104992
313.130983	1988.113924	437.449053
95.152381	702.065587	26.620865
315.710602	186.980155	269.468330
41.886832	771.294634	493.571505
220.616054	911.317608	24.940567
174.998175	1383.792409	401.725570
38.926822	1562.224949	201.179289
97.285990	1847.711940	51.745126
61.622902	1644.723223	287.704345
276.366279	1417.144802	343.895588
161.093634	665.494582	299.773260
325.995800	1539.906860	92.222940
43.121256	213.662947	344.023967
24.160789	1327.796526	56.564820
188.486504	130.509996	354.375997
208.600834	1232.119374	75.610630
296.776955	1901.649203	162.250693
260.689031	134.032024	125.015716
291.476944	1284.898573	19.666062
144.265300	1446.641627	56.515333
162.422903	1702.988673	7.540152
307.261811	263.632379	223.628970
214.467561	594.411092	108.087656
289.140333	1385.490509	108.376577
346.890671	1574.949972	485.041990
354.011129	1191.161804	428.952988
329.310251	756.893119	422.378896
156.158211	1405.847958	176.738005
329.547196	916.636149	334.757123
224.853457	727.375524	97.702770
289.323582	171.626270	292.476779
27.223400	1999.583641	271.469821
166.763865	1980.697018	441.617463
121.700679	707.187229	6.730624
43.718710	1970.856627	251.277611
217.577447	958.205134	95.135906
75.658957	1461.943874	243.865611
15.411386	1030.432099	340.343437
16.235705	1691.762515	286.497820
151.065442	1196.439344	211.334056
187.200911	834.052185	252.853992
345.864555	641.206695	464.833276
356.028438	741.451610	4.801846
66.107581	154.390179	127.289203
305.873559	1175.733654	41.172510
194.222507	253.858150	473.580085
193.704043	1017.736587	1.972308
291.369930	1074.853858	14.750919
111.845552	1397.080181	131.691758
226.618109	616.442452	392.175081
273.965842	746.454808	81.638143
110.595193	1271.003773	256.972517
246.661803	1072.056264	236.981644
308.719005	1435.557878	216.029453
265.544212	815.398579	219.218880
293.204496	1693.032266	177.157171
78.216677	965.222961	499.825783
85.181203	1656.205257	491.317058
128.703398	1982.997796	242.042082
351.067965	1960.145019	151.549182
11.733788	128.478290	38.772047
355.853093	185.081417	232.909809
66.835775	472.160922	143.492806
118.612787	356.085690	61.642320
332.117050	996.828399	102.265206
122.646634	435.599010	19.340799
45.774392	467.053199	265.468304
101.227330	1040.427077	146.208367
288.562651	227.900561	486.735403
140.556408	1314.317116	287.405369
235.366804	1721.162951	29.970037
279.367451	1222.129975	124.681269
277.682609	675.017247	50.381110
31.304605	1983.144959	371.785983
51.435451	444.088573	164.672424
62.143351	259.733644	440.443697
112.716989	1936.543853	281.999224
335.878160	80.165471	237.681530
195.263321	980.374999	370.672058
56.633929	167.480573	82.567705
233.631099	1582.985298	138.969061
3.205631	1118.495788	195.310608
135.698823	1603.812947	328.096778
251.388469	1800.343994	396.920258
145.700915	1774.944458	447.133417
175.451806	1604.058829	97.738920
151.702770	1415.559639	54.348569
16.938635	762.878066	350.711737
233.403186	933.254723	436.735448
131.453645	1314.771214	349.135407
305.814001	1106.829445	495.566104
226.310253	322.267537	30.107900
79.895697	1458.874648	475.545596
64.271138	1264.857302	260.023834
30.472636	1359.248437	20.856266
107.729828	141.010312	91.505815
331.830782	123.335474	445.423851
62.871721	1158.375739	473.720029
137.374286	1006.584202	193.174420
109.558505	1311.256651	36.329169
330.667688	78.409046	358.135397
7.325680	1370.088114	293.993274
240.134616	888.704463	285.471827
304.812605	59.952439	487.521136
137.701075	740.814908	444.254058
35.149312	1405.231281	211.440341
16.021710	1714.204796	65.136163
332.499452	1430.205429	221.777842
107.939160	1876.889285	168.218559
56.720793	750.824360	281.899164
323.107397	1007.940565	179.512870
74.687805	552.744534	383.469390
18.439567	989.634266	103.357408
148.136534	914.419030	1.992309
4.934308	641.682428	308.336832
321.292806	859.331261	495.312290
118.302088	1885.216565	353.120464
140.215972	1425.154305	237.146396
346.383548	1163.582709	37.972866
162.826248	1556.623341	225.396991
227.454721	1579.077915	244.464282
36.601668	1889.829679	110.478456
340.198879	1004.655374	230.771100
325.310218	1741.562184	154.525216
33.171385	634.745504	73.922834
57.407599	1470.715827	244.668657
7.008422	511.912552	419.621396
231.673390	1652.744683	194.029878
145.374338	1062.835720	282.877024
154.896279	1913.561389	373.150055
279.677100	215.962877	168.373446
256.087904	1684.146297	357.622362
282.681220	220.951002	333.532688
296.030079	897.094992	348.727504
180.249589	698.926296	262.385355
90.820911	1956.609504	352.520400
352.852633	1709.882363	374.115664
199.319204	1742.141045	307.202963
247.264128	235.646074	77.792415
135.486523	518.431096	353.648425
61.746257	142.437163	103.471915
209.930147	548.528584	348.864437
40.819429	797.517007	125.110624
238.850754	1048.135349	226.124215
111.264802	1135.190744	103.453203
29.750405	471.923584	12.444947
298.076294	1742.568701	126.755170
355.281324	1568.599015	20.350414
317.275328	1632.758887	441.379395
293.458568	1292.485238	1.745682
23.383113	1840.488473	327.644141
19.159669	411.294727	245.013295
228.439753	1686.517015	366.845954
209.147635	1780.559882	7.718044
26.559624	1265.428544	386.540568
337.410668	1566.202532	42.341022
52.928578	577.488448	346.220899
228.553468	1934.518884	58.282621
322.119213	959.991794	171.208115
175.505367	1146.091049	289.703890
268.931027	121.627150	25.996326
184.980822	1433.114115	337.584475
225.956268	808.314784	208.395678
260.464228	1166.473996	85.807830
6.952953	170.917802	211.017056
91.485197	1834.559792	416.110964
35.900304	992.663237	173.478121
317.407163	725.515083	493.802843
281.419243	1985.403479	453.736547
262.605683	941.190445	441.751811
72.284196	665.047302	74.922096
5.328676	217.846113	50.797735
90.552829	1250.107062	464.364849
141.233989	257.301753	28.353498
261.278407	607.197824	494.888104
228.413511	835.474532	402.423679
291.826535	208.007389	450.304104
256.189082	1508.130827	22.950154
186.867225	1799.440794	332.388783
285.071494	1065.874706	155.460514
359.779623	12.589172	166.345951
333.431843	969.310852	425.307754
54.430250	1733.797201	423.809815
267.402276	1350.685372	304.476978
21.386058	11.854845	167.520201
101.930102	995.456796	63.276529
71.552571	1925.861540	396.363557
112.203610	1797.899684	114.206499
140.850788	80.895527	278.548325
138.660830	1885.856673	178.057403
100.321801	335.174286	280.878291
259.839549	141.140720	349.562090
219.799207	481.019638	334.410053
218.466905	430.392335	127.171918
226.081075	1614.590864	272.110019
339.603968	1333.042257	363.400900
186.985907	1091.735609	359.913350
338.198935	1071.723224	474.280076
59.624203	437.662805	294.038658
248.467308	747.351144	141.275402
196.382442	1827.839390	45.402078
112.264261	1657.607603	232.031183
71.641440	1922.423133	171.662697
123.937298	402.881955	259.535394
349.887161	1419.909346	495.341531
155.844437	1231.109125	209.592636
31.864865	1609.488939	435.338684
256.330006	132.671482	482.483303
343.485211	398.055298	376.523448
137.575647	610.475132	225.338593
152.801584	1482.972891	20.909074
52.199102	1711.516173	95.686165
202.559685	1686.229560	138.852262
66.347677	1075.446678	326.476792
253.494420	108.508536	267.202333
170.103874	1360.716271	190.966333
292.610820	416.136127	218.968877
236.000212	1119.277462	419.935155
52.482220	856.070296	185.835631
41.059589	1923.165028	468.570794
261.961753	1801.250568	188.359068
136.751435	1895.174845	355.334045
127.193964	1775.506936	264.470373
338.757274	1337.029984	46.788300
91.949631	1041.804395	51.043762
156.711210	1535.288195	496.153416
218.551174	310.370324	418.928186
140.968152	358.803469	396.790828
200.140167	1228.198752	182.357280
144.258734	686.836511	139.256424
57.368000	94.139481	211.774804
188.514641	1681.377132	441.484706
148.330614	762.460160	330.792870
166.169983	735.415252	477.841998
104.328780	1492.598005	330.815101
215.502588	1527.586664	468.973158
121.544733	363.628507	185.685039
261.984153	736.869414	104.263012
112.472007	390.987663	238.978321
215.714580	312.183202	454.225665
299.799148	1341.076124	358.009023
150.717929	1360.897075	48.090267
260.145702	182.288907	339.882739
21.534140	748.572321	280.501130
249.635099	1550.870491	139.242998
263.690453	1621.695053	309.717527
324.919422	878.979337	171.330031
214.366872	1394.450875	33.218610
138.705233	317.975808	269.686764
1.912960	750.842734	469.644133
280.653418	1579.025650	447.578128
34.801292	172.643347	132.420745
139.151028	149.503180	265.842324
97.653903	146.054673	18.540651
60.126309	112.237036	316.131450
283.432564	1990.902870	355.627114
72.297618	614.175422	27.561949
225.768522	1875.299834	471.508744
298.384588	808.380483	186.286667
206.956706	974.851813	235.005013
95.304434	1311.535999	497.923223
167.469024	1185.236801	418.626177
249.138628	687.155655	275.882771
39.803894	1190.748229	470.628456
222.300920	215.129015	36.419473
21.373796	807.664194	410.653550
313.050549	536.574944	123.155650
215.291001	82.674795	257.502158
335.157160	793.837509	467.207466
15.375968	1695.598108	357.751949
259.927916	1456.572661	127.272634
229.669240	1108.938862	446.262900
175.909666	468.264718	82.512778
317.925064	1700.464056	147.751740
256.960109	1708.422703	332.158097
249.114004	1535.997937	387.001431
133.758980	1313.205841	323.338208
279.949480	1635.791617	414.712925
241.990414	691.878039	314.161965
323.677012	1450.387454	264.070196
102.465081	1010.366055	162.170306
1.454869	1683.549689	348.491602
274.150292	562.244554	134.354111
206.881915	1665.165955	467.112935
312.000691	870.579957	295.379483
80.366207	495.817318	411.470821
229.037684	1057.910958	12.439848
170.355870	308.923256	449.075662
99.864257	761.111238	72.721625
38.404309	1169.549210	318.866338
271.826313	93.274457	430.667692
64.225221	249.587275	481.848497
25.699243	1278.285969	75.187986
346.843011	1825.938661	24.660975
96.644684	379.715222	391.356021
285.207592	72.020659	286.764662
318.967960	515.810191	394.626633
31.428914	564.643394	392.479201
165.783998	1284.501112	84.484002
132.092826	156.507583	211.206708
57.946542	1481.256366	216.270619
123.158083	1160.076659	434.149747
332.434348	1778.562153	110.590813
318.772956	341.675460	53.632980
288.294469	879.773180	121.660986
174.818480	158.401002	147.771804
130.735831	1321.857486	346.932737
53.357738	1520.852417	72.318511
78.889944	1024.070426	270.003493
60.745753	108.423331	377.017502
255.133452	1510.032033	29.154562
127.992211	137.616899	345.560853
228.342530	727.555486	309.013129
140.751468	408.051567	51.823347
308.743631	190.023915	1.057787
336.022563	1189.714791	103.662219
153.722133	203.710887	158.465566
268.156421	1853.293000	250.868856
126.547046	1517.014195	385.054534
302.966819	1058.875369	169.591388
70.184407	899.295738	211.732405
106.668247	109.901298	149.198057
123.045498	1526.105396	241.643302
119.264592	277.929812	314.922069
215.151344	4.903039	259.758461
203.227461	341.840320	153.683054
200.552783	267.766899	281.204981
137.132724	224.844099	194.754959
251.603642	729.770091	313.855305
181.094896	1740.956553	93.820283
82.582143	1682.292081	269.338854
126.593461	1113.817790	184.825445
146.201330	1831.756316	251.120400
224.258973	471.868907	344.189869
122.645897	881.340044	179.435991
56.023974	1155.811852	242.868293
324.186226	1535.637163	405.957620
208.089810	1221.810490	412.463571
180.027148	25.122134	227.212283
202.234976	1439.195473	122.896165
86.931964	621.986379	320.442037
23.095209	1587.887775	243.322312
89.585731	465.353431	415.183234
146.417042	744.084833	227.546918
119.896544	1212.352759	86.227235
8.722970	495.056120	175.838401
339.302031	530.900308	17.536451
172.136697	7.160646	24.115846
301.877400	391.792280	356.311132
181.785711	1137.488613	9.825451
23.971230	1232.439936	420.851244
19.914841	256.014519	35.334541
124.248537	967.327316	256.489378
217.268744	1231.941024	197.656099
260.744327	1860.388838	443.039660
166.966307	696.400443	202.080430
324.273849	1930.588581	474.658785
320.926380	1610.534694	231.040877
285.622255	146.415939	405.675858
279.445641	1859.706461	499.430230
62.791926	1186.239921	467.254316
40.945084	1286.193751	439.693622
170.554116	1194.322763	33.317400
309.443937	1395.663625	455.774638
212.996568	746.842867	25.353533
8.100547	701.653554	168.741379
318.853025	456.710936	392.890370
182.709055	1426.154493	449.256326
228.083705	1626.428261	143.727530
191.700591	1050.263524	372.863381
234.778477	1140.161233	312.522828
75.365605	1414.601069	449.197210
16.536346	802.786951	351.504275
96.597686	545.392413	374.769882
282.268093	172.010160	14.413104
192.771675	401.385703	133.715824
228.994476	1802.764724	40.354119
152.986050	1960.796937	220.477936
288.626515	1526.612782	234.887453
271.761168	259.658988	482.782147
281.586921	1047.954819	77.591843
85.036337	1596.552109	10.843655
250.133391	1717.430294	104.693090
209.884288	1176.251580	401.344384
276.131862	355.707698	86.479290
26.427949	831.708030	340.048548
346.824200	76.413834	229.790966
0.773559	203.541593	121.946856
54.006291	1863.933670	135.407532
269.847359	1536.413345	382.504037
98.733665	1876.630556	79.854612
153.672590	394.819698	153.925789
71.796334	7.815018	463.574709
351.286626	1452.936996	152.995740
186.393967	845.887000	323.228874
312.552022	569.676607	70.399932
326.820933	196.969165	372.159093
227.270225	1876.494979	338.832717
278.915178	633.329167	495.217540
140.894151	193.869972	483.724994
72.642460	1240.690575	140.120321
95.472840	1026.852636	78.903558
340.426280	1198.764148	90.019816
336.461059	1712.937164	384.902747
319.059179	1057.559046	230.934811
98.073346	434.579787	30.082428
167.828952	1407.733018	227.635137
118.946319	1345.222889	28.941698
100.562563	782.942596	289.917619
194.804879	237.443400	451.587465
241.388452	716.377929	461.000849
25.353463	717.868892	261.632404
146.022435	923.774782	238.088800
244.249936	1159.889807	139.100891
285.303917	576.281828	140.816321
354.634879	222.589272	140.869154
43.397432	247.827057	132.838454
221.422778	359.490013	303.252911
308.945717	1965.834827	249.435832
254.083399	499.037169	200.875822
335.965171	1353.997125	92.637627
306.560949	497.586050	369.085801
140.145495	163.779636	393.154136
7.940462	1632.107922	363.248578
209.724521	210.620173	21.202704
286.730930	186.306057	380.451824
323.518997	713.249971	91.667522
324.766803	582.143515	472.011447
320.154197	1653.975528	369.111571
323.608598	769.089610	234.172080
109.981678	960.371442	71.341898
316.069193	1386.099204	181.470236
292.664566	1931.958946	388.827412
262.270110	1931.484575	120.242978
43.428205	1720.999837	303.996548
99.555732	1125.991045	107.907397
201.134396	1110.660626	94.552891
353.403309	1187.863475	91.752198
229.104687	1723.880487	298.710567
143.376276	1134.862665	115.826871
264.086552	914.454260	66.748454
236.888168	1791.181052	398.291678
60.971250	598.661292	312.182993
309.634980	1861.328734	337.674097
236.415524	652.753151	469.805322
256.029128	985.951694	50.183883
255.766857	1954.530998	205.630312
264.977934	1966.943613	231.715362
3.182367	346.130845	461.992506
10.542525	714.756224	465.876508
289.914264	1786.434564	401.990468
332.147476	971.801495	208.794597
127.355394	126.748990	155.005989
277.480041	1460.122942	249.775394
282.010957	363.788920	449.857344
94.244228	721.947208	352.684328
132.367484	67.850629	187.446100
173.177957	145.005315	133.548303
32.335329	948.493218	412.826105
278.880237	164.987500	44.532353
308.537280	1306.434335	266.203924
312.377319	1891.805320	213.845697
261.061804	46.909084	327.692690
333.179189	1329.050331	350.233212
79.579652	1919.145096	338.264303
9.001448	240.202443	138.196568
283.792807	1068.703268	187.266591
326.016556	1786.712612	364.427087
64.164927	1949.294812	72.479400
258.505148	184.537980	338.759814
82.260040	1767.444954	88.633969
130.204702	718.517938	433.864492
151.066471	1759.503872	464.335608
118.291440	1874.881860	367.774289
2.663717	1737.040719	348.314228
285.088780	1459.881179	56.470272
151.827682	1780.114256	46.782147
121.963422	1.615434	202.573599
334.726327	364.792775	482.044048
62.363853	1800.717042	282.940661
140.506369	1552.857606	63.479897
202.304357	1417.580703	169.295837
72.411892	446.753628	428.330667
358.060260	1133.194855	350.824083
359.640005	1607.999375	94.217994
300.443639	124.505992	141.206782
232.472086	129.868925	333.241253
57.370323	746.601557	339.441763
88.343487	143.867433	293.591808
328.392317	29.269769	187.589171
8.168118	1139.371156	11.539673
143.773236	931.079096	58.338490
258.776804	365.171983	362.806304
97.165125	1994.679660	188.810163
353.911185	603.949952	344.627503
266.330124	464.847001	463.371097
203.159100	81.961635	294.682475
344.111875	163.739505	43.171873
267.238929	1362.774957	279.879478
315.969133	1952.844912	384.742540
73.257050	1802.546697	10.431254
115.432798	1772.847612	111.426412
108.291142	1713.460846	280.254383
114.580084	1483.245206	315.046087
201.285572	395.504049	109.285921
340.264562	1825.133565	464.642906
357.035758	1839.664461	355.382316
156.468184	1931.956139	204.015729
169.422481	1055.057379	396.720604
356.246697	1209.894831	164.220522
65.356383	1098.278873	469.114996
73.505764	1408.341073	2.264750
26.104116	926.206735	472.814383
141.002412	1525.145924	231.886907
1.291236	524.087945	96.811080
208.798645	1674.397442	156.995334
218.881979	331.529145	349.596675
194.145174	1712.852917	66.491881
169.751013	1747.432225	321.037186
271.094326	1145.900708	272.635512
170.484112	1715.134126	228.480873
315.140435	1929.584767	259.318810
155.742042	498.200188	22.975809
10.056830	1615.971106	37.721867
201.361505	667.405758	273.002276
143.856353	1172.231449	129.918737
57.399365	1938.590197	427.783160
43.469064	1304.902301	90.651428
250.193778	696.725868	369.803640
84.213991	1999.406572	234.886535
98.911689	212.562437	467.531122
39.782894	464.426329	327.558400
102.134750	470.319436	480.374350
179.550112	1793.935580	130.506611
331.579455	85.228205	316.592363
237.570945	1421.556748	499.187294
7.390098	1833.408500	88.384143
49.021934	358.974165	251.634424
43.943916	1693.244572	287.389929
139.083260	1112.500770	50.204334
226.959473	1863.952126	142.748143
354.565320	230.179971	231.145334
149.108689	1748.313673	140.316656
312.860398	214.494441	253.660287
53.618380	1926.169435	21.368288
61.335648	836.583685	217.723306
355.707279	801.902673	471.394900
224.585428	438.998818	59.519719
220.020784	1878.407015	90.147512
137.491542	196.957226	464.499452
237.322658	673.591362	347.474598
54.765839	1620.452302	22.278872
80.021774	648.776810	135.984157
37.865324	247.841318	166.454500
79.983758	154.224913	333.868811
212.954546	1452.405133	312.868845
155.406599	1099.041849	24.140113
349.521260	1359.309793	429.156780
221.762992	626.577944	281.276797
45.913810	678.701438	341.198797
125.255961	964.507469	192.146572
211.416393	1698.912578	71.666343
204.799143	1074.950225	116.157286
298.427947	519.493128	356.786899
155.665934	299.262874	128.858646
116.708712	367.227640	250.240673
265.408112	1797.207507	352.678428
28.775739	931.264035	243.881555
156.093540	1421.306404	206.436725
59.555545	541.544148	468.903000
350.573011	915.767303	171.155340
50.333880	140.975215	345.470376
99.365318	1338.837464	414.456769
52.812579	275.385930	303.673681
101.976482	812.934828	308.613858
72.554611	127.141935	150.051631
202.232203	804.656400	401.410890
276.476566	1074.320733	250.852926
358.491945	940.441095	421.778602
102.982758	911.249632	100.088471
327.884091	1387.418735	338.015335
179.933941	1451.560577	224.457942
225.541811	448.211569	82.679881
77.085062	412.840778	404.028553
91.575585	592.854717	364.322466
212.806151	1029.027794	230.741553
333.725524	96.407679	346.905831
52.849772	1802.441878	7.813479
278.790179	304.084614	200.200905
4.471168	1582.325663	85.814646
126.123960	928.067523	126.126165
245.178533	104.358504	166.086446
82.023028	1490.757536	189.518210
124.118585	1376.871459	246.372677
354.207187	1270.833349	375.698052
299.385847	1011.584516	187.541547
41.645503	1111.931015	38.693927
310.574826	1846.599916	119.997187
310.190795	664.183443	307.192325
149.802779	1529.789093	68.458823
318.633284	139.165306	323.911236
282.480981	572.042826	117.896955
247.618904	277.121451	70.630876
305.730617	1008.325458	141.388116
95.983596	632.062165	447.657564
281.075393	1504.646779	333.726808
283.553144	1234.752771	264.115351
347.267099	623.075472	74.523780
322.675166	756.661421	236.868723
213.875887	443.756498	221.968126
163.669986	127.553212	335.188365
284.355294	75.183889	331.797422
354.338186	562.769370	63.161314
73.725031	214.257594	117.174340
309.131099	831.259463	29.107318
343.889661	574.084936	4.792198
77.455205	24.865477	179.329302
78.851787	1147.812211	241.427365
24.987570	673.739609	18.973840
2.208234	803.473816	193.049400
255.773355	383.711420	268.009462
100.459475	695.398105	278.867296
19.858706	770.154622	188.942300
348.860945	929.857328	354.189314
108.265086	837.276516	355.114509
107.186909	988.528307	186.747531
269.381437	613.477164	374.591236
148.621788	236.207139	386.602004
343.635486	46.314257	499.225883
112.029671	333.121032	392.038029
334.789766	1599.559999	387.747636
91.412850	150.517835	220.650890
177.763860	1190.511719	106.966571
219.036999	1506.930749	34.128663
198.588569	897.348001	232.115684
43.788056	1022.843247	89.771704
194.552358	1591.256710	228.554405
48.281933	509.222028	488.119163
310.015232	1977.069128	340.959122
263.015057	33.771977	405.144442
211.480129	1615.451480	399.767952
11.925508	1399.953795	4.321713
344.822885	262.587040	300.349261
47.642974	1450.522452	314.609555
207.639904	1513.936537	492.666850
311.489471	450.603864	246.894387
142.948169	1213.681182	437.959670
53.360557	738.254192	348.825692
284.795294	1099.491167	256.005862
90.336999	330.038856	99.703294
246.377245	519.391687	336.761786
292.052010	1295.485887	324.309773
283.349677	1484.668018	433.500707
350.064890	1801.460612	11.091257
357.751127	234.576477	89.429904
124.824134	1153.811841	73.225491
226.061640	1416.461764	371.313190
302.314252	425.435082	339.467059
215.115934	897.328548	90.370571
99.931051	543.100852	180.968781
245.036215	1101.633911	329.937832
318.367777	477.135504	76.472996
176.298482	977.399223	329.171384
196.527612	100.591861	482.407093
227.282599	1923.184236	298.940920
68.525144	1491.473212	233.520548
66.658154	1581.153124	223.053493
343.638601	870.551931	23.619904
303.290541	1338.351161	288.999321
255.472643	49.703732	257.327589
143.650444	1164.985299	198.711254
245.697218	1309.095349	406.011850
52.791193	1573.369151	59.855760
204.713484	780.028055	486.851437
91.713424	189.694801	229.776658
232.414331	1867.903960	100.044097
19.996903	371.487898	442.469568
118.994455	710.690774	338.551013
141.795010	1332.719770	389.360935
288.713752	1828.411612	264.894258
333.684803	657.829367	268.689994
170.753710	266.013598	245.759910
142.846847	1777.186738	309.044436
314.709706	461.698971	182.134884
215.252031	1398.868207	436.091848
24.796899	164.315814	39.622192
65.166882	699.581439	89.086498
149.995661	629.067381	210.584543
23.044470	1326.428239	205.259042
42.806639	436.040701	405.557912
4.061243	1390.224296	83.694440
119.843016	146.174398	62.366980
305.188373	389.454400	379.872451
27.239175	1649.243297	72.411162
156.104080	784.131312	420.715338
334.711606	1204.557830	324.462360
168.681159	1799.904043	435.176919
345.148266	467.455199	19.510769
272.919892	1589.103958	468.272071
231.968672	911.359957	88.508790
31.304394	658.197417	7.822171
26.446934	308.122616	346.203291
44.233532	1124.587062	183.677576
197.899315	1025.115521	170.261027
100.606271	1577.973277	402.505611
343.162146	1552.849986	447.667630
80.441162	261.881140	174.807005
73.685374	263.630759	316.748777
194.179493	668.453689	467.331935
343.938373	920.499015	338.456532
157.562061	301.353438	425.644517
236.735176	64.751000	262.852593
155.211052	405.945203	244.958097
47.508202	835.288892	208.462242
24.559037	783.717226	49.256531
189.370710	1570.725123	84.719453
89.981772	1488.095726	55.624398
349.482224	216.492518	228.954507
224.380894	385.041989	263.177271
135.712178	909.794833	436.606765
3.986798	1622.178378	267.597525
185.586617	1478.572107	220.064121
350.048525	38.710863	480.729889
66.732276	490.055550	350.944832
233.576909	1054.418188	374.254312
280.759362	632.623991	380.919850
324.035667	79.250957	160.718927
171.314051	750.222630	418.062344
322.144584	1499.627706	62.333546
129.345464	1596.697124	134.409737
173.758762	82.531029	208.867239
171.809368	593.357307	371.696178
243.324128	682.027787	111.246139
17.914669	1459.516833	31.744197
58.708118	1328.059376	183.432140
130.396506	714.244665	226.140456
178.851554	333.523195	46.252378
129.274547	996.360904	248.491007
329.395424	1944.065308	426.746144
2.233317	604.176820	115.067105
220.352082	1064.787457	424.354103
198.582557	545.263620	9.662135
111.448277	770.765007	55.966089
43.055335	1619.596802	492.622838
105.487733	180.127194	63.684913
341.398520	1249.524368	398.239425
219.842254	1356.097178	472.433054
69.297862	1344.213314	16.055806
305.229638	1367.545349	162.729727
233.188882	307.383234	122.301563
257.400046	1646.474561	182.211740
78.433544	1423.019273	283.924836
139.436870	428.763035	244.448056
101.286318	1779.939130	369.877475
304.496497	1554.353518	150.793863
87.603858	687.147964	445.564799
279.370614	1256.448610	210.430007
109.317838	44.300975	61.838554
354.939895	1304.872650	254.454625
293.000021	127.574540	322.430175
321.253429	895.175544	230.375644
312.370117	1304.866360	254.603108
186.809109	550.261146	282.552804
300.579215	166.866759	376.138790
288.176670	1056.800179	417.206583
132.819867	922.219270	243.422318
223.047741	1467.612241	318.038838
258.379689	226.080183	384.864247
181.699149	506.041705	110.406296
210.737326	1166.365759	455.999999
254.125788	307.659992	129.378492
179.490889	164.352776	143.331105
268.386643	216.317301	132.826913
183.553047	1681.644877	208.530619
176.936759	195.068989	362.439128
261.533010	897.790579	422.119079
337.684142	1760.650660	497.264588
37.211758	1930.788347	126.214437
347.651965	79.049541	485.406218
103.323975	1046.434204	374.545355
330.260278	1594.413555	148.426026
253.451318	1695.227887	176.736817
134.235646	1562.040821	492.316426
68.601915	1599.463976	135.994774
168.400746	1861.216494	91.215166
256.081539	852.119976	239.084929
10.337442	736.116748	450.076650
342.437545	996.483184	385.450465
136.570935	1313.908790	83.516241
104.605622	709.548787	178.018788
138.964334	1692.451194	54.309529
307.897188	584.917440	448.685462
304.267924	1709.640040	257.626042
213.820182	1077.397454	96.833902
319.162930	1928.477388	38.400069
276.777049	1578.566578	389.926269
300.306284	1041.053084	81.672113
214.342480	1510.885213	112.069287
153.268205	1839.129477	320.703215
299.578520	886.425572	217.667663
306.984879	486.694492	340.252718
205.672099	427.883642	419.067279
2.400482	1381.043518	53.637441
82.948943	1062.797781	46.121347
165.323150	968.488218	498.246564
285.632399	739.270750	320.485106
41.922483	972.174310	375.974783
347.457864	1323.316975	402.297238
178.860742	94.239591	212.456775
46.383334	466.396719	76.974531
293.059711	1280.606316	184.141546
332.024024	1155.763417	97.552405
40.316398	444.384350	438.558364
174.501574	1973.967817	295.178420
245.355644	943.557893	49.864123
56.042288	1418.419258	63.074431
277.350047	1176.986048	374.453762
55.259273	277.508401	349.830445
76.894343	917.027980	195.968807
286.390129	661.847830	421.370877
60.509378	891.720606	301.350602
72.297699	1517.032439	69.031134
15.417239	1979.705383	257.770123
266.499375	775.643349	58.250529
236.186994	1744.478661	455.310179
39.835160	1865.512390	420.372967
36.494123	33.130090	323.300151
1.600018	1725.867669	266.597090
82.890631	1604.451028	471.948768
205.375748	1578.281836	487.838731
226.738224	1436.681949	495.036697
112.120977	113.392065	86.249688
187.595477	1592.091884	411.168295
280.814588	189.513495	168.095912
207.449294	19.191229	199.109869
48.038767	620.170997	300.651782
354.339385	707.202047	319.328089
67.128970	1782.815768	147.758310
291.267505	1393.989945	295.691757
181.238857	1100.442946	150.658265
203.440358	1239.603504	494.049763
234.937201	511.143813	31.525099
38.171240	450.574541	133.123823
321.615366	1764.016342	201.538534
37.856886	149.235663	174.091959
239.340165	1384.183672	8.436954
20.240703	1960.540528	105.151952
277.412009	388.295436	4.562618
238.101202	946.512207	399.351636
12.641492	60.908088	250.818404
200.581762	495.707927	299.468432
190.049250	1110.746272	387.862362
291.966358	1463.137533	493.763679
152.019481	1360.168771	279.758172
74.054643	234.749158	478.472856
351.838813	831.855036	434.379143
272.555343	438.918857	376.319770
81.814594	550.145104	139.078812
146.477584	1458.916226	276.895787
291.175808	885.448062	71.587338
359.117157	236.946021	54.954745
328.732188	1063.284903	469.422285
281.766728	433.057073	18.857508
25.135105	443.143608	131.422150
299.141299	746.635745	427.916391
180.993842	403.844784	103.692737
191.981942	1462.257748	94.702284
320.505485	1186.191834	406.161642
249.860307	1575.817317	373.220437
125.251764	599.207452	78.914266
231.067272	138.605072	330.304800
87.135663	1775.982461	325.675795
100.227958	561.902747	248.168582
248.048739	1312.549123	10.870568
75.475821	1456.540408	325.302286
158.506065	1572.201390	236.622265
181.407954	1815.433724	402.672283
359.858746	1888.111216	376.462385
339.459965	1422.211310	165.794425
188.087021	1545.291268	373.881872
160.063787	490.967549	187.241111
277.266493	618.371575	230.540064
202.192348	878.981938	247.913549
215.073149	1092.165425	481.472887
348.336234	1827.154032	433.940553
115.439050	1130.538129	41.226000
239.810696	385.628302	421.730110
39.881369	609.623904	449.356155
242.661830	962.521740	404.399172
93.574346	304.199306	409.488052
264.374725	1367.689290	180.682391
268.510712	1798.857510	290.727836
253.543715	106.413075	393.771135
4.598257	232.472895	401.161795
168.916461	1988.155134	262.133420
86.632082	1786.098436	177.135738
265.730845	691.285088	383.324057
208.220790	1409.586929	140.263601
51.700509	1370.591556	347.755953
183.759311	1587.503547	359.833057
307.158914	1677.346995	206.070117
161.831934	1422.518173	362.952347
241.020109	388.014613	216.023816
65.739532	268.487556	205.839520
38.706515	1335.269408	161.725083
215.848198	1156.653700	312.005186
242.844771	145.899115	423.086427
78.033614	733.422674	7.658193
155.576420	1686.567663	99.396815
120.571616	1787.038479	282.468056
240.758744	715.487947	447.627430
304.923604	189.035236	445.274609
310.659477	276.610102	342.660121
63.444761	1183.353489	94.720588
317.936969	192.911022	23.004981
157.528652	1902.193849	209.316842
182.162282	971.038362	274.161924
277.426625	198.503529	157.864593
281.101812	135.805507	131.572298
5.400265	1515.001889	338.708262
183.381985	1247.775996	349.295701
213.120286	637.089687	267.244524
147.163711	76.312186	238.944563
296.187461	1006.121806	313.524060
201.915216	991.763581	59.878388
306.191788	1728.413014	282.452087
344.960659	1231.198031	197.577468
257.919073	1980.826659	149.185338
40.584885	473.296738	91.182521
0.705896	1682.939231	105.966716
100.402508	1701.556366	9.329564
252.554680	110.864399	407.282714
97.766265	1382.360848	152.618104
27.410685	849.034783	454.839939
253.075702	1898.038678	89.850111
122.053200	1760.854178	423.763706
345.716750	1083.789913	254.264503
159.122965	1189.306622	415.782557
263.645250	377.881117	359.318886
140.325438	1291.316136	237.952437
334.863404	1382.806528	75.731498
201.893833	464.648549	356.269525
6.979304	335.784764	463.895484
297.326275	1019.598152	385.505949
306.688717	1008.006296	326.199103
175.095712	1932.432890	397.331738
173.559368	390.482721	299.935425
150.418480	1697.852170	202.090247
158.306759	1287.221822	406.534864
352.760677	432.251370	238.898909
57.532743	982.171081	203.978276
100.774325	460.679479	31.910529
343.976430	419.121920	185.043247
299.669031	1613.652805	191.660855
110.440773	1144.382598	134.326366
200.174476	1242.700883	489.514194
36.953979	75.775301	31.650274
157.621130	864.307313	234.357354
204.118191	154.903762	129.423577
161.211844	569.706387	93.786300
231.245787	601.561295	39.016333
138.663608	780.024309	312.158242
214.787129	135.988818	269.793853
333.016253	785.510854	238.742621
281.307356	684.846991	181.044175
56.307041	1145.224361	134.653426
264.696275	600.904350	144.371938
293.771955	1022.655869	388.427863
20.409134	878.103106	41.141998
324.695622	648.937207	382.297698
242.419913	435.455172	15.685076
56.242875	1645.495808	96.914428
126.270558	1815.815420	104.221486
70.512489	1773.114888	50.102365
40.007945	758.532461	362.897535
350.743855	1521.315474	498.986857
41.742310	1113.975300	235.973402
175.922405	1371.610931	312.054642
328.729743	932.309687	450.091923
331.212014	1505.666291	299.599853
265.606312	362.786875	161.395718
104.003561	355.046508	177.505587
225.117290	684.062640	393.109846
327.729850	772.922262	120.043414
1.831939	1259.743560	401.502028
105.526996	1745.842402	473.307231
221.531166	1103.574862	491.025075
274.159679	570.717895	238.573592
45.089025	667.755538	341.546576
185.562574	224.983679	455.686343
298.462686	1365.447104	442.228366
5.759144	1515.754266	286.454376
199.269694	191.485612	174.782120
146.900736	1454.059631	347.489942
356.141054	1739.544464	115.091041
350.399664	1083.195819	420.549746
127.750441	1761.914075	60.416532
193.051991	1342.267147	487.859370
230.720273	1296.206120	111.834289
258.387693	238.235839	93.606596
165.108186	1491.866097	58.196118
338.576584	1812.096099	311.648015
148.325547	663.402073	88.456687
52.482176	758.263294	186.254819
86.423783	1416.890111	466.597818
303.150606	779.237464	344.328528
41.089976	1840.513204	226.711721
59.042850	946.569162	236.486536
355.154049	1053.927149	98.325811
137.037167	1423.388867	99.184173
314.920848	1844.851454	249.123804
12.744979	380.526598	392.560131
312.543828	854.936624	224.130171
226.419971	315.354898	183.051611
203.048344	305.534613	412.549250
252.942224	1084.931112	26.312336
301.307778	678.139679	446.350523
247.018092	78.260579	364.065350
324.543881	102.003801	498.719203
82.441406	499.678179	62.819278
193.311709	13.961332	272.722676
136.095732	581.359663	91.697794
90.020124	1651.295307	254.529840
82.057360	1097.108357	492.528382
194.911168	161.322846	325.850464
312.743646	144.854763	375.516293
203.570026	704.086963	218.757838
122.031707	471.929319	468.881033
194.665120	1457.025496	339.134979
272.551620	1424.429875	246.040028
145.607965	225.522199	480.904395
339.300174	49.070129	58.162061
250.782441	1644.888902	181.364246
349.066194	1049.004374	245.203035
95.849564	1320.167172	358.753827
264.017008	489.083341	298.574985
267.712745	880.639071	61.684075
217.215468	1651.071249	26.772255
142.434455	87.106337	473.772134
312.509180	292.324083	435.019987
306.257733	1724.000797	256.765754
280.295402	1459.647485	310.491033
337.504780	1295.169532	235.948475
82.275993	549.474438	248.863860
169.354833	986.395966	249.948910
300.469519	1436.964160	16.508593
43.195806	1729.619766	237.054816
126.693764	544.531050	161.889615
33.403289	140.776803	75.137545
223.964712	856.324069	272.833070
82.016536	1292.669401	98.105758
65.665598	849.163127	233.059122
276.362519	769.826257	273.432081
23.713704	1168.196397	168.747029
339.201636	732.001374	415.554869
32.169900	820.550298	431.667723
70.001167	1711.958921	490.914055
236.854568	675.423944	3.694366
286.963171	1805.567412	59.489060
254.891481	1888.598795	53.952247
160.072506	1812.935715	219.867831
289.092059	896.071219	378.295961
23.001513	1217.640306	101.691468
153.042505	901.885066	83.011193
117.183292	501.558764	142.207023
146.872230	1590.384966	236.934471
266.357317	622.271637	114.746281
347.177564	1801.392135	345.752323
147.714321	1253.152099	387.039616
91.622149	1081.718971	347.850942
183.960307	1286.347311	328.162906
313.526428	605.624603	191.233029
62.368761	1480.503554	137.132333
98.432480	1862.816036	68.503256
128.828393	998.984794	201.396466
309.234013	356.605421	6.894546
44.696798	1904.446538	389.547657
310.547547	665.126626	379.350313
267.801200	272.078840	105.693276
282.389309	1988.505333	189.322735
350.707158	1732.316842	186.036140
132.386593	1897.068293	479.351467
95.397917	131.760026	471.377797
267.945124	1337.746487	394.546559
171.640092	252.241392	53.537889
213.094477	1210.032585	319.525063
143.161455	1946.133827	354.651607
212.150122	831.985632	101.877692
319.346420	1017.187265	31.593448
39.592407	134.576637	40.906731
338.116815	1490.109257	475.801064
47.040647	87.040721	475.715399
144.819913	0.231435	54.604021
97.916980	105.755925	263.507632
147.592762	667.134841	23.700594
129.884607	968.918430	41.478599
189.536107	207.293573	164.493284
144.634818	826.285980	294.937771
82.935598	1536.144873	496.584581
107.450891	1748.230730	205.622975
68.209073	1892.031445	397.390510
142.735507	1982.112988	163.626301
253.007220	1810.544546	491.306017
122.202098	1525.183176	64.202393
35.498809	1531.006948	166.449430
77.154539	1340.043579	351.593660
238.278102	1641.750578	223.750878
306.109451	459.142278	450.730835
295.472657	1776.413755	302.534198
231.632992	501.259232	107.843245
5.366278	1188.948238	18.461401
203.211617	1770.631064	474.502288
249.212580	1667.753573	183.373171
162.860670	683.725872	242.113922
98.960950	860.252123	75.100210
10.433320	1570.987978	385.438295
170.558762	489.946422	397.293960
161.666640	1218.965976	147.015007
279.499188	1395.200415	479.644705
37.401875	159.000189	124.373529
106.817551	20.964198	492.755963
171.385038	59.900275	464.283757
262.357630	1213.017489	33.686356
38.943221	996.835524	33.383374
311.821174	989.241467	113.001259
290.898067	823.465541	428.265189
219.102695	1059.450479	178.912780
341.716174	930.234259	423.315272
60.571021	513.530172	310.351594
278.839385	908.340735	187.930290
128.267768	483.391345	99.317287
112.679936	1162.521891	484.777140
47.128626	1472.263278	338.893467
356.555458	1987.392524	32.258376
47.571969	1687.877819	188.801229
188.053336	1492.061198	238.599649
341.969136	1500.349691	315.588854
171.274758	343.219519	293.633612
204.440712	672.080503	339.984448
265.936335	522.391306	419.817525
264.579677	1080.290162	173.573079
186.095322	1293.365790	314.386038
319.398856	788.713191	455.609520
196.893440	23.772750	44.657080
103.879863	641.883165	210.601899
284.245373	162.123685	223.699647
125.251349	1552.440685	357.923613
176.636409	816.993766	67.303896
307.951970	457.146760	457.565436
69.200667	599.696276	19.324779
261.837028	1684.518532	199.367085
212.681239	358.026233	400.882082
25.260527	1641.738054	68.690701
224.798002	594.824675	474.084789
195.665670	1410.372855	424.701157
142.567571	1592.502099	168.777294
277.115226	824.226033	160.718163
137.314747	998.675585	82.367553
158.731247	150.688306	408.191129
164.949081	619.049933	329.046951
157.797253	944.415301	434.749237
29.220258	1385.260337	163.060606
82.340910	26.283803	350.253426
109.956927	1927.785127	412.024108
190.118348	1951.714817	10.740555
173.039320	892.709145	77.009036
275.666094	852.940217	421.917135
267.011323	1169.921278	485.843478
291.181986	803.668892	27.090575
348.401513	533.308109	213.447178
300.543343	160.089863	405.686042
318.502056	1330.448570	280.817734
3.836204	1571.505074	238.499057
173.611008	368.016994	77.527423
145.982799	628.893085	301.751269
327.298883	952.079153	88.651538
195.824672	1908.492484	78.757002
322.967949	556.231745	428.779070
61.468468	1402.418265	170.667277
39.551610	1993.270937	377.555424
221.922555	739.067273	461.491773
71.859772	1239.342801	456.339050
312.369930	656.905578	455.728195
344.274772	279.970872	398.170645
3.932249	1632.758972	180.086223
251.239313	222.149414	487.011245
194.379075	1175.150305	121.909128
336.818629	1913.338720	91.778105
306.038443	476.058318	335.601440
238.867656	587.860215	413.342216
1.336493	1782.216478	108.091665
70.583689	1476.933062	169.027972
287.553270	616.461756	487.830438
119.823740	1067.004057	21.928045
313.704568	1990.111194	297.138953
302.927040	892.577774	43.752476
248.677764	678.885382	78.244925
255.350573	1585.839311	347.297161
120.394277	318.313953	41.404431
205.391355	1790.351863	402.797940
1.785646	1758.052238	158.344495
297.335922	486.160548	163.370492
210.069577	1285.715556	222.910158
341.163268	799.448704	118.824627
223.761684	976.327183	404.229046
224.824709	567.189789	258.942565
300.838923	1662.095151	74.579017
335.399435	1848.276438	287.293298
8.773276	1603.495021	289.136404
301.748180	1577.517595	9.455157
50.906229	1014.398875	178.272346
71.012801	1387.661986	404.410956
97.804288	627.684622	90.238242
