152.418390	609.424908	144.885931
124.107497	977.882562	450.951321
37.467396	303.189234	11.525997
92.715480	1420.078927	366.746552
353.258103	1501.746568	255.135382
282.433327	1413.539654	363.340976
310.441660	1852.998792	452.083017
99.069314	1907.259623	158.459592
342.732925	581.702052	176.687413
243.384519	360.922393	299.054186
265.009627	1462.088370	301.113668
59.577694	848.210957	391.993107
204.968927	1811.936017	372.530472
341.189068	607.591803	162.816762
118.681879	1001.970808	195.018667
323.454646	1316.067080	255.971107
171.095035	1687.260046	44.944079
65.785429	541.776263	267.074268
155.026427	676.769383	292.433207
268.764249	1300.850914	7.427470
11.506394	1206.136022	425.052040
356.629625	947.927203	226.675327
330.794252	202.128995	102.824859
143.843593	1328.929904	144.994373
57.805180	1312.176604	291.338717
257.628184	422.233346	67.681322
211.302492	1382.396362	139.633307
111.655742	1947.308074	380.800027
153.365710	1640.668287	85.951880
74.665153	546.670510	70.409001
329.119611	1347.190594	384.014318
252.484113	850.237385	226.457637
23.223717	1015.807468	422.880086
276.068287	1847.635599	337.842609
321.328300	1791.031425	18.697513
318.569735	527.943922	6.227240
75.134923	238.831215	385.635878
200.894606	1825.978376	409.120779
272.861836	1044.291214	313.001802
343.590484	580.869984	200.269452
46.092968	1694.942075	443.865463
83.183177	33.602484	203.115736
196.397249	1709.447488	253.374086
176.788697	318.410208	9.941726
252.678171	783.747741	96.450692
204.821935	706.510046	209.814768
130.299854	1999.553564	312.049098
27.988468	276.541470	484.846942
217.005574	851.104401	125.517685
171.665511	148.819657	290.069201
322.052888	897.258838	430.531975
290.420748	274.491486	4.108450
171.247217	1070.013984	455.116159
199.632242	699.362889	37.712317
86.743085	300.248975	226.382177
55.177692	1000.448031	256.809740
115.185322	222.486350	412.307683
292.582365	1788.050833	253.336700
42.428991	297.408170	213.182315
152.991628	1608.590157	22.915948
136.981697	1248.428867	120.149518
147.658073	612.062020	394.499772
32.158668	992.784353	194.269317
148.753792	1432.341894	136.345400
36.913798	632.767702	186.555719
154.945552	1874.794203	89.567939
150.113730	1797.434095	32.090768
117.079498	149.276388	39.678400
269.409145	214.867855	375.113181
326.831601	1567.069474	127.840520
273.533050	1351.781302	17.218581
340.886121	662.513590	491.350350
13.360525	1022.829528	164.732545
24.458432	808.187056	152.916639
359.127750	1881.639169	230.185848
245.535138	161.919235	189.660498
232.461574	563.559148	265.589325
272.493081	995.424544	64.151937
100.086290	605.556071	484.946761
191.976479	920.342128	495.522126
25.870621	1375.755605	335.722685
37.989122	736.189643	269.953308
220.052941	1720.727940	223.368814
329.189162	127.835980	426.853658
269.061124	1735.833592	49.403494
101.070052	1416.538433	333.339078
199.770181	837.274168	261.145409
220.609700	1129.693604	345.629564
23.236538	1174.567857	386.252636
190.325674	698.295656	233.209670
54.389085	594.759026	124.957851
262.960196	1877.633343	385.089843
337.431874	1762.885240	198.503010
308.325871	1263.863223	248.135426
52.286452	1820.500699	244.940760
312.677709	246.073790	308.157737
1.414237	300.257641	420.918820
290.895059	243.307086	2.001187
109.364156	652.356905	227.814085
288.968376	1022.491021	24.552309
116.288956	1751.124492	357.439118
2.952417	211.167837	310.638765
150.223489	1574.725890	417.951448
354.343286	961.858881	149.610020
170.424631	800.739431	373.914528
252.002839	1737.057853	489.442559
130.248611	356.997856	124.046892
157.886455	1437.263906	279.226252
121.286393	1754.748894	448.440602
124.774998	1011.573255	482.100811
44.365459	1142.698842	210.929964
258.553462	1582.317905	302.265659
286.732817	1931.693979	340.678799
208.527983	1544.347214	361.111163
278.430924	45.102070	297.612947
255.653475	479.243689	44.913202
350.894305	1406.431891	137.382595
4.310267	639.238706	487.032584
42.617686	43.880867	434.106948
85.454045	592.677048	248.621921
297.242057	1364.278425	163.130517
169.912877	471.209898	366.259606
348.045746	1918.197282	97.675424
277.873384	1035.325549	419.902549
46.679576	824.217247	289.207248
225.698417	830.352756	359.532978
147.987728	204.950078	239.892141
122.622719	1719.560382	1.365701
300.677719	413.433752	1.455452
150.498636	283.103949	126.390757
284.486493	667.410567	142.596674
189.764897	726.924616	403.285068
146.544037	1973.405773	317.486192
14.231216	703.264936	21.667227
218.838787	176.172100	401.157224
285.818062	1763.306053	496.247676
233.186456	153.528439	8.304969
217.734959	1536.217771	71.456140
143.128039	179.483809	279.219230
86.673221	968.520928	481.821816
74.136954	1156.512912	376.110041
139.685013	1968.269796	154.528102
317.831057	571.367507	308.812617
280.105815	937.725951	115.730056
84.927243	1544.260437	452.725892
97.204210	683.560841	208.171548
195.608287	28.068421	261.347938
123.720294	1457.966975	146.465852
186.236972	753.261373	0.858914
134.073072	874.624895	177.146756
12.075052	187.927740	114.988035
99.384943	386.537973	444.846060
79.221608	593.006181	435.416166
290.040032	1340.941232	273.640557
165.310035	39.818231	48.202442
272.414808	1689.351473	367.226208
142.494161	606.075315	289.584714
95.456300	1056.698521	424.216530
151.545264	1955.422743	6.254539
234.238780	1609.061634	494.800138
206.348319	1037.492985	279.750909
255.939978	820.895784	411.478921
342.272355	470.428114	420.224422
339.701397	784.605785	285.798711
166.029588	673.648879	478.658168
48.256187	924.431551	79.106309
213.191486	879.767284	461.419879
329.617926	350.258120	18.932198
50.255825	950.483401	141.469118
187.311242	203.862122	469.561300
257.407331	1423.045123	386.067579
202.777207	1137.566238	100.174925
73.412393	1461.946634	220.624697
222.131158	1672.220124	281.739217
22.969271	1989.244342	19.824169
193.020281	169.215441	84.551910
332.227859	5.945521	184.460758
85.919290	853.084574	118.536972
82.971657	1555.409765	388.942339
339.802343	1822.349746	78.663115
34.855759	1758.242154	264.509662
279.297651	730.388229	107.218900
181.753424	1720.126491	100.340405
235.447680	561.050814	300.134518
55.679746	218.053466	152.001009
316.539453	1628.346680	432.990629
264.604091	73.018205	154.241759
104.537180	1397.294706	498.733797
168.215672	1569.721721	154.108758
292.045437	1040.100926	167.755279
13.124295	487.222197	56.257577
321.641910	399.017782	437.375023
215.736064	1096.216195	350.338936
23.869496	1672.340123	12.268143
237.219541	390.190655	499.794480
115.648969	1416.436913	70.241430
194.266549	136.963661	306.943530
145.323786	1187.330937	144.703454
184.323787	569.422149	188.520546
121.726543	537.512121	357.009513
86.717317	1171.387607	447.857515
116.304552	387.146848	405.325734
226.494747	1418.085579	192.841253
25.028732	260.459781	399.785940
172.987738	1712.976573	328.086157
175.234851	942.638404	367.284635
261.993425	1340.175339	369.982299
208.826482	1035.435501	296.381900
285.291540	21.544128	151.505397
337.915803	1066.074156	28.773471
95.323777	337.750666	183.944740
244.733384	1112.710617	207.344805
45.791360	98.974979	303.789976
186.861619	319.661083	93.608166
321.525303	1448.119005	185.175447
236.519350	1776.065265	134.444321
340.705137	1344.385686	114.978874
216.487087	1314.077077	438.881123
111.614983	83.243019	303.316850
87.071478	1949.178371	204.475212
157.620939	1967.458897	225.770940
130.982455	1783.347936	136.914818
210.734994	708.716014	290.599003
31.158778	223.707377	388.233610
267.614393	1103.868012	397.202648
328.180590	313.267630	8.490940
253.110013	1945.077576	70.406117
99.536300	1828.493382	248.558359
177.677429	1185.495155	15.267049
97.437831	933.964273	347.796681
152.953790	34.397118	257.565634
286.737438	1501.127810	419.973038
319.675532	437.868399	408.639946
272.626409	810.092175	416.715478
343.568420	370.381305	336.597382
124.324201	1664.294343	5.596629
350.478375	1271.046827	43.111779
257.603172	1793.248737	81.456405
49.695433	934.471810	305.438356
265.103610	994.198216	295.054695
119.944123	659.981795	100.781738
273.721149	684.246015	393.233879
108.528536	1754.668961	139.822165
156.344197	1440.517152	144.529818
108.946952	330.401435	266.091707
97.932640	1300.216033	276.627712
101.793969	574.768039	66.490219
238.859932	44.431138	41.395309
156.301284	1703.286485	411.340231
288.063061	1688.630110	210.531556
353.782593	1538.507969	200.404792
59.413775	1805.116561	255.275759
68.559473	523.809712	168.247001
337.932644	611.672587	198.719203
250.100802	492.771056	461.448928
36.565202	271.734600	72.466940
325.502795	494.891473	95.807876
319.093022	746.974947	285.613767
27.923880	1079.768041	36.774538
261.401614	692.963349	10.973883
294.434311	581.700874	468.048232
207.999393	1516.939157	425.489400
265.652286	1167.112840	46.777981
92.013132	1947.039769	175.474617
265.850656	1642.575627	95.886597
155.618285	1241.535260	432.596720
189.294772	1729.182499	435.694295
38.605657	1405.906124	296.692624
22.363651	1808.339239	207.264882
249.620469	1733.771289	205.250721
248.747681	789.682757	67.030412
334.778529	370.361196	148.229829
235.862708	970.646969	406.638112
82.843783	189.646639	198.945711
219.348561	48.285003	486.052718
0.471429	487.050601	156.507148
115.545078	69.923702	410.951671
79.103130	1892.998893	242.653611
294.416650	1104.870428	4.493326
0.260442	747.797148	440.243674
337.693013	1428.106893	207.070419
246.022987	783.253072	67.509678
73.110767	1373.804449	297.251758
41.733173	1213.029542	224.004097
127.514819	776.432495	345.802454
27.636401	1286.388707	331.549349
139.295313	1798.980933	144.407094
254.553247	473.022346	108.812114
223.107627	87.889083	286.513261
61.244706	1612.393006	46.336268
52.452349	1619.230585	460.236360
51.318895	539.477198	451.413069
246.360719	1349.951684	344.238634
309.965654	737.341573	32.081397
55.753478	1746.362039	47.246551
100.064660	1349.728834	442.217243
50.606131	452.178609	84.019554
221.366262	881.793843	215.367750
38.069210	881.839850	203.265319
246.195407	773.520678	46.378015
326.746597	1228.183561	87.654490
44.571859	1338.905991	364.240537
231.306036	1136.248954	225.237636
219.368382	1097.780024	178.235597
176.525100	1814.694766	136.282628
358.002590	1021.923742	342.545198
92.377309	625.514438	14.870926
66.001989	1082.703655	77.031099
275.496649	784.498218	94.122422
67.265267	1009.766121	31.784004
265.810063	1816.701613	288.161463
21.242888	1148.309166	404.598860
277.161588	563.084347	268.419105
261.774181	1109.287080	433.274356
352.567607	344.417969	98.668130
140.981048	1419.437360	356.561542
288.277545	1571.156863	54.696994
183.838498	735.246843	306.473708
327.397078	1879.012571	29.037385
332.017359	1451.064670	247.926883
296.613776	252.241541	219.833981
18.065474	496.270329	340.235345
233.715811	1235.149583	77.579790
130.383750	948.423853	246.759807
212.884795	1731.101178	299.133641
311.051426	990.804487	362.039251
21.446776	1157.647023	181.532813
134.656057	1762.575818	188.458286
149.367778	1588.165869	10.029291
269.149163	276.011135	256.542709
242.370020	1221.756855	200.951189
52.950771	403.104155	349.694464
113.796551	1426.547174	40.798780
105.092599	1934.200551	275.937819
142.437556	1785.408571	249.225959
135.357038	1807.289646	164.010240
164.344639	549.903796	291.382427
52.368027	799.306960	97.191740
131.622345	941.959416	239.669235
84.809606	758.894155	226.708264
351.831876	352.595307	35.972678
134.955674	612.504630	371.539160
53.860329	1508.461631	260.355875
28.845478	1717.805325	417.147072
103.600749	600.193329	392.978975
270.959556	1847.352979	200.220652
32.658097	1676.165944	465.749184
175.379455	236.149075	453.423069
310.295428	950.638629	283.572779
160.508136	684.048027	158.046729
86.213515	729.509197	15.029046
100.363806	1241.253121	55.558861
186.594282	1813.271427	261.573690
295.536325	1419.061199	177.015139
278.874960	217.332116	349.409764
235.066034	26.044524	410.763728
263.032722	93.067286	15.726435
118.461747	1606.234987	289.875834
316.752243	311.678690	444.775467
230.679583	1998.781871	265.107207
19.837365	1782.439346	26.280190
55.008445	1754.467385	97.317030
173.119830	221.303160	23.315908
177.172642	1139.085043	224.395369
333.222893	1193.760451	259.463376
17.052370	1763.378662	334.931025
75.246791	353.145236	477.141198
4.720132	1462.099208	174.383826
342.024331	1864.910173	284.055493
286.155845	1046.014814	203.338263
324.623095	957.270113	424.519749
24.848505	1028.286651	12.944840
93.958920	228.882309	410.514395
292.925372	856.813831	340.181038
53.033424	1593.891233	383.602910
249.673131	190.297842	268.346470
197.121737	858.349409	387.336210
180.113852	600.022074	389.003330
262.684737	1776.111329	367.841706
195.834144	394.031423	498.565842
70.241976	676.100344	25.808902
345.330751	867.017861	417.327508
306.397270	1979.784118	212.265053
222.422641	539.654096	402.497254
307.056729	1695.980237	122.338574
246.408895	590.737124	216.697325
49.342554	485.073361	26.942106
334.283780	1398.713440	156.962329
34.401842	498.997837	366.241280
124.759188	376.592579	170.355087
249.044253	1516.889971	19.016653
110.937717	557.743890	102.430349
46.168607	261.448578	92.471639
278.859654	1997.528163	440.359403
41.871228	1300.240951	287.878121
341.950433	94.556862	349.585109
69.878571	1088.944088	397.439483
302.897566	543.466565	361.612226
151.878778	45.059403	84.307575
117.420305	1917.090372	398.024329
29.918230	1855.215286	263.083135
146.298180	1737.767821	117.632148
308.563142	1571.686300	334.747746
276.396401	655.724859	21.169026
236.430839	203.436723	357.503280
185.061648	605.526195	31.759994
189.285420	842.012941	413.885073
310.246370	1159.993170	389.298265
82.139741	1373.966860	488.450657
317.076130	1886.016605	88.569113
60.601025	1622.240809	346.838809
20.228308	585.301315	337.829600
297.722841	1322.109491	293.788457
249.549157	1057.616924	177.089852
18.270000	754.001622	296.335723
32.303671	1791.880066	278.757350
92.599865	1953.840556	390.778537
142.864405	1538.764072	158.041191
33.531051	643.897697	372.565628
271.672000	567.356012	482.194752
31.858214	566.215020	424.959840
225.297303	153.100674	73.639141
343.389104	209.434694	172.704394
78.083473	938.702419	111.631747
342.754494	408.559534	313.492109
127.302921	1384.196211	72.458289
5.669420	149.264748	33.798473
124.044401	1829.183287	327.140585
117.213416	1417.898050	389.744300
85.200671	895.418214	102.987705
227.963009	1215.559619	135.140588
62.782046	80.499424	429.388346
222.281433	1534.196052	130.480379
139.400492	582.560207	494.450689
256.751989	1573.180418	473.210023
300.435788	749.935275	41.721751
16.941063	545.206972	173.474297
58.676143	741.672552	166.186352
266.333734	1248.988485	110.836453
198.411375	1671.842054	219.929370
229.076604	1765.055985	426.586144
286.179379	1230.165316	435.769476
299.103218	495.125393	390.369200
240.037273	1962.710744	368.389644
142.046614	1895.408906	367.095519
189.186931	1017.161193	118.414970
341.705044	1781.976176	493.946467
39.768340	251.412970	112.192638
229.068778	315.174617	28.018669
284.223899	1268.340100	56.176436
251.550175	1281.152811	429.156934
210.794358	916.751804	89.125568
330.944958	496.579407	151.064626
3.576247	1942.137587	345.756750
237.933729	1085.863566	124.898139
208.754016	250.792251	499.369864
79.826699	1548.003555	198.106812
76.581209	859.572545	421.817777
198.876386	583.475605	288.792304
140.848205	271.507304	260.456224
125.435880	689.522017	148.396767
197.874933	1073.856515	465.846952
161.506263	1456.263072	194.539230
176.780072	1029.134342	392.983313
327.838018	260.680484	261.731457
245.038072	596.558018	77.464382
54.904531	232.689298	202.630748
347.637617	1078.758431	274.272994
121.889934	415.728296	234.549234
356.034131	171.213100	51.373014
269.893225	936.679357	438.448688
68.144290	1232.293456	41.348170
343.284283	209.112795	459.202890
100.830423	1193.404258	345.864116
284.358684	608.428824	335.265062
107.405467	273.498315	157.294234
141.557002	497.758708	151.849739
113.769045	1209.859876	13.951265
334.617566	1375.165992	236.896711
298.650619	1739.976579	477.317051
134.930686	1144.408364	211.771179
335.769167	210.764821	310.203862
95.105989	1209.844506	411.659278
286.337425	1523.154781	393.897328
142.381520	1732.515789	321.607748
167.386281	1621.998750	464.740040
53.756800	658.349723	407.522590
205.879445	1664.529086	432.502009
28.379166	1865.235148	432.720962
58.809280	217.584773	489.348288
119.886719	1387.507063	490.289886
6.090543	657.256520	250.942922
59.506075	1154.163350	188.048981
24.523191	1573.064996	454.106543
296.103647	754.438853	328.858655
333.928872	120.867848	321.305180
146.615386	1006.880993	148.421279
209.279439	167.256545	391.580557
84.992245	117.185379	452.446112
73.620383	167.367033	475.058631
22.703524	868.466238	244.604375
186.606232	504.321063	333.301054
179.720215	1009.453260	123.635135
250.910208	1166.184442	160.945094
127.120236	1098.466405	382.886726
308.893939	1431.187234	108.799221
292.191697	620.526783	118.916658
299.074467	760.664609	96.898935
339.782680	1153.686405	141.824267
127.390826	1756.665686	247.220856
196.810254	560.216374	398.418161
130.610950	104.682010	162.776767
12.772579	1248.936419	22.237812
100.164582	1496.474574	461.360871
266.413336	1387.375745	257.359431
215.929145	1564.119482	130.568014
68.450339	594.699120	119.534405
110.061758	1607.822258	372.777888
327.011467	962.224696	125.106127
216.550524	855.021885	342.482667
51.674245	1313.129266	200.814282
358.438106	417.228095	70.904517
270.438290	837.175933	168.036901
290.247267	524.158913	339.325454
186.979502	620.635972	173.311496
144.152388	1668.676773	82.931968
121.445344	1178.361095	290.331865
122.206186	1806.786940	110.253159
101.573877	1224.982363	221.786095
20.179421	1215.289041	147.433506
281.099316	1760.192688	94.724162
232.464775	795.316980	200.036062
134.292064	1012.684113	47.931560
44.803077	129.434429	438.643793
327.827729	146.059453	252.020271
17.797134	979.388189	393.405569
274.042857	666.921550	389.368262
82.331260	1592.070059	433.001101
153.259290	677.321657	427.888567
182.354046	1222.594241	476.780835
99.093848	1712.417714	378.603843
350.357929	1982.300771	427.910257
138.638291	923.652828	125.141409
104.797397	1384.006812	373.141826
77.364579	440.313899	93.741255
257.072303	1767.346558	163.484733
275.985883	612.144015	367.861817
350.324832	1179.654755	219.189119
35.857894	5.585719	242.103150
1.401262	1693.945618	123.399465
152.656206	1073.484989	380.645612
258.216087	345.837750	152.072737
191.128554	1059.784299	264.498525
229.744461	526.875577	203.136580
227.326451	874.779574	212.036337
243.588860	143.592516	192.271994
60.401313	1327.184720	428.746033
322.220063	905.213310	249.289240
274.620138	1234.784029	388.955763
30.116701	73.765619	391.573666
69.419997	872.655124	228.945435
53.453541	884.984904	362.677902
205.944478	710.974717	96.096428
151.464314	1846.364498	171.260288
128.736211	389.418698	219.108620
305.203016	913.187839	77.224517
152.642161	1803.965368	151.298499
209.969799	35.668339	147.103619
201.704785	448.338230	430.059052
196.404556	958.476844	224.306927
4.248155	37.082685	275.355000
193.584668	2.649162	170.978405
353.808450	1956.199491	448.055753
3.936889	196.010022	433.136667
101.752695	931.966009	289.055372
244.508832	926.568895	341.379975
137.154563	1663.112627	164.243085
289.565541	1749.116465	30.694794
151.400079	153.727816	344.861934
71.359016	1250.997464	136.898034
68.096233	1425.297531	394.816806
30.872302	759.075064	12.416085
13.655094	1777.824315	386.456636
236.271296	1237.439500	142.911860
199.020438	1814.989873	490.361628
122.553864	1461.378146	335.434371
262.031493	937.669627	446.008906
124.485619	697.792319	112.961539
22.143533	152.655266	303.047262
189.191161	74.363307	27.550918
275.586085	106.404788	45.474423
323.060213	381.544978	201.364804
299.623614	1380.430152	426.869841
309.740430	1987.405760	277.943249
258.818151	379.133414	257.871893
306.275553	1011.824462	37.360979
93.230101	1081.641322	72.881214
87.958548	1625.252259	490.382940
217.933562	1337.810519	483.596984
317.118545	358.064808	301.084682
266.247274	1114.571926	185.306792
285.556752	1574.071389	194.041389
70.101161	919.085080	214.411871
121.180328	156.044191	40.819833
112.678943	173.089951	466.408788
333.546636	835.344923	36.664947
9.268245	1183.378446	436.314653
193.018586	725.213598	128.206024
140.805506	1207.865173	381.855114
340.764292	1164.000177	34.309402
311.975772	1733.745935	217.454260
15.740943	1743.522324	298.618141
288.068731	1802.278567	215.698815
207.635609	449.843343	147.593048
310.704655	1569.084391	72.341301
141.427024	520.260370	94.102870
40.642632	869.242762	421.293583
258.983269	1164.743731	178.168035
138.161859	1525.291912	75.162351
210.482574	1932.053266	1.683569
222.701993	32.634179	324.912659
342.140603	1027.905836	415.690301
136.025974	1497.666783	38.363675
13.403965	1095.671198	332.722440
298.321234	1786.449110	368.378780
150.548806	1173.923112	32.004858
171.450322	1987.778060	227.044955
18.808188	514.564188	406.757434
294.132489	1744.636084	334.370436
348.534413	1214.338478	497.801096
317.965007	460.858628	138.126480
234.530740	1819.684061	62.188038
231.119060	1495.939370	74.775652
169.766894	818.459113	414.551215
345.315613	1287.413792	147.392084
353.001764	1222.284311	83.321956
304.614900	1071.533522	232.186892
157.627659	695.714554	314.508853
35.102407	375.157445	81.619302
195.172745	1325.924611	450.892236
204.540126	1045.653381	8.682705
146.364046	551.742209	32.664884
135.561211	1027.573805	54.398384
103.198829	507.067317	128.611559
56.124203	1872.471549	425.207789
196.079799	1298.282581	498.870139
271.969126	273.082548	55.727151
4.878201	1534.375119	397.053711
89.718038	745.480464	326.609302
232.895994	1711.593056	271.235798
78.117623	780.870149	456.015782
102.427426	1105.408718	465.681308
82.381179	1999.258308	240.472958
347.961146	1726.377726	233.567983
19.549434	1034.161192	414.005671
130.450385	250.466226	275.036990
49.378843	277.272401	289.702658
129.941657	826.296363	12.699385
234.847360	740.917382	96.744812
150.312730	216.420497	256.720919
242.153722	1802.221710	16.054320
44.310555	72.537372	175.200087
173.668340	803.532413	117.333259
245.382436	1061.475049	462.935885
160.515766	1361.870438	142.100475
17.719198	878.049723	48.103275
346.121876	1415.194652	243.863586
72.931249	1738.548581	64.908338
3.738129	1273.031126	428.604306
165.732274	1849.634257	141.582711
331.406666	1451.846318	384.272579
28.558460	427.799528	79.990470
83.881868	1367.519891	343.297017
254.450853	1118.781549	112.080495
13.503164	377.368827	300.694476
11.317244	1432.672731	343.877699
218.224742	930.357771	184.413040
139.637818	802.906600	499.520091
37.730052	699.147030	164.699114
58.996473	464.603049	294.108922
156.135311	96.592199	206.629251
31.226031	1999.795110	439.376681
159.131271	1857.975510	279.446434
236.806389	322.067550	53.596875
131.299089	1946.470118	255.597961
138.552336	806.080840	245.603049
153.174728	1066.947437	249.994205
277.465937	1064.423081	234.148519
184.401471	1044.791186	72.462544
164.573129	1449.858433	0.205037
78.293802	1609.261027	441.145463
178.556398	1867.028372	315.642869
213.062319	1960.223436	469.291070
6.691127	1932.116280	451.447875
2.578904	992.404950	99.633678
172.870014	1494.232379	414.923318
178.672762	265.137845	330.947849
342.464433	1408.167013	416.239009
161.575675	603.392036	456.226239
302.398487	606.206780	212.711141
