79.124412	1893.142488	262.776819
132.175227	1169.074542	346.906386
318.160839	1853.043564	485.668448
8.796291	1017.133020	484.987824
272.128275	618.130985	163.371443
66.120808	245.102782	181.368292
36.562456	1171.000614	320.194027
7.519781	494.374623	449.835834
338.294892	975.994066	222.745992
74.184173	1983.424678	62.413236
111.172583	969.457241	497.807722
306.288602	957.514592	477.217431
271.253524	1156.092274	281.562997
56.600665	384.303178	367.217473
166.272084	1396.255018	104.548158
355.159120	1812.434062	279.083357
314.145759	952.135732	280.132380
41.593760	537.034565	65.007765
28.515427	827.198147	274.681651
62.141579	60.762896	223.964210
265.425965	666.843525	34.176704
70.968295	939.455042	397.383625
35.913939	355.777114	284.776832
298.100804	444.252353	100.877930
87.851605	237.588306	288.877681
180.812008	1982.743414	468.676482
128.112977	229.743610	448.898538
74.727304	772.898192	214.909493
202.896184	738.151109	454.018606
170.972897	1423.900844	32.915117
314.340248	521.758607	129.967006
185.594967	636.503218	33.129684
130.397439	435.413135	246.169951
4.054533	883.335305	104.130147
7.042197	1473.833054	285.407039
258.747843	1894.170803	59.073444
79.390095	924.400430	34.617604
296.632076	1217.392073	176.643655
255.599860	1636.109987	45.642372
346.392013	1628.952453	11.493416
267.017529	255.313508	142.957065
305.114644	857.927099	410.687921
134.517477	1805.722369	32.390726
227.921517	977.870655	268.962528
117.739568	152.467053	457.017760
40.125115	1825.152408	66.280869
263.629606	87.727272	397.269223
215.439312	310.166733	441.088392
354.822443	1767.651117	106.647250
75.443370	459.493583	202.954088
255.757215	1401.234131	1.313274
310.541620	1106.280285	343.447660
308.660241	1677.229080	298.893211
248.883337	1737.067483	46.620556
59.333171	1528.819302	254.202757
275.047828	1845.027767	346.128456
155.959006	243.305735	367.638658
231.480438	1960.901397	363.465675
150.560506	607.286511	473.508267
333.395016	1522.512008	168.992197
31.313286	1849.618071	214.357810
279.396986	1821.667214	458.689827
134.655374	675.582845	342.269651
15.681242	937.411857	207.790827
113.563511	236.215222	216.821517
59.641554	1914.322052	74.571557
171.686880	873.137488	415.318790
335.385497	944.914010	17.874300
128.874908	1903.838937	443.842465
196.036687	114.516674	246.256136
264.967959	195.376564	425.946718
30.488346	1597.261614	484.409036
197.523133	320.258637	445.852984
255.044904	1919.790835	378.559960
123.465435	1220.947204	368.015905
8.572373	1094.733568	109.722166
40.475034	1048.130761	350.693068
172.604579	1159.166957	315.007265
225.033823	828.085733	425.365216
148.393513	1228.639814	454.276008
256.435148	1101.349860	377.346445
58.744841	1256.636043	53.140124
185.025373	98.473692	90.829741
271.429922	319.306445	2.651820
183.268807	812.881421	59.771065
262.280140	1586.703242	341.350519
57.934294	182.334080	286.819919
48.747085	1826.304973	392.186144
5.142030	1347.691929	454.272613
61.100804	707.624627	311.655401
234.524633	750.779365	89.185054
191.364492	1702.931847	211.475976
248.115330	257.949737	314.346881
267.814565	779.322999	195.884504
48.637912	558.656458	172.275098
308.399321	1988.989427	322.336283
231.504820	1271.882337	272.105589
99.898158	1226.622400	93.273763
81.728141	525.761324	253.606013
302.498644	54.501511	88.552157
16.838140	288.866721	292.801974
142.952078	1752.802693	195.531645
166.378468	1205.759265	361.712981
110.451391	1078.394007	84.484058
187.810679	403.378992	252.331975
223.919960	1854.666532	330.551849
16.699134	613.400650	245.690841
319.718174	1521.237411	374.662113
45.616509	1020.814774	74.389674
58.114688	1905.563370	429.207721
225.385568	1584.424204	471.668735
324.402490	1341.508514	58.451529
194.957253	344.481683	239.709051
224.634438	1414.044692	383.508993
7.357041	1846.049090	415.187108
355.731765	1557.273214	296.052652
338.828863	811.247138	497.740315
351.641723	1081.561302	426.983612
60.460993	1791.433865	61.937144
336.999544	1834.158348	50.410532
83.692988	854.969821	32.681781
213.935492	522.019117	56.229624
97.508970	1464.727527	2.156307
340.420975	587.114319	37.857819
237.949979	346.319619	95.288049
228.645519	1134.394751	182.303974
142.444362	912.306175	294.899359
279.232097	426.566542	267.785208
21.857350	1253.895464	294.570939
115.990048	1262.830964	67.797688
317.179061	740.294871	221.317578
246.633614	270.641017	407.159133
285.074804	1324.849317	319.481216
116.599587	469.494899	303.368939
290.223793	594.769585	109.828594
357.584263	392.831363	58.680211
281.494122	856.334390	20.085855
163.952506	992.429065	126.579201
120.127903	1152.558999	356.465009
357.674408	525.085962	145.038004
188.095570	1572.957464	144.466131
12.910650	1727.389788	35.118313
43.159579	1761.400544	209.735407
60.576146	1103.670558	314.625808
74.927131	1273.895562	349.063085
172.465022	286.895506	229.430568
159.215563	1733.631190	106.636820
4.204369	1478.045572	28.430151
251.523107	249.308761	294.930688
80.034081	689.525460	51.002363
345.067142	1715.016281	360.552137
32.520840	803.164301	384.665224
243.843636	1102.166021	58.475691
323.921552	409.792428	406.267746
75.093529	1710.807441	355.732160
261.995289	1188.831692	357.706018
312.713831	1744.057348	356.121894
35.487889	446.190071	363.166574
261.344059	1737.285365	15.772630
154.483621	196.723808	111.041803
306.190784	996.810189	332.286942
43.725303	835.262301	432.093598
236.060993	646.430146	88.119765
176.681394	885.608401	239.170523
334.922500	1830.063539	201.419621
65.021449	904.806855	123.181417
191.860356	345.185833	141.497759
169.161562	18.207166	323.509667
219.378174	55.019800	97.763649
60.459245	288.297867	6.081006
282.458917	759.098315	273.563201
359.926727	1156.176391	207.383667
259.238955	1803.361165	389.623476
81.207479	939.828262	45.004479
7.757785	1976.820561	102.711283
206.486686	332.007277	26.600473
184.493539	1484.847880	317.243566
322.631553	1787.741258	232.405480
144.224035	549.966932	318.936357
15.485688	1783.875556	93.577223
151.798245	1577.364843	43.900070
165.648291	1645.350954	460.348242
179.835919	488.190154	165.518124
29.884314	1804.431501	432.755406
272.406360	1382.437899	25.205650
260.764422	1944.117740	36.139359
34.640754	1020.887286	393.625133
145.067642	395.409769	481.853153
129.933185	921.747338	270.801777
109.978902	1663.824184	19.890193
275.528712	935.210261	359.059837
43.771641	108.934007	271.028674
175.974944	754.653332	29.606773
263.180402	288.358895	323.080537
346.931062	1758.176437	269.323761
359.869932	758.482111	121.935690
232.314852	900.949342	199.278917
54.600184	23.572127	248.134476
221.162109	1013.005896	106.583550
347.849912	1734.569057	243.138463
82.894807	1489.315394	125.334133
68.786494	41.046928	12.487200
338.718888	1376.355335	170.200283
263.573263	593.377225	316.098380
41.750609	1145.822004	178.270241
89.037631	1661.746966	215.096344
113.682592	623.448572	139.484821
289.946529	1397.367916	46.583250
226.057175	1736.749657	393.459290
110.777522	486.691136	394.105330
315.442206	1751.291200	14.065203
261.903942	1697.758214	408.959091
348.685121	1371.021111	289.468372
9.465436	694.449643	119.612885
45.103827	1326.158312	404.974252
263.967495	831.981950	130.090151
264.218533	182.881239	26.825757
139.656914	1182.559089	406.316841
341.929378	1292.515107	429.769323
74.116289	1372.828096	218.127611
102.882150	1982.759068	52.950125
95.061968	303.632338	209.208611
232.489397	287.600168	58.589458
119.321896	2.321803	383.607178
340.639576	535.330188	103.608370
69.175548	721.225858	46.898553
286.413656	298.179518	227.817819
297.344232	1608.739478	46.236361
158.438901	666.917597	252.074796
79.863386	399.740678	152.221695
243.158400	1745.876793	352.954026
121.704071	1816.950572	417.353135
50.632543	1620.351495	271.112793
135.234653	605.267595	193.118858
260.892423	660.938413	174.393237
36.858160	1170.944738	259.794175
326.147225	1597.609361	43.667289
227.187502	1384.172509	173.880605
18.897447	1451.489898	405.701544
5.927594	1401.032691	310.828022
32.475956	539.959845	244.668976
178.185157	1398.433658	184.508068
345.813976	125.509396	449.272668
87.718208	496.060125	299.875863
215.160089	196.491356	173.471732
202.506814	1895.198566	367.407569
322.830601	1416.932220	67.619537
257.772953	1667.957772	12.062459
54.848239	294.912808	63.960954
151.026646	1729.986925	475.448601
206.046068	1365.948301	181.450827
159.093187	1862.057936	251.308736
19.384092	573.637669	410.607891
298.466332	330.326439	450.065765
250.682975	4.192708	262.850506
2.560544	543.929765	394.554308
42.548145	1043.345882	451.537182
220.270070	1672.004213	373.813053
35.998709	56.237181	345.032203
106.648446	1567.249086	0.525464
121.323327	240.944218	446.511075
283.794727	129.807649	380.838344
344.463844	490.109731	240.308750
21.674584	1859.285306	330.621935
128.576933	1003.061381	474.459097
174.870841	304.267635	22.421436
196.946287	918.110859	75.908382
274.824910	374.579530	365.042247
63.834638	1462.341894	479.899574
231.606481	191.181948	399.032059
321.701925	1666.020503	286.244392
198.164066	950.224032	292.587804
284.966117	435.815237	181.031762
71.914591	1013.209236	219.998026
139.235636	1961.256803	65.768341
25.983778	1817.148893	433.210179
309.808463	1484.736371	129.091855
62.552253	1130.088644	470.335452
209.560919	111.580207	496.629313
183.490807	816.836486	207.107624
200.368858	277.142082	138.241461
318.796461	219.837779	489.326875
292.829096	807.026673	256.986569
218.867301	895.128175	401.872474
121.190453	41.592600	80.756402
359.851488	1288.595250	141.130639
36.185315	1150.412348	129.994934
71.175217	1222.653377	384.984200
302.782871	452.603744	484.119803
233.955167	1406.189082	89.290882
170.954814	698.203976	169.497736
271.086971	1752.754934	449.302702
41.116814	518.245564	197.894601
162.034258	1209.434334	204.224049
259.994765	1681.920785	279.102157
324.477141	1222.013871	325.475649
179.711736	916.750979	91.941293
292.874138	995.172307	240.452946
30.809569	1370.171937	28.536226
222.041892	439.911586	67.529574
201.425054	1037.638959	480.001244
274.381792	1822.731174	76.188653
172.899608	1762.277562	257.472620
73.172868	1805.277538	393.532481
301.010091	748.592695	487.971646
180.671499	1289.815277	374.791416
56.339909	194.062485	261.336266
317.837042	529.618792	481.179571
126.863932	1744.146785	444.602656
123.629699	1535.753556	159.865489
178.661500	379.205646	176.728848
79.875426	273.712400	220.903867
83.562718	1523.479738	230.256782
26.488236	1599.791373	178.773666
152.913897	111.543800	55.651098
151.296365	119.350520	146.726241
175.294215	1930.826177	133.405541
64.551681	636.786625	253.668829
88.243931	366.082168	298.211547
228.709089	1808.513538	103.589677
138.958204	152.459436	242.515548
351.721652	791.356199	397.385965
93.396923	1404.828633	266.915436
238.347027	723.316816	133.742555
84.493807	49.675930	394.348826
8.499223	1267.240536	360.438829
307.410262	1842.759772	281.801065
158.754601	1181.675190	264.182277
335.235196	1200.427002	245.337421
171.769258	607.107279	440.597191
266.266427	125.598148	87.683492
147.709384	1590.965568	150.392404
280.598006	1612.281248	390.735081
144.731528	315.468259	451.690297
82.348890	1947.957864	35.986638
279.739074	779.626887	302.982514
107.110356	1738.277331	294.838477
27.329363	884.281600	255.881306
266.231495	1718.825715	136.670950
278.547035	199.354010	15.389445
184.321847	1907.995685	234.995482
224.104415	395.931526	33.949107
213.975807	1646.681547	287.639050
343.594936	242.999694	154.554317
52.531823	1221.743037	169.500209
290.865884	675.633746	189.020126
182.025647	1600.516825	448.366283
327.912866	940.645062	169.592875
191.164389	603.500296	448.755065
32.219046	539.945602	86.635515
119.272805	1107.040970	198.406361
210.248639	1291.123992	358.322611
326.691798	736.336176	82.056195
28.935210	619.555201	68.656259
347.207465	917.464653	77.955128
58.125136	749.952768	70.626231
333.785165	863.568025	262.129563
3.744331	601.643775	407.436714
130.052076	1470.186569	24.472680
257.846645	225.959307	346.968028
49.407553	787.974899	57.508177
236.892290	1488.568054	8.324398
28.791032	496.159099	498.727524
286.665532	1934.921259	147.711727
228.155765	1377.155049	298.554142
138.334368	1325.745612	269.784204
247.250326	1335.187263	11.689963
33.122170	757.513717	108.680147
9.948873	448.118104	183.544525
171.709274	1406.104685	314.091418
77.767434	1062.424137	61.554235
149.807263	252.920329	450.392311
3.255232	1906.580531	422.523036
30.066477	1840.358303	165.604356
165.046306	1879.248811	131.447113
25.151707	1074.661092	421.384871
327.762544	1011.611633	421.594423
255.089395	773.175694	269.164269
53.314519	1409.936852	478.349417
106.883131	1763.639915	121.458911
4.095266	11.383298	455.035240
304.873055	343.585267	182.698539
98.065775	371.433391	386.079750
259.484380	537.343583	124.317855
78.892190	1126.005645	88.703663
225.480313	609.355188	49.323702
37.851289	1145.644137	350.588308
180.137870	859.025179	366.096031
202.987123	1387.920604	322.815138
184.403942	1787.272897	161.415446
309.322615	1793.689830	424.814164
25.137495	1720.628405	468.599002
259.973369	1022.815866	498.766244
218.681264	299.075301	109.852012
318.992000	1890.789875	76.834001
274.532590	1622.486017	221.715130
129.231680	395.421612	230.022350
327.636724	887.731197	417.121342
211.967641	492.275488	344.445999
325.693653	79.587781	178.952027
3.458375	1244.693566	259.336706
313.798918	1968.186090	487.856680
226.578376	264.757918	473.716193
292.440884	492.297716	5.525127
347.311698	903.450159	420.534508
195.517782	1078.441523	1.342202
213.522346	70.382626	281.725722
267.254668	420.128676	347.415114
331.156210	1476.865998	67.182144
342.308370	492.905855	337.357727
154.843500	1725.154632	340.260167
32.829298	1259.351834	213.740102
246.493279	475.808783	315.078163
234.825088	1555.381807	309.726207
173.801964	23.848519	212.412689
319.162311	1115.415477	265.248427
109.986197	781.759217	324.413492
258.810837	229.931276	199.674875
245.018251	1119.796015	262.904056
174.284985	521.223130	133.102059
328.730569	1121.501195	154.584076
21.675381	350.363603	207.971248
62.771440	1675.456817	435.267075
313.164203	1102.950105	460.262982
222.849096	1974.195976	376.482902
294.677273	401.356418	379.676173
301.152168	1806.963623	19.564397
23.486355	287.922805	441.098106
194.846957	696.854152	109.473381
10.364322	562.713486	94.500228
309.978533	972.479736	52.524291
338.174352	1789.044124	1.330718
225.938367	408.886380	405.524500
144.631519	1365.929031	303.679971
183.435722	479.026146	275.892602
26.664178	1634.327729	280.161923
11.698925	1477.710068	184.784044
255.285801	182.436375	311.002288
68.816995	633.766483	353.331651
130.773724	1912.326088	313.076769
27.482583	954.713415	199.734467
265.788630	604.438655	390.590100
209.381898	1286.199139	34.281009
161.008495	1557.006869	296.800598
43.672238	1552.061945	489.695474
282.781106	112.798903	198.383916
304.074048	680.632115	356.438493
279.272825	260.572133	365.195564
50.580372	897.868920	222.708226
221.492994	1507.196714	9.486829
350.628676	222.723846	300.672186
270.748331	823.143892	299.614156
99.269138	365.446505	309.033370
19.869340	1595.363977	428.010661
183.294526	1098.596495	136.224778
171.650975	1902.231960	361.742608
188.985931	810.399095	264.428488
128.402117	501.277699	351.226871
246.269561	193.097866	260.379349
246.744137	1327.086071	281.195609
161.560740	422.153853	6.181053
70.750289	1166.350018	349.315241
175.521068	1797.429411	349.281336
259.981390	1059.746313	104.717018
330.695746	706.518744	279.708225
55.792555	1672.352959	135.321426
210.496867	893.245137	242.374815
37.036457	231.056337	153.607134
35.741522	1680.079553	326.804078
235.366157	1484.855790	64.906736
109.863437	272.425021	425.444691
17.398066	55.853451	281.495583
325.579741	200.223329	323.918133
39.038832	91.301215	334.468924
302.245415	740.205787	73.480191
256.511287	0.200080	172.343045
142.217600	1272.878889	231.557911
198.245558	1080.723032	495.637566
20.439405	1472.970628	226.387919
25.894935	272.123025	151.396898
254.874617	1412.600769	485.702205
345.633528	727.086268	151.205740
139.899647	1604.890505	157.319328
309.409489	309.940412	465.660226
241.769385	1.443562	190.308181
170.989696	381.307360	81.568103
270.224919	1407.937930	87.244996
271.938092	1542.164117	368.473109
268.526911	693.652580	427.566807
139.271302	685.508240	43.297881
158.784409	1382.903511	332.606014
317.602834	1532.894333	142.720679
309.732453	1863.998171	240.921751
118.858839	1826.396510	423.710895
310.930366	1946.341878	128.242004
146.568693	365.377268	191.367363
199.220890	1463.571065	375.800555
51.126459	1543.337609	351.248198
204.283699	645.653840	210.470504
136.548715	356.937585	84.186977
100.645531	1279.959371	46.296607
211.510278	1375.487954	15.397513
87.996286	1512.485889	217.964671
47.826358	592.159428	128.967506
302.126587	365.645025	393.397398
73.214707	1252.924591	163.237255
44.924264	1867.261246	45.817454
165.734983	1745.710968	412.213477
257.256078	300.980023	483.895427
117.971477	359.449447	185.579594
19.738315	45.379844	166.252462
119.253920	1720.612328	57.160897
99.321768	433.363108	217.430941
182.406505	1484.594520	343.702987
144.348647	534.324653	383.983825
21.375922	1327.578176	378.596663
229.952757	1386.541289	394.263534
312.738434	388.309044	68.061522
194.626418	1778.146934	90.518180
331.605933	1906.459634	64.011740
239.481890	1007.605927	206.791524
116.438408	859.373114	354.120317
207.930508	1740.328021	492.576806
230.621563	1865.774431	111.596178
332.779721	1340.594744	402.237013
22.310915	762.891674	457.486552
295.071735	938.666117	143.616406
282.860657	1826.724050	412.196200
40.258038	635.141778	66.009219
358.634916	1571.724082	62.877725
351.334168	978.394808	137.558443
240.636348	782.323044	65.918505
101.355740	1532.148732	339.873506
339.272298	161.782859	334.219196
226.972435	1034.796867	84.563002
286.744961	1906.630760	307.568225
217.483311	1442.832770	152.149872
49.516864	518.055557	129.573421
34.468636	1850.539740	167.261538
352.497603	1675.672520	279.709398
249.237747	1828.951544	412.192703
153.307759	1703.646144	37.938532
75.669634	1614.087471	280.371625
99.625215	1568.885653	145.436279
108.562111	997.821865	348.933829
306.229351	258.632749	196.924020
338.077484	1032.078663	272.348905
333.846582	807.287296	293.357720
201.794710	1896.529003	137.397722
136.518815	1417.494985	494.159173
87.181025	1604.223599	331.892104
115.183931	1917.293205	89.187859
9.938579	388.387039	491.560771
223.796644	1735.752981	248.752765
278.889523	836.610160	360.167333
158.947323	1151.011937	222.473866
17.507454	167.771897	198.446389
250.767844	1862.409883	308.043207
288.508786	1313.908989	461.142487
213.159748	1551.689679	227.152922
253.016339	1322.736251	159.481380
167.297802	1091.326119	252.356367
65.830153	593.878121	329.117036
264.542019	1626.279941	174.973849
337.488078	1659.981394	215.380465
214.697440	1555.213197	187.882140
238.230127	1555.277653	372.176525
247.414138	1922.500329	100.193061
343.391250	1447.531995	82.876356
35.177807	121.079759	130.470367
33.790776	14.315070	436.264598
281.938742	78.198421	208.303326
81.026568	976.200371	120.024913
49.155088	139.736669	140.243003
207.900759	1543.569473	392.849446
112.998351	84.667948	138.434858
218.881093	345.683605	217.258360
141.707923	64.713332	1.795375
322.379776	1479.400873	180.535897
317.021658	402.362177	469.560343
309.696129	471.421079	336.875527
13.910718	716.846874	367.726980
187.717210	1616.866819	0.112154
214.880117	6.549728	461.572775
278.137103	1734.541909	155.380370
66.928960	1305.492278	72.943582
311.689097	1427.601730	204.500830
183.100122	409.593514	324.146236
30.806977	1565.145553	7.921380
349.632639	519.401298	103.076175
30.136449	1958.928175	126.838110
166.635959	76.670448	26.199876
186.947025	160.484283	382.828453
98.706449	510.176573	193.988617
149.384927	399.967810	339.542187
128.696765	1957.998698	277.287488
262.612211	58.766999	222.582304
194.240422	815.051499	176.495282
107.877989	1471.936688	63.810988
113.603944	1424.503294	385.363586
204.391970	1056.171488	491.040988
27.094755	992.357683	435.350405
236.141018	958.190410	129.645871
190.061045	1540.423323	202.121801
106.699185	1947.728303	277.459627
32.231594	1264.736359	382.623087
271.787057	419.750833	467.579154
262.277345	305.373224	400.568600
102.056847	1121.577549	316.712264
64.567146	1665.374211	339.320037
159.526324	1751.887971	475.724525
42.558311	1173.476269	413.297786
107.041519	499.084672	80.475476
247.860486	245.534110	455.539484
351.217905	352.493429	120.043621
221.120604	685.722369	60.050389
336.499507	1954.421311	14.356504
3.912696	1107.500693	262.985514
258.383886	1921.018008	462.679974
299.026445	420.783759	405.223054
312.855804	1303.270218	272.470804
213.831088	132.808241	208.521961
225.044222	1467.237353	83.998588
53.670771	1627.065805	202.847268
68.452894	1139.432389	425.701567
297.198116	1954.663013	297.536989
266.405603	1028.939822	458.483326
139.124363	1907.892206	49.938602
1.907745	1331.258715	144.960762
117.517804	874.499452	157.883537
124.684597	1181.207313	6.194136
79.254922	334.664426	425.647400
265.517302	313.310974	2.184483
272.646974	902.866854	93.461879
345.824406	808.122912	277.493562
164.748848	623.784399	352.429860
3.023115	1549.160196	282.050830
150.677238	1187.343097	56.541357
258.938655	1711.576479	154.153839
97.026658	1083.796740	487.228620
297.441657	411.966456	210.329178
37.459806	1397.617859	407.465860
72.407125	15.938862	166.977807
161.720393	410.683263	220.318329
226.263608	1566.255862	396.909661
139.069002	1392.408761	268.100451
33.646725	949.845769	113.128369
341.464688	908.141147	414.450041
35.306874	1317.195391	204.493975
26.821995	577.472035	43.051747
255.232646	815.052154	226.213917
16.977581	1438.619036	173.120839
188.780100	613.188966	310.715323
70.905728	253.418880	92.888464
293.778890	185.270977	102.844936
71.624182	712.217864	174.256714
105.027563	162.054606	104.273307
119.593619	878.629365	243.854339
167.919014	1857.634189	239.763900
303.511920	90.614261	429.434962
86.615853	140.620990	398.995996
3.115757	1729.932352	426.215733
259.899022	1161.331794	70.150098
41.873984	344.962862	52.647990
127.575106	1402.620652	99.817212
74.861375	254.285960	209.394061
124.858312	1172.197429	346.725226
335.087462	496.355290	169.643211
194.666749	1222.168834	299.045593
239.150054	1976.553683	14.428853
109.737576	1138.757969	386.665407
57.615615	430.462049	34.477325
118.802496	1911.470753	474.310928
333.061471	1829.246400	294.035884
213.718287	584.306933	378.371267
40.467971	747.682868	105.249679
229.232756	1657.769420	66.664067
232.628501	1872.100062	450.373916
208.164019	368.905458	285.752039
285.482690	879.516065	223.166545
171.707299	1080.594779	153.409537
131.476954	345.463689	207.761674
257.182872	1451.899558	388.513068
31.778735	1349.872568	253.127715
97.589822	632.088667	280.272189
219.725255	1257.264714	153.394659
233.132222	1250.579596	90.099671
286.428453	739.787954	333.606069
91.195008	1225.577837	433.024682
310.307295	1355.167576	147.064972
331.934941	115.694739	446.801226
14.974664	414.827710	70.874365
117.685397	1117.903266	298.218594
80.960592	221.682723	341.986346
18.219431	340.149125	1.661004
114.358204	155.411763	113.451628
128.970052	645.887298	206.968879
159.078355	1874.277175	180.865044
88.331264	108.383059	63.323944
278.209761	1811.762133	443.998681
338.710524	602.684161	387.425075
311.792669	522.377592	435.624470
95.235613	1199.965069	126.941127
291.863641	446.061609	406.389832
245.989859	508.679142	447.391074
147.621017	149.548200	477.010875
39.492170	521.869646	83.475540
195.665853	173.755143	173.156950
139.335541	1453.019406	426.741354
133.773293	1402.689419	130.814317
295.681028	1406.762705	321.633791
312.922740	1772.744740	266.089310
148.747059	1458.426967	194.862334
70.496702	266.622806	285.792339
154.608042	1260.721975	110.665794
56.511576	1252.588580	14.888963
229.091047	292.448845	107.570406
164.394972	1774.226965	212.519266
208.265137	103.234672	198.412119
79.281195	524.399224	376.611532
66.204360	1098.153855	269.402679
56.020306	868.963204	105.740981
28.794204	1347.786044	491.539087
37.791964	1323.308220	306.126536
250.950987	9.976361	377.899264
44.886015	1209.595951	121.691535
289.579780	900.847096	130.443089
241.575768	224.163435	149.888103
221.922184	1467.013258	322.315893
10.335105	1157.576533	57.879191
254.392351	1767.124923	203.415289
153.008868	864.244701	91.660627
344.979412	1126.212487	421.022027
141.882692	613.826863	140.329094
48.072670	1496.865495	458.381533
292.612329	869.514515	107.165489
298.549494	340.656541	203.237001
321.891346	1836.331028	136.664827
23.911739	851.000611	238.712439
101.423048	1987.602375	414.554366
323.039210	168.161016	393.495799
359.986229	1905.512408	210.589897
26.814489	337.859860	153.311683
247.325000	374.782919	76.323069
38.992947	1753.035733	285.367845
19.949871	935.015922	145.180811
282.741866	890.109397	295.842244
18.697469	1781.931647	352.609234
116.214858	1820.851592	200.565224
121.760992	958.778229	244.455307
301.769200	855.181098	247.402579
67.054117	305.183201	342.818487
342.661544	252.045141	151.910518
289.152489	249.224251	363.791872
99.722573	332.494426	55.610693
194.591031	234.688615	132.462975
211.211242	668.435779	127.732000
239.622302	610.008568	369.605007
2.850092	965.424166	439.936000
270.477693	415.999786	393.333918
14.408310	744.034324	117.010951
117.261158	780.923763	175.987905
28.366098	804.224943	295.128871
171.863011	223.134959	8.321177
212.285687	248.067426	22.532529
183.844452	1692.779666	226.403941
29.038092	1205.950228	219.018390
306.580105	1750.638740	264.929604
327.394595	1043.577853	31.160033
238.454529	210.866299	143.977233
35.042808	1228.788753	494.318360
336.664347	1354.261655	403.391317
289.080157	938.879708	438.972676
348.197608	1855.132407	271.579983
242.391386	1108.932746	218.680965
303.722607	1125.313817	32.719472
5.894921	1058.227965	1.562335
119.163484	1992.612988	105.383877
211.122844	0.280683	172.447568
133.883093	1346.226961	471.578872
202.255708	392.034535	5.022284
336.905080	643.553415	42.130897
280.489579	1048.457925	289.918403
257.341048	93.499572	439.228190
126.193502	1038.562156	446.655379
236.253051	478.186360	179.538688
123.517714	502.099588	360.750759
327.880390	714.451164	112.055896
196.788389	338.434503	315.998975
165.846119	197.982475	69.051027
249.232142	522.922159	179.800608
341.701723	1653.460118	43.585213
356.264264	1722.351532	221.673822
357.005648	1224.180814	162.447468
47.051256	837.342799	232.839727
188.857511	1217.923712	153.338358
205.577485	1132.673803	388.775010
43.894246	1644.182308	462.880140
23.007260	597.925299	396.628878
330.282533	862.102129	256.860341
209.434910	1376.832996	114.481738
317.084598	176.556729	465.995332
170.552428	1681.505826	496.074686
329.941137	465.532949	410.979923
219.938703	935.568865	128.905148
290.098756	1855.253879	109.382710
198.190775	774.539735	229.934828
1.602353	572.008341	29.313662
299.306441	884.370883	46.096181
11.732264	688.747232	407.620264
146.253160	1182.636704	241.044779
202.375689	484.800892	462.193785
206.983362	904.724057	235.900545
110.231229	967.648205	470.729038
64.224032	850.230918	9.950945
295.613864	184.660450	171.498354
333.070242	1036.737503	244.889942
320.327289	1875.504759	374.869784
252.070046	1203.135581	386.191894
116.398016	458.251144	196.186125
27.878710	648.969791	178.556358
314.107210	1428.314440	139.485418
75.123044	1973.941443	368.109562
204.058878	1489.710965	16.265610
45.552410	733.908001	65.201148
23.785182	209.023805	347.922488
234.669004	1751.104355	434.960010
243.884799	856.111767	407.331935
232.778453	404.850688	56.991784
214.932174	1846.167369	275.754137
108.610159	860.672937	364.753520
228.103612	946.607200	414.384292
222.781333	225.557097	368.906255
274.967429	1607.705240	245.971278
358.911893	1167.957609	466.629903
359.365825	805.806537	234.646611
240.412146	813.410122	328.845963
351.040791	184.140010	470.208047
2.494848	30.918972	402.343206
206.888844	1389.026565	97.950042
91.423095	30.712596	375.633221
89.401849	1802.514801	284.741689
12.360307	658.150698	324.190168
2.568681	353.143383	488.301096
47.690918	1894.025025	147.875441
302.242860	642.969085	111.300670
347.781050	359.714865	403.079309
63.239887	272.919362	459.506032
271.316687	697.746917	450.880676
119.208519	1247.566138	202.206044
337.869178	1328.965338	157.078163
259.814497	185.625735	367.810213
167.649597	177.836268	221.128367
221.367341	1261.943411	132.941890
255.161696	1468.711760	235.772426
334.007265	1093.518470	449.773666
90.198591	198.506847	210.592789
180.243973	1918.258238	414.979642
141.246531	678.552652	384.276240
105.192943	1499.821585	53.738763
269.316766	8.092130	155.423520
34.484229	1772.614245	374.409919
68.698193	1125.254229	454.075399
301.749503	1209.606947	430.427967
28.890328	470.245213	376.628808
83.618216	1322.373165	389.553313
328.935723	1342.501202	22.384718
328.689767	39.863726	66.390386
196.613477	1611.847067	6.097032
256.352076	558.469574	224.470329
261.252949	1335.581080	497.286682
73.993398	1601.443777	399.482397
325.785599	390.798788	105.216339
79.707957	1482.466295	279.321966
86.942682	1881.319879	261.934232
234.320706	526.717840	28.393538
155.849701	564.064478	462.876763
69.020870	459.740887	483.397223
301.355424	635.479538	224.513558
267.752126	331.940301	220.831546
156.582045	1616.546954	359.284089
226.450495	738.283882	142.534521
246.502921	45.371749	424.733348
134.791168	779.189049	336.454757
125.001107	1516.510895	311.633332
313.212735	97.227753	343.736513
224.345204	1027.944071	352.956350
229.114545	868.325944	447.449442
185.055975	1361.908974	90.812839
132.712546	744.631904	111.197221
50.975847	118.483542	410.565026
328.749635	895.416876	346.960093
277.784780	30.218755	485.836821
166.510361	1419.642974	225.772352
301.191006	953.573569	350.217268
62.582382	1082.780358	357.393612
131.555309	309.414441	342.862538
286.073989	917.697593	432.705139
1.210565	560.457571	477.019555
276.067348	498.056490	157.240962
301.678579	1641.135629	206.595930
242.853954	584.526735	314.846054
195.265013	1810.705806	270.572827
206.189055	1648.026027	135.317150
26.760635	283.693588	377.912406
84.928984	1802.562689	52.767418
347.220973	208.158305	300.358915
307.272281	130.490112	47.255904
78.613059	206.721682	57.677265
31.047259	412.262367	458.834902
58.724741	502.559112	384.935888
213.966947	1337.177218	43.444086
31.086672	1517.770916	395.562153
57.362821	209.596535	20.338190
338.847561	1197.382231	347.355965
283.168538	527.982769	458.773784
273.939656	1581.269043	224.273378
146.718280	1847.833191	371.101459
334.084511	99.984899	217.784375
225.804622	1752.220568	77.809301
230.052418	238.913165	95.888544
13.365651	1163.776098	446.548586
78.441546	956.007533	235.914434
265.940625	1683.830337	352.169630
127.372144	1172.777747	11.611457
3.890460	1074.369319	82.551390
36.682683	1340.162969	293.688652
160.597871	1618.865971	210.778104
253.343027	1847.178001	474.957247
308.169797	292.515114	106.507625
116.513608	124.634215	290.468208
249.015850	1170.500252	205.483441
246.078836	1095.173266	287.295645
296.537266	1457.624669	71.142359
240.399690	288.027500	229.416318
109.882349	1601.915045	445.374198
328.098008	1252.481728	247.489056
157.319009	914.025946	195.196322
283.244527	100.969590	38.756204
343.919262	892.010257	141.371154
89.205949	1673.126401	135.736317
322.468325	622.978143	178.791313
276.796745	795.570490	124.735762
305.083911	1138.792638	362.843010
335.107373	1262.558724	406.025192
188.122410	1586.176231	302.123278
340.916893	1195.310106	340.764542
341.668401	1485.111100	298.720948
170.599317	606.927340	342.461820
308.774059	1324.103697	382.740889
167.089464	1399.106385	96.748916
15.147995	1338.984915	336.583806
174.782920	1250.104530	39.529261
70.838746	1288.728655	115.278170
345.228930	1185.194480	6.594003
144.321928	1605.027824	165.859898
311.733378	1010.162898	408.686447
0.742034	1334.519195	215.620996
37.526397	467.528691	453.135343
30.262759	271.596083	429.397388
198.055371	1138.788579	130.824537
275.152935	23.637647	195.745503
233.144548	1513.828661	355.002917
185.960964	614.921432	469.903379
208.822227	999.017296	464.855246
241.403818	664.085768	38.139937
209.720422	1635.696130	479.900855
241.510733	410.322616	156.607428
92.976288	1510.360334	370.189898
53.257756	29.283707	33.476468
3.702322	1122.422733	118.155997
305.947292	367.276931	233.896493
222.125624	646.673770	464.921877
25.442053	481.627783	265.241514
230.411768	628.970311	424.554164
246.182030	251.199469	416.177032
268.907015	1927.304750	464.325886
85.375516	252.641575	421.035062
317.621804	343.268076	5.480156
147.353008	553.920362	386.691956
99.111053	794.429974	472.560271
347.388522	1165.960347	298.343456
31.760131	1328.469101	299.111456
237.958142	821.451124	440.983110
109.066709	1210.265815	331.087942
118.223978	927.313416	286.841155
281.319465	1212.293061	55.042544
206.177404	845.951723	101.798624
264.409976	1404.601834	486.035216
119.262682	886.575107	402.202737
185.975005	1645.659847	468.752416
134.409011	926.647278	102.643176
355.957050	1293.646058	379.473743
258.219543	696.425272	44.818978
148.453168	463.141256	197.974215
340.453236	575.995021	16.161447
288.824272	1031.685208	226.139937
354.520446	862.995691	19.428576
213.982735	174.171466	173.521008
159.072166	1539.726282	343.118457
