12.176467	1521.086745	490.663183
303.046305	135.651289	269.097102
153.193109	1676.296346	392.760543
347.363066	1742.870446	160.502731
336.607251	403.005332	449.549496
16.713369	1110.299149	498.072294
169.005490	924.590832	262.007252
7.954197	1291.220461	73.973601
164.625533	1526.179297	24.365088
184.387175	1325.638897	441.062804
245.849436	1329.466618	111.387085
28.441413	1194.166596	432.966564
78.106714	1818.019539	321.876255
238.140718	891.106138	416.725671
177.786987	294.410230	27.506753
315.876364	1710.024851	295.008171
0.807786	821.951012	251.161259
12.732604	268.959502	78.997629
287.057160	1729.790299	326.194380
23.165246	28.398587	98.660006
0.897401	1025.014073	385.597518
356.137924	1393.289230	45.510020
136.126224	1680.379841	50.704519
355.923302	444.770871	335.082515
151.129445	1282.364172	237.342112
282.535010	833.536738	210.784356
205.251991	1774.721776	258.530848
115.104936	385.541526	253.542106
237.399326	147.740136	302.983266
354.825962	778.732791	456.000498
199.544723	1855.557489	239.487738
341.562750	1517.917507	270.125026
179.014163	653.139403	227.543914
35.187083	469.597909	402.091651
94.053694	764.200950	256.204185
54.172145	315.574039	335.621508
87.026182	1452.948808	385.157528
225.892571	1453.564138	293.339366
14.875443	697.563799	56.471398
82.651317	736.893757	171.947893
167.890665	258.064606	330.094762
149.183633	113.762739	347.231223
160.198697	434.727144	482.320176
158.152574	1815.055698	11.508666
13.798908	1644.751615	85.990074
94.473379	686.280722	163.245331
344.957313	187.397558	235.392390
203.710332	1165.864212	147.843727
350.132461	1962.271612	384.802617
207.404491	946.620553	214.451576
210.402423	1013.995731	171.631031
11.023887	1118.807100	266.126158
7.941201	1226.631361	53.831863
139.036083	183.835926	180.575763
250.931377	636.687184	230.214477
27.255691	811.035023	83.868731
197.786773	1694.145302	65.753655
173.967085	1847.468857	160.407700
162.354587	502.254395	317.983116
108.580204	1957.735291	157.310251
62.242506	1933.925272	471.610247
97.336663	900.688079	372.977477
357.374329	779.666833	73.564817
42.305629	177.274063	1.472741
273.649085	1537.039276	90.480010
211.639207	1713.770727	407.102436
132.084729	1601.091970	485.865556
68.838594	887.113016	357.509580
52.983940	1178.558696	453.688588
40.521741	1508.228440	153.431419
283.231503	282.118232	396.095678
350.463902	1548.118574	284.702002
340.843685	57.929022	70.551782
23.737196	1974.940245	379.184136
54.354508	546.015505	193.708277
352.728067	1418.897613	366.803583
335.140388	1491.462620	234.881624
203.247332	555.239818	286.457513
34.427207	680.257662	79.302809
48.642741	1746.367959	123.135809
234.370605	846.450833	182.362310
248.509796	971.094255	88.378473
110.655430	954.969810	61.087888
266.768885	748.152876	405.818112
328.389811	1426.227467	375.441368
348.657209	1652.308533	421.451901
157.043035	1423.500772	205.806952
357.393516	670.441246	247.786285
191.294379	935.528768	467.292684
350.136879	335.217815	255.867928
237.457677	1217.081753	342.591646
211.385801	684.281089	179.839302
316.400767	1884.575594	11.394827
55.512561	1258.899642	23.872036
355.546544	1302.718615	70.337841
263.820325	537.985399	292.833086
93.008800	44.977786	194.636522
265.676336	1753.510635	235.142971
90.837778	703.454396	227.003650
212.549849	931.900133	62.155661
289.712865	228.565004	275.711347
216.038651	1578.489146	111.797588
0.276369	1912.443470	75.041536
25.704320	631.280417	111.500727
259.465177	202.236196	413.878771
26.235438	1692.646783	460.022545
345.969757	1317.016723	422.178457
106.137074	1838.864181	220.786763
193.791138	1355.306770	288.584632
75.120301	195.837661	286.970986
123.669562	1.763034	285.110200
15.421501	1565.375123	59.765797
226.445946	38.913811	107.406343
206.372637	1176.628676	156.210400
330.079512	577.619768	341.296416
248.421958	106.193672	75.558057
68.496117	107.748761	212.845564
111.669796	565.667881	469.531597
200.074291	315.988444	334.119876
72.768291	85.527493	179.582733
188.352216	883.390562	74.613318
227.927781	630.391503	146.803298
268.525202	580.894509	390.610424
112.701346	270.535338	0.023317
339.312392	512.022099	181.636478
283.428207	1858.581576	283.363883
161.618294	94.396083	274.047469
244.772938	1427.604657	262.537425
340.182865	954.638959	34.705603
76.266424	997.683787	200.589157
131.966818	1543.392648	252.297521
92.283866	35.614747	227.111614
233.463056	1652.531483	47.869086
298.570209	945.054416	194.089809
310.292914	382.795719	161.360455
156.911486	20.496778	58.729740
55.287985	142.071263	126.965842
141.748317	726.323138	410.404790
155.393688	1211.456317	37.618439
250.155801	1188.879124	7.439727
57.835582	1016.219489	448.727969
270.788672	973.327699	186.530439
64.215643	213.950980	72.535843
53.078053	259.584612	80.619493
261.384120	902.715176	413.193044
235.738174	1797.391993	493.367355
74.093491	963.648014	372.083920
73.351066	520.080648	325.099183
279.224867	1983.945577	478.192445
56.587136	434.629949	288.090921
249.000672	962.801137	100.180065
310.741710	953.393750	495.716070
133.553614	1962.073160	356.711044
80.142970	837.010040	73.016457
25.898567	756.729355	81.126907
268.455748	751.699330	114.522054
346.437899	1849.265191	96.206508
169.232804	1701.028690	421.593283
321.863291	1437.219319	256.509213
175.278307	425.332369	264.384459
253.831204	946.167944	445.699926
160.131813	1097.616872	144.846542
123.403448	384.775429	120.960950
322.164513	1425.844608	182.978951
349.710173	373.857497	330.299338
156.051851	751.145490	151.126553
196.068727	1815.326454	62.345810
133.386728	485.614888	438.542483
321.936132	1793.810452	71.154545
235.410343	1456.936976	398.687347
101.198017	1181.627931	449.625831
261.212640	933.715323	381.125933
85.227347	1565.358499	223.905191
148.714399	1102.523983	334.922178
126.529248	552.786087	469.973865
186.513912	1848.879180	354.921865
285.208937	320.639510	144.939118
318.015063	670.094968	329.597362
341.321422	542.181264	231.038498
192.089651	1919.786405	478.164242
49.427220	885.150782	63.786219
115.535523	71.220039	270.159338
131.266601	602.209384	139.213700
62.349471	1674.867889	64.871683
214.561752	1114.708428	283.975940
193.344501	1628.805157	24.698575
92.451547	76.405778	23.004489
124.949737	1798.260389	107.722295
75.442924	424.858245	65.312127
97.485890	1076.697561	341.382014
246.508803	1636.662645	266.949820
345.131847	830.448430	322.094720
161.537974	990.617587	68.851089
81.449251	533.210711	257.296194
250.450061	436.272570	492.409278
122.146860	956.237704	400.579484
319.813634	876.768690	343.122689
17.986004	1738.305855	355.964905
188.304642	1121.919380	60.931730
28.055261	1560.409983	312.944254
224.304858	1532.879619	403.425164
261.324739	100.724254	474.241313
316.583767	1393.989638	0.170042
78.064413	390.956509	244.562801
220.753178	912.517602	378.798301
302.603693	1543.063294	439.817141
143.492252	702.754943	485.688634
76.113199	1012.235739	282.571277
243.931403	1423.978206	247.120137
232.250876	725.686102	186.428707
307.500723	1843.152664	350.497865
276.829932	1478.136063	439.276501
347.502214	1073.254596	83.197140
343.246175	997.832464	246.232262
354.340369	496.559642	419.474767
221.414076	1935.086875	364.503132
325.888426	1022.916270	129.633232
296.563745	808.331759	373.242739
234.656775	1579.800612	259.112940
222.694802	1309.985317	9.008012
323.007955	1129.067471	59.354735
223.340918	1444.984595	327.306581
51.913315	1396.931495	388.074188
219.109467	64.634973	90.435931
48.631580	149.447535	243.018044
276.558173	133.724549	286.654747
309.307470	406.466679	351.913012
57.810026	457.453919	341.574551
310.480202	845.526110	185.163629
247.264162	847.124191	355.914622
335.029463	1702.846429	462.673656
276.939722	1849.811669	226.176305
356.029403	372.434393	143.008897
91.568833	891.021790	36.191123
86.186382	1455.331605	418.233034
190.394565	440.871780	25.631229
8.778214	1314.526706	298.751540
84.775074	647.676709	272.651639
237.615447	686.702850	453.297834
65.447077	427.362147	322.314869
84.287905	999.056875	14.547454
234.611695	1307.084751	364.939905
293.255819	161.026254	176.333096
72.396833	1170.944205	389.903714
35.715497	998.971719	424.705584
122.701454	1449.112860	374.332356
293.245813	957.757963	335.518283
60.957127	199.388101	95.093123
232.591404	1228.516980	186.860527
110.924013	44.615323	400.501110
4.825321	1044.338545	34.240317
98.611776	959.792714	419.044242
334.279948	938.145547	12.951720
294.494386	1289.758846	192.658412
348.551422	319.217138	332.913579
294.337212	1312.977395	21.691043
323.114541	505.422818	369.008402
240.361028	840.375945	242.406430
23.655534	1773.918010	208.746986
277.682466	205.371127	413.042715
80.655223	1503.650418	428.519088
315.241515	1479.076071	245.043564
49.763551	336.023583	88.604429
141.991741	1286.436014	84.747663
7.070108	514.296100	104.879130
232.672409	1332.063461	5.255070
295.351433	1387.848132	207.611326
40.285243	1410.918672	313.879858
145.731726	1683.178122	425.528353
233.911028	39.610241	300.591617
54.100002	1510.876774	447.981742
292.463344	700.441950	339.412318
287.146883	510.585289	444.730597
98.583411	165.883891	61.805324
181.969244	176.964696	73.625542
197.720591	1145.766092	294.693888
189.206177	1292.850699	40.865261
33.129811	529.759825	435.232661
21.578210	1303.919927	90.709307
125.186578	1175.364824	365.857971
274.960436	1967.496438	319.671514
138.754402	1551.981313	407.679839
148.000399	1311.300194	428.420431
139.536044	1054.184502	349.833227
106.856553	897.891578	32.362774
175.038645	1734.716904	222.527400
205.189331	1507.471593	377.575314
291.226151	1893.378536	319.762777
234.858619	1171.464990	50.628065
9.752906	1390.058490	411.210672
280.310077	1604.848577	323.961984
310.314987	1736.628143	302.247619
104.591041	988.844720	180.942137
11.866248	11.074758	285.637274
317.336041	726.002630	294.796196
344.898200	1124.504316	108.206247
210.579563	1917.424781	425.261297
229.183226	1420.086231	411.481310
334.694340	527.982190	170.848319
226.394359	1104.179592	70.451009
127.820444	1543.049200	209.620841
17.111139	618.717540	4.665870
276.700688	600.824119	191.369146
176.195859	1079.581144	22.624276
110.364313	238.807375	168.680860
337.427396	1965.631887	182.414484
232.135326	693.380237	353.805515
75.150382	1262.083612	226.729039
144.229489	1273.816541	295.715545
345.104386	889.921263	304.102578
68.409588	881.730113	355.048468
139.905915	1409.863967	58.148601
302.256882	1562.008387	285.993967
314.852560	592.490453	454.432350
259.549102	1334.708891	311.891404
192.808446	1229.987044	110.146650
241.611630	1769.978354	497.293199
217.663389	1087.915702	409.055226
43.242052	1880.342324	307.995789
357.138218	1349.097196	353.723919
309.394493	674.653189	158.879183
202.298961	931.822215	216.259094
218.238443	344.338398	379.837247
150.686088	513.706272	379.621051
89.395327	786.524856	213.185126
231.887061	1547.631519	193.311094
143.740605	1186.490353	150.092852
186.643718	556.296497	465.045963
202.435629	1986.261785	22.213108
215.642386	838.489022	481.833930
216.958913	1454.059686	13.402692
93.136323	421.185975	269.045911
289.154285	225.919375	86.507819
330.947670	1859.884352	471.274965
224.279281	1397.553906	153.534672
86.443297	1864.689612	420.090695
10.237707	1734.108394	200.427061
18.591355	836.454049	383.969991
259.247292	233.896870	204.257339
229.357307	139.789560	431.553939
171.685385	1336.234888	106.945221
145.992406	631.015383	327.395881
255.327492	1936.050073	371.033134
347.918586	1395.131368	418.259675
287.471695	32.528226	285.079310
92.801592	425.224432	195.628096
85.838530	323.939750	57.468002
195.572530	1871.603782	18.261190
86.703393	498.821630	120.847269
341.152258	185.575749	356.410217
7.238262	1133.324457	12.932611
110.776004	1892.487583	328.077335
79.074771	1191.299941	96.894732
266.915907	179.614145	352.181156
326.571896	1955.759793	54.405676
306.828750	1732.597309	395.348901
176.067265	1791.625516	140.749037
79.965750	73.760407	48.610882
169.599121	283.474877	357.000377
142.837341	1254.232679	366.877884
183.082365	1196.930225	215.735685
204.951533	287.933681	249.309735
274.577658	1438.440470	424.142601
123.795330	180.457175	259.121667
129.575858	1039.476685	35.737971
4.084862	289.850003	99.362169
161.407454	1448.558203	492.642212
339.116244	395.846302	328.717689
30.918755	988.314603	391.269586
355.263897	509.663696	37.235697
52.626138	648.773658	153.349024
75.121440	1045.929646	173.842416
308.399132	35.580510	406.782420
309.874488	513.758103	258.134566
55.117450	845.653993	68.936143
302.213589	1501.686314	50.310418
259.137604	72.313895	476.838660
251.206463	1187.137813	361.229320
42.007765	500.793872	135.077370
212.162540	1821.607883	299.393679
132.306742	1841.154096	276.228028
32.726773	40.899714	172.483273
149.980908	702.505292	114.230189
293.065936	1909.781831	377.728884
37.504217	1191.843657	183.542277
195.844523	871.498982	183.695745
305.101691	1628.722775	145.951210
135.574407	1388.763843	298.216187
191.827090	500.904779	88.871460
311.275502	220.714676	126.245928
262.613540	392.729542	470.249769
95.476500	157.002438	321.217465
148.384187	565.525756	203.320691
7.322315	276.965019	39.869274
148.081258	1912.225961	92.837149
272.455403	1759.879029	98.736597
135.185046	1304.143288	365.164577
193.140395	226.295348	416.599086
140.374568	1931.428665	468.149791
286.630493	840.599079	231.940954
224.111495	912.115794	273.232297
66.629387	1132.015126	479.569041
124.911100	1497.521697	108.811242
358.776616	1508.479710	274.873154
331.088584	1850.543048	18.406495
93.675455	643.401924	423.558631
258.211691	1343.878550	34.737588
31.490996	1924.830430	295.158163
175.682663	657.713094	334.803782
212.030651	1274.356562	79.531099
138.492376	1673.298268	51.833627
179.002943	1964.199758	96.356751
9.736864	1957.052384	63.228719
209.434920	483.325266	377.974497
112.249405	935.164799	414.673936
137.454997	430.053807	164.770155
138.764259	1953.654176	325.830183
192.585268	487.893730	423.661724
52.007346	1124.129317	18.611187
236.785796	1716.433345	294.442405
142.149406	132.442830	431.440750
172.481911	1931.107388	187.214166
354.277250	12.990032	11.112870
253.911464	294.338987	190.188348
254.549227	690.259212	181.588048
111.314863	433.582090	73.454684
144.910634	173.216884	494.685734
118.654559	912.854507	301.905529
161.778070	1151.377186	455.064968
86.396127	1007.092982	324.212285
202.051284	1155.024656	418.758248
113.323355	33.041219	170.314618
227.891640	959.227362	452.383082
343.342868	1748.329642	224.602927
271.337182	721.483238	179.183014
34.916890	781.375916	231.638353
117.727380	1653.976506	118.950396
51.035311	799.595584	405.218013
0.163036	1914.844645	326.354281
19.624994	1243.139940	154.206445
158.546248	1703.116426	453.281194
348.449603	1036.866582	356.932271
184.724863	1883.409988	249.602154
162.946992	50.587059	491.212793
185.958256	194.913765	285.223910
139.082496	1412.169189	94.406151
304.244475	29.937196	30.978834
219.899548	1004.679665	226.282287
133.621392	1231.327995	102.180912
353.491358	1661.026633	7.095077
94.892805	1814.000268	290.836101
211.790328	1400.974203	245.740538
296.076030	120.443904	155.983911
159.607016	1014.127210	193.134038
16.589566	898.851191	270.610838
266.963987	1541.556585	490.892364
68.535928	1684.438558	105.033463
171.269953	1262.758714	350.262258
336.930263	1241.988893	378.965456
175.637999	1174.135447	493.371018
307.374208	1322.650867	134.340508
164.971517	667.851408	431.799913
290.064372	1812.581677	248.541586
290.826712	1511.996072	14.760012
75.613014	1254.230098	451.053748
162.904084	431.924845	123.066997
341.530873	181.532608	434.047025
322.163858	1567.476527	398.725419
117.042060	110.911791	476.024954
285.401148	580.626076	317.454895
191.083302	1841.537956	213.530521
304.999746	840.906913	7.775336
137.164568	1612.960054	119.141887
64.317623	1292.720360	217.984368
342.729843	1309.455701	60.032404
182.819339	1079.708929	467.670894
175.525978	1226.168166	41.404325
20.005664	1355.268745	196.290639
214.842304	426.139535	85.629257
142.681724	1561.100059	189.820572
133.617375	151.300746	172.508205
65.305084	556.011959	38.675817
303.394051	1058.640242	40.237590
353.374257	1205.390839	369.689516
166.410199	1010.285219	254.462939
286.494322	1060.589960	202.978099
280.368849	491.096102	100.344032
80.737160	1397.220480	210.276073
260.395163	1959.223928	477.361515
59.632378	234.168643	293.873024
120.990566	246.759618	401.739175
273.922773	1948.553294	67.298809
313.389033	175.538549	53.567668
230.105076	1905.253721	71.053659
92.599726	1549.439021	221.383895
35.239823	471.881674	84.387468
120.828726	630.257498	137.271253
92.475218	1078.600394	90.081545
327.941476	1098.480293	359.166823
175.370533	1625.930898	127.355034
148.230426	229.702403	430.491513
58.605453	1173.345313	123.316556
102.072390	1858.983159	430.162459
285.400319	1496.134270	282.874913
229.033030	1054.544528	388.733982
340.004795	1458.102878	407.318068
168.184233	1571.036525	164.674981
47.553167	362.202848	59.649514
48.563745	456.213893	20.343177
316.801526	100.033246	421.983448
36.128475	1018.815176	415.040861
279.420814	1390.309067	177.411826
10.917746	1133.551278	391.890909
59.942602	560.661581	363.942073
273.214782	1149.652937	346.514424
140.216543	767.029450	322.998439
55.987810	1538.253013	314.660316
100.977925	928.177786	271.393524
287.762563	402.607288	126.889256
63.934508	1315.037586	280.620111
119.364151	204.554177	182.886768
357.134331	1275.941782	263.743838
187.836369	196.766856	333.882465
220.757081	424.108672	210.186259
282.993593	235.358203	474.625386
129.026141	1938.730068	289.680681
48.363651	1096.926454	341.261456
299.903601	1141.410883	426.831749
258.486183	1886.320308	66.885227
140.661012	1517.019170	139.727427
249.515411	321.840946	491.202579
34.375889	331.057481	217.321845
166.575070	307.038800	235.537806
100.278265	797.675170	171.408438
34.751054	1395.283448	251.101930
235.666315	1277.799052	182.574868
290.915591	625.575225	410.151460
272.032003	226.065815	46.758640
298.415934	1852.707613	396.445043
268.547912	56.890250	19.405984
48.858948	1784.061964	359.674298
50.771598	1236.181951	124.079099
120.495484	1026.482703	480.020477
94.232128	1005.689526	221.859676
337.800893	1098.657455	86.511011
226.642735	431.028262	411.826763
119.282729	675.293854	331.061088
127.304788	854.971104	77.536287
231.436184	552.880787	391.143276
333.096478	1542.280655	428.207320
165.366507	415.370401	325.789748
341.447816	364.301223	184.126526
129.506207	1363.512414	357.538259
96.662663	92.612889	197.377140
40.034565	71.059301	127.250087
237.593839	1197.168101	279.352937
90.157277	652.588953	192.104038
332.127694	1491.301586	363.808952
95.179210	270.903215	460.980621
237.166452	516.167736	43.864625
38.158790	1268.762323	299.184710
258.282251	1964.024919	46.489075
283.657852	1859.410216	405.271999
16.863905	363.489983	212.817291
142.359077	1712.798803	479.767559
296.184820	535.995485	158.401282
244.294557	1739.958169	293.140940
202.860419	1789.807177	320.347548
29.613170	702.368113	300.644517
160.920634	997.126992	399.295139
73.655324	552.491577	133.983847
87.498744	153.153880	360.221159
13.782582	1797.832183	97.540670
83.149260	1170.074027	92.214733
126.506939	19.672254	234.481723
9.603093	359.402717	337.757483
9.575350	1969.654097	58.227461
20.951766	471.742287	169.392097
163.491020	391.116444	195.180088
203.244487	1155.427876	58.068446
323.024699	207.379821	312.613724
237.003555	635.006967	408.760714
227.711851	560.967249	345.246698
309.444473	452.880766	182.111550
338.034376	83.324641	11.539958
247.496904	1556.073456	341.870232
47.635698	250.294293	291.020375
338.031603	605.514019	92.799114
44.854538	1536.601056	144.217798
16.749991	406.223459	171.982230
194.862248	505.574377	173.540364
39.610535	640.608538	363.333994
292.120072	458.723430	199.691171
206.209393	220.469332	67.317133
89.987705	11.525892	382.541977
156.281868	1893.302296	418.874692
286.866398	1240.081307	249.431932
57.517938	1875.508726	375.281669
337.621585	419.330069	312.525971
302.595774	1524.362858	451.131224
211.837336	1782.274787	386.380207
203.348732	936.489703	181.683242
274.335752	1683.625101	273.870113
136.577653	717.127824	22.848826
285.451245	1445.157081	299.788201
166.354879	1562.970978	143.466985
174.486374	1586.171140	274.099663
113.571698	1856.852996	8.455236
324.861550	873.597567	432.950035
350.207536	12.751740	370.586771
290.437658	1942.585906	366.817667
116.038937	745.225787	108.283319
127.983337	1624.755309	217.791092
293.697433	870.620829	257.514041
9.727409	648.340763	194.703664
39.824793	1132.454271	113.942512
345.206943	3.913898	164.625823
135.163974	1541.496981	475.806588
247.676506	1698.391698	195.092896
171.415113	1789.249945	257.372673
136.201920	191.304588	487.119694
61.081646	179.318785	29.761520
326.088611	467.854065	79.538378
29.590391	730.169980	311.256384
104.985430	1722.022523	327.591443
170.954289	847.463106	465.661077
54.322223	636.612884	334.184807
98.879462	1810.658876	300.448974
324.321710	1134.412795	96.096637
165.522629	1023.715185	312.536657
73.175625	1992.354795	242.084965
193.142666	1412.716657	73.373739
42.849543	564.069512	380.788322
144.917910	1828.970794	418.129650
107.885934	1008.823297	126.361441
218.467539	1635.313263	194.673970
135.326413	399.027287	352.376218
197.073246	398.314538	229.810411
325.238945	802.164560	360.409093
196.866596	1110.905938	62.365719
96.667507	208.301556	49.374942
251.298066	670.032752	122.879823
216.077248	1354.007249	125.907064
105.358911	1371.288599	242.383476
307.574325	574.777758	113.166650
277.744006	1054.089695	429.359435
150.400209	787.669890	13.667346
136.059318	1353.124514	417.968536
4.646320	397.549975	269.743677
253.964409	700.208510	226.042475
326.303979	1303.916538	199.682849
227.294319	785.222662	234.241882
308.219352	1713.900519	160.005846
203.037473	66.975943	470.106768
289.165872	1232.136550	469.352947
206.030796	1525.932050	298.999426
42.451394	1961.167851	299.576262
45.976844	825.720945	495.076288
80.119435	373.453964	395.750970
329.538277	1461.826431	459.338736
214.490415	359.291543	241.586944
141.079300	740.096923	345.359474
205.512269	1630.485387	240.333087
216.857187	282.737962	292.153417
339.251452	1330.409390	391.651212
241.979049	367.698018	419.559545
226.218004	1419.353553	220.984460
275.084846	822.006584	316.059190
320.673445	1227.904488	421.124967
233.130714	379.100602	380.643765
20.576936	205.251759	390.320119
320.519037	1816.262897	242.244088
318.825923	137.313065	15.142024
232.232290	1501.989580	462.001231
34.092934	1275.139075	487.768714
94.885414	465.368807	52.994292
195.524660	1642.188979	213.969145
180.296942	950.429924	406.982512
218.748362	318.030511	275.021526
349.334281	1388.793736	298.666541
222.803626	1080.929009	126.842665
338.849832	89.482659	328.481595
144.394224	229.567318	102.431605
31.717015	501.313386	234.773171
5.191921	831.541880	150.112667
179.722937	1628.045887	427.308291
85.013053	756.170813	248.014371
5.854085	720.316354	468.067424
50.225867	824.098217	296.765778
140.548966	916.673737	305.343648
321.270148	1018.801199	5.083112
144.591990	1301.202458	232.228820
129.052231	1480.243496	498.162862
158.053479	1179.755179	327.655405
180.735179	351.788494	93.355534
146.277730	786.590722	434.387207
166.521740	587.416854	35.218319
153.683202	910.062819	262.091042
358.196033	1611.002253	211.022336
61.684342	404.804212	453.583159
341.629662	1305.057439	353.235053
83.208098	1297.447400	186.689408
215.200205	274.053340	431.119365
303.605030	324.220663	250.630025
25.537577	505.415374	294.757208
291.630149	712.478845	402.392868
86.317431	1459.192122	258.064121
135.484867	1359.389444	422.311335
78.818084	647.879516	36.057958
215.462722	183.784721	247.604808
288.040162	931.220366	131.073438
45.065770	647.112604	348.942495
45.524308	1286.615981	102.548300
230.451479	1658.551439	494.360184
132.018011	1757.560626	123.025344
294.932821	1529.537051	295.596154
290.691708	691.477369	17.292230
199.332893	1100.095197	355.678390
79.048257	668.676887	462.321023
172.430365	1997.645991	315.009032
222.692080	244.334510	219.550415
154.962034	1307.484160	270.620678
241.166173	1710.503103	31.629093
251.637526	1774.685562	56.903317
92.221773	1348.748403	362.324755
91.526901	1496.712287	397.373597
173.616470	383.452463	169.104032
267.702862	199.665492	140.522471
154.888913	1222.174810	382.253109
114.202127	118.150484	410.602355
96.457611	7.973188	368.444311
32.369125	761.943236	221.920290
257.082777	1120.080932	391.322354
195.527567	711.280753	225.482346
262.480986	1547.102739	226.011672
73.752388	1617.429967	137.820570
315.091383	209.736940	311.959585
303.063885	232.073787	343.741247
26.959147	1691.076005	429.219582
159.962682	993.092515	93.898173
123.412892	1316.913784	330.618104
2.299002	740.345259	437.139804
41.489071	811.117918	180.727098
100.972112	1297.236678	232.332604
348.688760	1871.890081	434.558763
253.143702	1695.816934	246.997299
93.844461	1896.086272	402.308588
6.415325	1684.706680	208.763824
182.691362	1710.597257	121.837628
287.338421	595.170037	322.367640
126.185899	1099.115452	352.514492
216.775585	1120.019337	445.111711
221.338808	1054.705155	451.413281
331.385044	1879.543297	446.904685
196.578288	1504.097130	332.278981
27.953579	989.525998	219.053149
55.235590	1617.608455	121.973897
69.109590	1958.395857	156.172728
163.563246	376.031222	227.455593
29.424160	1311.779590	343.135355
147.613484	60.965985	307.450405
235.572379	1660.392754	198.047355
348.746476	371.520660	451.919017
91.674721	111.027340	421.869272
191.828217	1251.357505	47.536514
75.708557	153.268550	349.133365
348.280229	442.321340	460.137508
31.007700	478.834773	245.191728
176.203879	581.614322	239.471099
34.266511	543.401618	343.398412
62.891329	578.256621	329.375824
75.499537	630.597663	160.087184
131.773210	614.288658	247.987969
304.089559	639.397086	399.772598
145.874418	751.231736	291.319972
168.178206	110.308989	80.940888
37.723773	937.652718	155.289236
239.055370	714.074534	479.666632
17.393595	1601.866007	477.294978
195.961962	204.613783	200.053115
31.102010	1492.687781	197.527497
290.881898	267.829822	27.872106
342.342819	1820.520841	401.175278
82.473376	1374.887377	471.634295
47.173438	1073.230492	431.346272
142.791709	1845.169789	92.052256
185.755611	1995.610823	320.324541
137.589386	209.810907	72.590364
220.494085	1643.296387	319.220520
17.485758	1626.086304	361.204881
7.417700	201.333746	497.091986
148.629494	1109.790908	476.947825
300.969005	1426.971068	167.602134
150.592834	1731.294775	188.365626
193.494969	680.653661	63.080643
113.117730	1008.697364	34.789068
1.280185	992.089029	162.380858
220.162510	434.330093	82.816342
128.901486	517.077368	190.397214
68.340445	1847.829757	342.990852
210.627904	1054.267271	365.467834
47.287648	627.389821	366.881450
181.811690	1726.924805	394.727467
75.434747	314.562997	116.153280
4.002102	20.563769	133.088509
356.520318	1206.883541	97.589536
177.757873	631.327469	150.408899
304.619910	1080.607188	124.311865
88.213553	1650.503940	149.054895
224.049366	955.398574	234.449241
0.296445	698.409588	478.196604
272.289930	1754.613141	332.477429
39.083365	1115.256103	31.384619
197.872475	1600.700276	259.601855
237.452613	226.500408	332.237007
301.317553	1748.835413	127.386735
161.338890	1902.019056	317.461676
340.252042	1943.577961	207.148117
200.396984	1068.344571	247.958170
284.637917	1338.985238	250.839990
101.156810	822.317113	235.704727
245.422949	1190.654396	187.005202
290.940301	271.600508	189.436358
226.030062	1025.966602	79.277038
331.259341	1082.364194	85.227925
302.922376	588.345218	324.434135
57.990988	1888.463152	471.160265
51.811221	1964.919878	483.508470
312.142001	1070.070292	55.492280
351.578849	1539.470007	449.913426
329.265306	238.575938	155.196609
63.825747	182.082066	19.171235
164.980819	1943.161043	429.207655
117.567251	1006.784215	44.544323
265.558449	502.959842	92.715807
114.448156	555.443611	390.323074
194.185468	221.937284	324.092081
239.480172	683.032326	55.016896
129.901216	1515.440822	20.308868
205.751136	763.017581	110.433197
200.788926	466.292703	79.114990
136.388338	623.765019	159.441118
198.013298	150.067606	289.573924
277.814606	1634.391233	367.353257
114.607201	990.082352	419.866896
139.988106	1447.589536	318.816045
342.187845	1999.936974	109.405299
270.765185	1876.620621	178.218534
52.439607	1283.919487	119.645225
48.152951	737.286214	90.587593
128.594416	660.317200	170.025806
196.479570	1903.456284	74.560500
38.905519	707.840411	5.472942
163.953707	484.361290	180.159141
211.198011	275.905767	342.905452
247.204806	1740.814807	64.111651
142.106606	1118.880123	362.515150
226.677185	200.593328	176.729814
110.627977	1755.088054	18.169074
14.779827	1304.862205	50.745041
232.441308	1007.939170	481.503408
8.127955	207.785490	241.445117
135.419366	361.429540	211.685269
84.064038	1143.813913	43.827388
283.856481	1178.178246	84.631780
288.759427	216.329052	410.744950
334.093032	602.907992	337.099925
223.512992	1207.778249	115.983420
193.487964	651.605749	333.248311
263.595445	721.530717	435.417005
299.630595	1773.486901	11.218715
45.932247	1913.449016	33.410156
63.303580	1230.720062	301.716185
192.842148	1232.072571	237.616972
283.950597	781.573850	482.469185
196.734579	1131.849993	457.208165
320.576031	1888.311267	307.499971
245.943212	495.230988	163.669993
167.725781	186.023353	443.082028
224.433200	1381.283895	303.557422
219.605709	1963.087640	121.599823
286.332653	1942.664047	263.170444
249.277061	1049.640394	438.710798
110.007786	1767.132600	165.295617
256.911177	1666.081490	146.594444
156.991814	537.134776	382.992343
290.942142	543.872404	346.548858
346.713962	1460.945510	172.501939
252.733846	1195.649448	306.630143
2.548749	281.147119	390.944014
236.722893	1757.772286	374.408198
253.169262	827.470859	305.099362
45.485860	640.029949	367.696663
6.907715	1081.937790	104.040960
189.661822	1267.529585	94.236981
190.205644	1730.586966	252.522428
84.791479	66.769224	359.885340
194.151354	1595.922189	146.995855
336.708301	1619.972262	27.758200
19.259824	1746.257206	495.080284
35.361574	1227.022638	445.575340
113.603661	1817.646089	382.446795
54.009488	633.265425	349.301711
37.584103	1422.781762	487.529690
229.104688	258.130714	320.643502
77.578227	1264.928669	295.843574
222.488951	1772.142602	453.279587
127.264712	329.612125	368.991556
163.553042	1111.910125	144.001225
104.665812	607.024510	359.521889
95.472327	863.947090	487.954683
241.205581	1137.453272	232.810786
164.463617	1.022016	257.163972
172.320216	1107.674095	288.488234
171.222450	1299.440865	132.320793
7.466418	1392.449285	169.424830
142.840713	1443.125420	175.100692
75.892883	1604.628991	258.248538
166.415721	872.157549	379.458764
58.304675	1271.705849	484.507991
120.112097	1724.284395	373.836095
274.853643	480.236974	23.945622
186.557042	701.846922	354.763018
138.586946	1459.934165	205.320409
294.707657	1990.209434	39.190254
38.369201	289.480157	479.195032
283.443966	1302.456227	225.676981
28.240215	757.011162	357.575988
123.366090	559.229959	11.043587
329.297490	1256.817453	101.468218
68.034322	1125.457123	324.105552
342.778014	375.395470	360.119335
270.942001	285.861717	112.324425
248.729603	1904.150557	162.403682
26.505774	810.023505	100.095966
338.682671	57.281076	291.913237
16.688987	523.758699	4.690575
27.849516	1394.631240	152.161726
117.800566	38.251455	348.625844
246.510742	124.824556	15.082203
300.481909	1943.154306	449.117483
288.660738	923.169001	24.207151
336.296405	83.643334	426.663289
122.311311	579.709307	31.958001
83.852295	1736.981316	391.469354
194.518958	1903.887875	33.003840
9.997550	1946.213514	367.081788
111.695829	579.632437	238.409951
204.816535	16.456394	125.835710
330.800826	972.191645	267.482131
256.998268	943.921739	126.687038
98.730314	991.965195	498.885446
175.768722	44.532406	414.266899
230.922999	532.973881	486.307337
64.412641	298.692395	114.479956
290.926701	21.065291	392.647854
3.887780	1643.729913	54.560740
168.608634	777.788735	19.617868
212.908191	612.231808	38.092718
144.475092	129.552149	208.367670
156.588240	93.143566	349.524994
109.091147	496.356921	387.077516
69.053649	1025.305565	495.848089
313.275565	1706.046905	395.995679
163.292027	305.136111	274.987496
68.317131	479.195796	246.700432
65.272229	847.093558	253.153274
110.004290	49.619477	125.015694
115.498112	1970.183585	259.627179
245.785056	1954.543990	179.522844
27.829041	1461.661931	391.797635
170.254473	460.306225	464.803381
14.576879	1187.195885	434.789776
201.915208	801.800996	413.318203
32.035536	312.762054	227.913279
37.123315	1860.701770	67.819545
106.829235	613.398422	466.679963
268.847272	1492.677621	128.548920
158.209110	1229.268991	1.535238
292.557762	1798.488723	188.242432
66.346717	1497.993781	334.085077
26.253536	357.681842	90.659205
280.158738	213.713646	407.136984
220.759964	747.795610	126.792687
321.657457	912.248941	335.217460
115.359075	270.519291	55.195613
179.918331	166.729057	47.656785
1.480782	130.680291	226.331842
343.246714	882.539684	392.737380
208.059708	86.978061	340.242070
73.087166	194.404742	405.428584
204.513494	1378.882949	86.651688
241.509115	929.404019	19.380079
9.766063	560.512781	103.758656
173.394810	1817.712734	201.262044
0.961459	1837.214081	127.103270
159.094258	271.712430	37.508525
287.423958	688.482272	339.119262
165.594576	1507.073673	351.950800
91.355649	1684.609845	493.154534
36.717582	840.095139	90.313707
155.995756	1801.835930	461.045926
275.739415	1651.266413	77.611080
140.080912	623.069973	323.084402
30.923511	1499.807760	20.961338
57.015039	1942.727746	410.866864
291.205375	1415.040594	488.061981
59.947121	408.688534	395.402515
26.524740	1957.529549	194.628858
94.474957	244.794241	430.666232
167.230093	1545.991301	119.903437
352.511823	1544.098600	325.594697
240.309506	857.204158	494.381585
169.217992	735.581958	485.737609
84.327741	503.029735	468.985541
144.929015	1680.865963	277.139672
115.723704	1993.696652	406.993859
248.835068	1572.385873	162.171939
136.838541	123.967602	289.359799
306.804608	648.257417	259.994549
79.474028	90.661223	260.301531
9.798809	1308.120046	183.190997
164.863868	1396.790711	243.428682
231.905914	628.791735	136.010901
131.553566	209.066191	311.409127
147.982358	1188.552205	25.950264
152.094620	1599.540249	302.287910
182.976698	925.464073	219.764295
279.904085	340.515699	93.275749
70.417857	987.152333	154.749730
242.118880	1702.126877	221.247669
15.562517	901.663514	71.367674
208.839520	1370.284849	455.754880
261.218704	518.224756	412.074306
44.732560	518.720031	247.169572
41.997294	70.343807	346.517513
303.433637	1369.537881	181.249366
43.249100	579.563470	115.103886
315.832899	1822.424601	457.596941
38.233160	568.538668	24.400104
191.396561	1324.054946	270.693918
293.014492	1957.745654	394.076730
173.994053	1605.020283	200.421881
180.163939	281.592318	353.633904
39.042747	1002.613985	114.832325
319.844459	1542.650905	449.143226
120.936580	958.850917	329.002730
91.673273	90.186980	349.879728
158.526272	861.166983	165.885846
8.305097	733.098682	472.214027
328.392795	1708.792377	230.636485
79.790788	1373.880433	101.024312
355.727935	1183.889771	193.071635
209.563458	395.329481	167.496575
4.590745	13.201753	10.924319
238.807932	746.121194	443.507510
191.188348	995.426776	189.353122
42.772824	1832.314227	70.908239
90.896571	267.461102	259.087655
179.330924	415.242173	239.540844
326.908585	983.652297	266.679459
347.309546	1297.701017	442.263358
313.108900	549.846665	334.277625
175.571987	392.872285	66.927474
17.233960	527.807326	363.749144
268.737107	1974.942959	195.733417
217.216146	760.324378	190.288125
163.427285	449.426415	257.791352
234.286731	1184.306234	333.990634
150.148278	1744.654043	188.364162
231.425445	1018.620691	172.835049
140.358318	1688.881625	130.562955
78.369446	868.154801	115.373870
330.902676	1794.535348	115.738972
300.339790	482.013295	129.916756
124.133981	641.435337	104.978906
25.003554	898.835685	213.730669
260.146477	325.891840	35.301840
175.727422	12.625863	198.712173
215.439712	1087.602093	286.522151
130.034470	266.672539	263.224718
99.254546	1508.244451	432.490794
74.440861	1441.652793	231.266209
356.322839	1699.986952	494.221614
271.332292	1451.955054	101.301615
112.821248	1112.735585	222.238209
105.862163	936.019746	446.560951
17.302762	711.648306	246.614403
324.234870	551.398969	480.348299
304.044781	504.852727	382.939380
338.358413	1328.118375	84.961775
142.508467	1061.766002	492.157792
305.449549	1368.823074	283.122545
330.555733	1700.310132	378.727749
77.639892	592.239439	170.713247
162.745916	943.087714	184.410871
75.363516	61.394616	208.175799
91.399404	1321.182637	127.220260
74.986552	836.254557	256.929988
262.652623	1601.651366	375.990146
114.170104	1983.872082	266.542208
294.809721	1744.888476	332.502090
357.523586	296.938854	375.828688
133.763443	1300.381806	210.055745
150.920354	18.574498	117.640259
315.097929	678.708049	108.853220
32.986395	1149.365635	135.088684
89.128233	1644.095808	355.015786
343.582655	1941.110327	185.155177
167.106761	1227.976815	138.906540
92.520144	342.288177	155.392932
36.663604	546.648553	127.776717
75.218618	1334.802714	328.499489
283.882403	202.404360	180.792133
240.342379	1582.216475	76.789744
296.095153	5.052799	255.984019
239.533349	1607.481427	405.074479
39.288175	1733.077178	384.306925
317.008053	307.964969	462.021679
37.319244	1249.285172	147.655671
234.756820	1073.333628	283.092096
3.478315	603.195928	20.911423
327.450344	1951.657626	343.629785
169.474855	66.651662	236.678138
80.529759	1515.832853	195.895609
248.875076	1310.512263	437.766425
16.284145	841.980685	252.045541
32.027298	430.747359	41.346291
6.163756	1906.629572	327.978240
39.425702	668.512478	358.113505
302.283374	1205.804348	46.402100
209.651342	427.644664	318.063891
221.433407	1865.894070	248.192510
45.501352	636.373584	232.425040
231.640733	605.318714	252.269779
70.357933	1951.603971	97.356328
156.642296	1122.071392	189.846634
353.655301	1036.322062	303.814750
72.195393	162.739004	6.001915
37.688020	1041.833195	24.112237
141.175145	314.352310	476.541900
158.656797	651.556745	364.477850
298.324128	392.209256	222.974761
94.455877	1482.730778	469.759386
166.342951	1669.785245	419.543114
257.909736	606.917531	280.365657
205.535779	946.755580	264.579497
131.770143	699.230349	473.994213
208.110893	1353.416501	321.554992
156.685286	1960.985448	461.051435
70.477060	223.855796	400.721201
89.161674	1324.205187	80.307376
355.342854	452.320773	361.115157
327.191250	1084.439957	404.086555
183.035238	1142.152877	495.600495
81.098313	1944.779293	319.852274
251.330730	1521.547058	331.450079
199.428692	519.665704	325.647912
174.750858	79.786539	48.956842
54.249161	1157.253652	402.804865
239.676792	760.309742	106.818170
95.448093	1827.646780	383.731953
177.237000	902.252738	186.309890
62.572003	1125.453105	221.713186
254.605408	1570.430004	197.238373
275.909302	928.660690	91.534543
86.364760	1510.704944	485.794550
73.968116	603.744497	112.006972
83.285666	1386.058030	126.242168
113.741323	544.914086	415.141644
86.395552	1246.707957	8.180268
346.738881	690.884676	457.462336
105.441841	1079.247997	174.924340
269.117597	1514.355249	428.311504
81.198896	277.775877	239.255206
130.239306	245.619583	344.033009
108.395429	1110.871190	64.754348
142.300836	374.483940	421.923425
153.078444	1646.209679	356.203696
164.245738	793.240810	4.524275
337.462801	1807.266879	287.495939
136.556442	117.126215	386.404070
241.538340	863.207331	332.848311
139.414015	1816.392676	189.282002
176.331125	1264.109789	452.715215
100.095701	634.884574	465.536309
70.037825	420.040143	62.777978
97.197547	398.292548	100.566085
351.715966	1126.001441	428.141484
171.393895	1389.764754	2.092921
201.298847	1765.203296	200.622588
249.168747	1872.213093	430.316215
357.539163	1999.151573	363.469732
139.210995	1250.662303	360.515526
95.661625	1653.075820	201.534410
212.207493	1709.250150	70.672621
217.609629	587.969047	388.173784
327.988759	1392.151893	370.266867
222.473690	1006.459348	231.183731
83.517593	1461.302835	353.154218
75.233735	1031.400180	318.672957
51.416009	375.113578	30.440421
278.115119	1626.378215	33.570201
184.970551	222.014902	374.375039
271.979902	1793.242104	226.131264
17.112125	963.672036	283.264916
108.063468	1464.547101	200.274127
15.198127	1678.815876	3.166295
15.502654	78.027426	401.219450
345.530438	1200.429891	495.789072
63.174647	656.012091	82.595464
194.542759	797.711835	34.915051
108.866505	455.312937	219.979608
228.413953	579.912570	74.118772
161.862688	895.246465	169.362604
2.940492	1458.087180	66.154110
59.119288	209.140404	242.694482
287.643195	1425.628400	313.919661
74.146919	1915.973323	315.480760
328.621274	1641.410583	66.426511
258.834377	1687.825165	280.128453
198.106070	1199.287573	424.242284
273.784234	1901.687297	81.282153
138.142195	1398.734962	164.250214
157.552020	603.593791	104.371222
353.169476	997.558600	496.168359
17.447606	1055.329974	442.531103
183.539287	1144.947290	181.590333
190.806250	1934.500662	54.494032
158.740945	337.950190	481.111282
89.101970	1399.353301	215.382262
173.335657	1165.373139	23.295563
166.120361	1411.251364	62.858196
141.578999	647.668873	28.647967
330.853576	1290.374785	61.909534
225.351053	394.642401	159.840269
100.785852	157.576249	193.907181
328.607050	1773.040578	488.378510
312.197843	1471.930025	330.320574
140.764566	1624.563340	23.380548
115.467523	1923.738024	153.045725
19.989671	1956.994636	343.387196
298.175993	473.133794	322.075401
306.490522	1928.021048	151.778276
81.850944	315.546376	430.156594
138.882978	1469.304614	249.853854
64.341910	627.345791	261.537108
160.571662	803.682871	60.838735
110.555110	1117.674600	176.786572
227.264348	615.735603	411.866161
342.226785	372.032962	350.792881
197.053135	1927.421131	270.178129
166.244231	104.699470	95.714803
64.436705	1875.404241	116.782552
216.336332	1207.158318	317.123289
10.829365	1637.508236	263.691005
357.473715	1329.053020	427.314543
95.831358	1527.270182	54.871983
284.299824	1729.049321	128.959122
248.808427	96.829343	127.478243
221.736065	609.005098	52.518680
265.482455	1486.980957	138.687560
273.372772	1200.928908	190.688750
303.493726	1136.147603	74.766371
73.106025	1667.507916	201.415432
145.965244	1369.019330	288.936779
278.606968	1219.825690	189.287978
204.978118	1390.178569	494.773030
137.599129	1541.913378	229.500738
57.138569	669.407233	366.477098
206.453733	530.634133	379.629602
85.257297	1200.399553	160.127833
218.080717	1573.319675	458.123745
339.763018	1326.696541	486.439932
151.509368	969.670877	76.201054
55.365451	1987.912780	179.008009
102.799389	1918.808008	102.670659
157.297350	331.251750	167.662666
323.163256	1723.187700	117.720308
219.705588	949.922805	95.832694
335.565336	534.507685	326.445997
344.517479	1377.895670	447.240566
160.508321	866.320916	482.159757
358.861207	1775.942975	111.423410
339.370445	211.909956	199.433633
54.771429	396.444387	479.263016
289.429754	1216.584213	253.008684
264.499105	80.213566	369.096253
226.657636	1557.359529	396.389361
57.375692	1304.754024	225.734410
119.769811	817.454109	167.879773
306.555610	1951.876217	383.004470
328.829561	1667.886275	80.808038
141.700173	1001.362201	316.079779
79.382025	831.605242	306.541729
28.017932	853.969630	243.589415
37.137070	1218.619729	27.542118
281.454241	10.714071	81.170034
308.222641	1151.756005	42.889004
321.152542	585.310557	461.458576
288.538514	605.735172	396.391031
93.414867	1398.577187	193.307676
352.314410	1142.791866	350.694081
33.036047	1225.128945	55.854391
6.189224	821.416945	458.202347
206.226197	1231.228667	4.971473
357.587840	1803.304147	456.329278
281.305097	734.210445	135.145590
109.144222	101.944024	377.767983
4.107281	1302.877834	190.591172
98.559151	482.972309	255.352422
266.354202	161.721791	456.340273
96.063008	1905.542397	454.317882
77.629097	1396.498120	303.368041
17.562787	1408.468903	373.061732
104.811509	1802.678371	22.262765
263.742029	1398.961200	308.404829
191.469618	832.534727	120.482118
306.336750	1426.962934	58.948257
286.438967	423.202913	55.903313
39.968116	1396.302530	195.059100
6.165800	1206.682166	478.748138
259.693524	1615.180085	424.264350
339.278186	466.738441	89.477498
308.300089	1478.507188	85.704485
0.398548	1276.276051	36.185275
152.088622	1971.610511	220.638687
180.166407	939.081550	20.830618
345.827076	1485.737080	104.982512
197.682313	1039.461174	46.727717
200.828672	464.723549	306.273465
323.873892	821.811645	173.530966
287.185313	299.970403	228.577998
257.058013	1786.165493	234.248018
137.108405	875.988249	348.390580
28.449444	1994.655930	248.919670
358.679789	429.806212	358.676346
137.813604	369.097907	253.252702
295.550900	447.724117	423.958790
90.141766	1920.149619	62.365974
85.053795	1425.910559	423.477430
233.651714	435.464077	239.513877
349.518782	671.694111	271.772606
326.092841	1504.805392	98.539134
131.148661	1547.856626	463.078732
297.638532	729.525462	468.819682
76.325279	86.529125	298.185582
66.820634	1773.111160	406.268083
203.536996	526.626642	473.429712
274.018577	596.401962	295.055750
294.938255	1649.535076	106.392712
137.020846	113.406189	406.239043
110.005830	1429.993306	427.862548
214.379847	908.517461	347.601575
260.712464	1142.222594	313.618889
106.039602	815.891211	192.163203
272.077112	25.678567	494.126815
57.536933	1411.088051	47.927196
13.030875	820.992676	195.307264
205.876205	1943.084194	221.037185
136.218572	1221.094070	287.998671
306.160603	1092.131531	71.701692
72.245134	1719.681444	296.888228
64.099662	1322.940761	128.073592
281.065622	1970.882727	70.509169
185.830435	1780.986146	100.368907
118.720062	1668.100192	45.170246
269.031470	1016.292051	133.650945
101.922422	1822.675148	48.258762
213.593179	856.503786	299.516632
12.363905	1807.605693	58.905294
212.764965	1202.107930	220.696786
134.219915	1659.251731	484.989770
163.876599	1602.573203	281.843669
356.040384	692.996018	349.979263
156.701680	1210.691310	184.462999
199.518202	852.656898	121.465017
309.855524	251.676979	179.275841
255.272306	1863.685483	339.933004
13.585529	891.308206	145.371967
317.454895	1013.812074	13.300070
200.167994	869.170500	404.623934
350.422210	262.779666	309.933872
12.162895	397.098146	438.129023
79.230907	1377.858176	166.596251
225.586131	949.081297	150.962676
54.249606	403.111445	10.641725
61.635307	355.652867	387.745959
291.009894	1245.231113	329.039915
223.389153	525.376677	111.311743
60.532900	1025.286881	374.818112
260.361197	932.354544	378.189933
174.103603	1106.948796	302.352333
228.326064	1774.809773	394.162919
267.823333	446.958311	325.355755
8.589956	1323.869054	406.443484
294.925381	1782.627509	282.045951
234.432606	1885.315867	267.875311
52.713815	896.889143	338.855776
46.626222	850.520922	271.674413
222.168301	422.038305	296.868590
196.195126	522.681424	258.670117
122.842199	44.998521	154.729969
28.704478	83.544080	360.877799
353.081146	1502.792573	208.736044
94.931687	1375.447070	13.259276
182.539857	1604.831991	445.142467
186.516664	473.115238	488.686438
68.176483	151.005793	306.112716
20.422262	656.352410	64.917160
272.702565	627.775476	10.181777
201.696490	649.901996	16.607753
256.656260	1324.701974	410.862533
214.843117	91.451117	238.167374
291.016080	968.892344	356.002950
56.951601	1374.378061	232.780795
176.684066	1707.090488	91.541647
90.008553	390.838865	439.870418
174.472021	826.611482	249.546962
247.163993	1155.403671	196.545421
108.162336	1209.483760	352.315558
141.670648	1234.327074	227.541199
332.916804	1927.917830	80.818465
164.209651	1596.239823	349.302673
250.738398	1499.371660	2.015743
248.791883	1197.016086	425.173882
162.024877	690.968869	79.912564
19.323607	945.508324	446.518112
291.697809	1793.122595	208.551117
274.470690	1781.246176	393.083045
254.455987	425.024889	174.583752
153.166656	178.845351	91.046022
301.636432	761.929756	411.366299
332.243831	229.076017	191.144852
212.970681	683.888227	489.743268
327.400981	386.749980	5.213994
339.975236	1211.858189	268.862859
59.276502	1470.447016	313.064023
341.199472	797.202168	7.938338
198.115924	1784.978559	351.550920
223.210956	1819.890790	334.285767
304.158417	1759.100845	293.566102
222.901079	1405.991589	301.823312
12.808299	1387.942854	207.014403
290.452311	805.704216	159.271727
257.464329	300.439778	480.418285
93.528970	1472.560053	498.971694
19.741309	527.998328	328.725947
109.138371	1122.157531	45.322533
198.508148	1730.598227	450.809247
205.098329	677.526439	99.725224
350.090180	896.520648	374.815457
18.845474	1769.482477	427.975587
23.098240	81.170281	128.852443
69.920120	3.430984	327.946800
118.591388	554.594381	145.770953
292.745708	1841.100248	275.396523
214.293470	1259.000250	214.946847
249.438514	835.044863	365.712739
66.053195	1128.672060	445.728047
106.282111	1255.521710	3.285682
194.772853	1724.192351	378.601366
41.148473	894.421374	419.439905
136.057160	711.667349	407.095000
250.282699	933.608454	219.827001
140.211011	1784.743839	333.662273
73.885038	1000.816882	83.384602
42.168932	1978.701289	307.992326
127.141248	1222.278146	450.603882
223.493089	1287.071405	350.353590
333.260306	1937.609461	498.611527
182.327997	1629.286628	417.434551
71.497887	406.939709	469.007478
311.912200	629.131892	88.767824
277.531958	1145.822665	89.346903
343.925311	1181.739656	156.647754
218.876858	1251.155181	406.557846
163.777248	1017.822579	295.300077
347.370027	1775.435870	383.475586
194.883016	725.341420	184.281647
241.569628	1379.891920	433.181443
171.383509	969.033169	435.855810
73.845551	1896.274349	287.257826
296.981302	334.298632	83.857249
76.113832	265.148985	292.793561
20.337008	960.340680	35.461562
130.177187	512.206146	440.119702
120.086807	1054.726601	0.884342
15.745772	1736.834552	129.131124
298.477603	282.667627	492.549225
276.870872	1124.985874	45.006470
230.463971	1395.134852	436.811233
167.264712	758.822129	98.588323
64.211216	1707.419492	297.452382
171.989477	936.748030	276.343200
113.995812	1131.084132	424.922554
91.155932	836.042700	345.000372
124.175615	1116.259242	280.145598
109.309552	1101.298761	79.677550
302.825614	1202.261616	147.844659
110.735805	1284.122255	86.096829
151.925463	398.176679	291.629082
311.313483	1624.245496	296.570997
223.873750	418.601845	57.065423
32.837415	1867.536649	422.600475
74.886642	1857.857183	218.826445
202.968404	1301.949504	21.976904
15.671105	74.588425	346.976579
248.804492	6.127802	344.434486
94.272183	749.909757	499.704374
322.563262	483.034431	150.417637
110.700790	1272.500286	208.270528
18.022544	64.871275	230.521295
164.203810	1957.981194	243.551369
224.498391	273.768328	316.566421
222.631770	957.991490	146.214844
299.126784	734.755364	351.287304
323.108615	783.379649	60.054729
207.818565	1305.774403	176.883656
320.955256	788.350665	490.744508
69.799950	67.498825	321.077808
323.062088	1542.832709	324.837460
202.276644	1949.267880	360.251417
14.798551	750.543170	155.348560
346.756717	1125.297762	21.261470
5.907956	302.461737	61.382520
241.187738	1255.523628	458.367830
156.573679	1588.375539	230.010804
95.332804	1388.819800	294.555663
292.593225	1321.154152	227.814508
68.651946	1582.836891	15.412201
140.363678	562.036819	317.867675
109.553659	577.732026	111.059846
227.111561	771.588618	133.561784
83.168805	1724.901377	83.917101
59.013994	897.144890	78.781812
5.963346	1861.974479	83.564913
144.944533	1844.006041	348.030894
151.436090	453.394750	458.377589
125.368293	65.842617	434.674632
330.517107	1376.302410	229.190427
224.013561	956.576775	428.526110
232.972583	877.434629	101.717354
211.650899	1308.748425	309.989649
146.173118	1435.288196	54.837493
113.285325	877.941009	330.596610
35.838557	785.217573	446.684823
0.563187	1371.567588	129.799170
163.632351	1520.284180	409.915394
199.869641	1288.363787	377.254162
288.615482	1756.456303	122.248703
292.001720	1959.176043	358.607885
255.093515	900.686836	24.147781
0.428064	438.903813	144.358430
167.091265	1398.801103	44.058258
348.211568	1114.356955	167.840124
211.146226	343.427932	394.781103
288.231864	1756.218601	298.687097
260.684279	1348.419675	450.185781
315.910753	1263.906518	288.883900
296.412518	545.782015	103.270473
301.945314	1393.993378	144.389709
161.805274	465.229243	101.874124
150.452144	475.648529	448.216279
42.938709	1906.867828	461.911638
112.596405	458.007472	189.071161
359.863884	743.018178	142.497016
346.385143	228.269619	140.462972
12.884120	66.270730	379.183806
291.068628	928.420372	241.249176
330.368632	343.747426	349.339356
182.084530	737.188175	101.136440
244.185288	578.234212	454.203501
164.828828	925.525666	64.723772
62.485605	911.893281	409.347940
3.399028	779.167771	330.759436
74.208974	1672.960436	96.632814
214.865694	388.079023	307.550067
333.012591	1435.635018	97.487346
21.837458	1097.553682	426.999990
344.247820	1157.539803	409.206369
182.569598	1565.638312	460.207121
80.881423	1831.768683	69.963531
154.365314	428.971225	67.184755
283.150770	1476.245786	9.595363
240.176989	1152.179066	357.227205
308.948679	1904.484006	122.500202
279.074268	1457.257681	286.091339
296.130842	555.139544	125.956789
346.765092	1730.549411	7.740822
31.219895	1651.819241	83.273564
66.198933	1520.833663	403.049481
354.576098	1207.024585	473.162918
146.280003	649.882475	316.501828
16.055174	145.560602	399.012403
282.344339	1472.339532	478.576738
235.396815	737.638587	481.511582
224.462226	865.561829	28.409975
350.863820	1118.187834	9.356593
53.584440	1012.952873	448.727015
299.411889	1790.515195	366.364591
152.684403	1489.559719	274.907588
204.658357	1516.474425	496.926679
240.495381	554.334436	271.236704
301.589007	19.331736	233.494324
28.730533	1311.098892	402.226558
95.446281	821.420762	247.446953
91.561040	1383.234430	447.514100
209.590023	52.613088	60.663039
232.817859	1401.911404	68.200694
55.740945	1757.911472	397.093345
337.774853	529.537865	330.180573
170.417643	986.070620	141.024786
177.095428	1203.319417	14.177531
48.897430	1565.572458	473.007937
332.387341	1971.256494	314.798974
142.116441	1908.776369	441.789773
30.850911	1159.214106	322.841694
54.686099	1926.965995	402.826654
286.511461	1774.360395	117.674878
174.282687	1288.857812	51.557090
233.228362	1175.645757	180.910279
207.377961	871.907600	409.870381
304.162406	1471.725305	213.248984
103.961956	946.992586	340.501190
288.281238	1508.165205	80.499842
61.260609	291.710545	125.110596
287.721174	940.284743	102.080740
357.743394	612.527074	478.378802
300.155937	963.240788	48.629537
115.208449	1837.585686	255.399687
265.053357	1969.327907	382.139646
185.843396	1405.792402	166.500219
41.300843	1309.835028	45.638878
210.057378	1912.806941	36.184747
33.844193	1524.725192	292.450106
267.275788	905.918370	69.664512
86.988577	1387.229579	427.141333
245.572524	742.521760	453.979793
203.467850	611.337351	263.666389
336.610335	872.963042	373.130938
290.743969	527.391254	408.321054
59.743242	1624.930052	244.842917
290.380749	1979.590525	112.849687
96.102544	1246.316830	171.759193
271.302669	1563.197840	412.681938
224.592742	1425.929049	433.589996
182.265324	417.382862	105.719235
152.272906	972.564649	15.523908
357.194669	1633.209898	137.097693
42.074575	1937.962526	166.782098
170.290033	1874.492339	94.579582
160.496197	855.318865	64.700876
350.163408	1022.737064	472.690941
215.388895	1108.816915	444.153495
259.136722	1294.388731	468.725558
26.906870	455.093424	241.181530
233.557421	1649.664730	30.797036
159.591456	1181.060152	385.442736
71.574733	1368.778459	313.555293
8.740957	612.255301	434.668749
207.185990	1654.796791	220.645752
310.969820	744.751687	324.639656
260.833242	1324.897468	77.936785
269.072700	98.502313	129.163539
16.047776	1687.045102	229.246691
323.279273	1396.808103	269.677216
50.416586	612.872864	124.993152
113.496552	882.137713	400.786075
301.284730	1269.580874	129.801653
208.068475	825.292437	287.703942
41.222563	1886.860387	97.293003
115.279987	1154.421469	388.339619
65.649103	878.406437	263.350151
11.931206	1289.530414	2.842842
178.228479	102.328849	138.093819
32.779908	1940.158894	439.191372
324.847271	452.319079	439.862575
263.987214	1358.812772	441.372895
20.521426	1466.668845	353.248198
16.100779	1802.755843	43.892067
189.555254	1806.648480	426.025715
139.206706	1628.319647	161.061999
286.144547	1343.734174	116.797954
40.598994	1739.177779	451.907505
308.176782	136.459637	188.312399
291.947945	311.529857	327.826245
15.405195	1636.941894	293.695361
273.391799	1840.232478	468.066636
256.771495	380.266409	262.302284
345.653813	829.665647	108.453905
276.810392	310.367753	115.568335
289.226899	406.574809	33.189185
3.711635	716.212233	330.384203
167.412815	1573.139131	359.733202
308.906035	111.546123	319.420232
56.385930	600.185991	216.664539
97.635192	1595.650228	315.247443
304.911626	1628.430066	213.399580
41.792593	1124.854210	218.824708
341.409097	268.814355	403.055175
169.392799	1970.611908	303.906274
246.485506	318.184877	226.791324
15.034158	1936.661068	10.178570
157.067538	831.504940	293.364995
101.096540	1591.555127	156.396857
54.600362	227.563295	120.741615
191.993421	440.185156	208.698419
281.179105	1364.682482	253.996701
319.484052	271.383337	156.808025
41.516638	270.650735	59.969732
273.382020	346.572248	276.258239
84.666025	1272.211483	156.868404
51.953252	103.634682	251.696052
80.269549	664.354150	288.037581
289.411461	1239.971632	364.977016
346.721731	1426.097496	425.728665
48.287921	1926.399503	439.254771
104.078176	1847.553121	285.145677
40.044627	200.385795	164.006084
212.874350	183.415041	240.038316
164.839014	1178.610689	389.060163
227.109460	1112.914593	66.987439
250.249710	1488.372935	477.027223
38.443427	1055.110957	399.043001
244.758248	1583.470258	373.755549
175.646469	1335.859101	269.439364
226.441372	835.916665	470.310818
11.655542	1366.999724	172.119257
23.316297	572.984438	153.457888
168.781577	1985.210096	245.934623
111.009431	206.017746	26.338929
265.229030	1918.347263	264.656460
336.538484	135.574128	394.375328
18.371504	395.049190	205.290471
197.095925	929.920339	3.849307
162.452423	916.409123	498.006211
292.150219	682.576020	457.669417
159.204751	407.410970	187.899233
294.095022	883.879120	51.618881
107.981360	1569.486944	223.821229
267.145429	1848.192835	72.224934
103.319019	862.054509	423.404608
5.354627	984.255365	307.472855
112.039951	104.734207	58.653927
8.232852	1748.070915	332.786183
230.349972	536.119746	393.495326
230.535546	1256.530750	301.112819
9.095973	1817.459323	392.591867
35.310497	1551.796679	74.840880
79.601636	1176.210287	165.488850
140.980618	337.264799	453.900292
29.200063	1390.867208	141.302994
355.926931	762.610093	293.570830
227.660759	1075.095281	15.134532
161.369419	1429.774389	499.358267
299.104443	1394.459029	297.886572
203.618490	144.344242	87.349566
359.147794	1466.554771	379.528493
8.123097	364.580757	202.239443
198.470494	852.939740	315.303515
87.490402	205.560140	190.661845
39.128410	883.556591	200.585951
181.611782	1499.030046	80.294049
309.247054	211.138140	263.803201
159.275687	1420.974926	265.757357
280.363152	1664.497447	388.945351
174.909234	675.635529	158.107039
197.831829	1678.748493	84.187613
248.716696	430.306916	89.441320
187.394771	983.963143	239.947047
121.313217	596.719964	180.196683
253.274757	1515.531511	408.737905
49.242858	1117.313677	403.116797
86.167616	387.953679	149.542563
93.228972	291.796391	445.478690
260.886637	1187.996010	299.955630
316.943932	580.645825	195.436579
67.897822	1101.091410	282.727097
257.739082	1356.053204	222.066922
194.616235	1177.460779	388.665932
335.535931	1041.220350	116.328402
93.988442	1741.196971	258.089435
258.593022	1459.989601	66.671198
347.801471	842.109474	2.882250
179.053056	1025.792827	229.269737
202.895048	1960.320640	382.243108
80.525984	962.310865	268.282348
280.069388	1961.234638	230.864833
21.477173	1896.465921	431.567905
143.505838	419.007641	350.608173
105.636488	1313.709955	197.897546
122.202018	1132.142852	16.338002
307.225822	127.591707	172.436746
108.812005	349.897959	116.747010
206.884190	1914.655887	263.397233
75.053909	832.620098	256.075461
334.571879	230.111516	295.664080
323.718637	1240.428363	456.427223
310.451885	342.329135	42.882625
243.714033	1793.460234	171.587487
82.023497	1524.653745	76.408883
301.358536	1378.594044	101.058471
36.891714	118.990297	315.341576
314.543432	1731.961978	345.408786
245.458901	506.632303	190.532757
206.891549	1829.106919	386.024981
298.586659	1374.650598	196.187675
287.946820	130.706209	32.836856
143.765431	582.890186	310.603150
190.034737	853.725574	56.526432
176.932363	1046.355212	376.222386
193.240117	89.823206	420.764289
306.479295	1253.788214	199.819241
153.637801	882.450458	73.728179
65.729282	684.337086	8.368152
83.612720	1065.854416	330.629632
85.368882	305.954880	451.804296
251.771851	433.472048	271.302313
174.166269	318.824773	109.473247
243.502289	1138.136934	88.653844
174.725391	1835.200889	3.137521
206.600217	950.431380	324.644185
266.592190	387.241637	432.753343
115.107301	1860.642709	369.240806
94.203750	1395.847720	490.584076
116.309964	475.792181	487.747083
164.709904	411.064675	455.048181
120.024755	342.269819	380.433912
153.527814	888.372367	260.871611
76.397147	1091.992183	233.433742
325.937259	1632.682756	84.778964
312.073325	1584.100118	303.853691
275.804444	457.550246	414.557448
109.456570	506.517038	183.567304
59.401640	938.586744	421.743290
132.801620	1956.789345	261.723239
280.555613	1369.772203	201.563910
86.546112	368.921938	254.447837
297.151450	742.409676	0.356737
212.010697	1449.840358	335.428283
212.092263	1513.930037	304.193828
123.816239	1675.409242	55.491513
53.942877	381.972189	64.398612
290.115098	37.495205	356.410887
147.744169	302.114166	341.925107
196.144237	488.488373	189.775796
199.049560	1280.847862	162.130383
76.424276	1508.404129	125.035692
320.334955	842.701599	429.944861
129.328414	427.653025	221.925604
295.758704	34.100133	287.018952
151.539298	128.402182	107.769036
134.375892	1600.435451	493.159803
6.406321	933.801357	473.920450
353.935373	1434.669488	280.353123
51.890359	717.108448	372.413476
322.551804	1512.747732	22.368190
21.575913	949.180140	146.464232
199.797628	518.388642	127.588881
97.390697	1495.042240	480.003688
28.572193	140.547437	449.631078
322.941739	1701.798221	324.584089
357.922515	807.349572	310.696479
14.316757	1736.952662	244.999362
87.296984	1605.900772	69.025118
243.146240	1172.839542	209.630092
309.146289	282.942956	135.393497
133.520433	427.489455	493.727292
63.582877	233.210808	463.997587
37.132778	426.747727	491.801888
1.160790	1859.854067	426.196574
77.081417	1052.167678	177.269534
331.886662	1823.758416	433.661685
90.988570	337.631541	366.817329
250.546571	1870.819062	430.610524
320.977781	1756.799553	116.229301
54.819396	1176.034895	124.785044
329.555642	1978.991184	281.397018
149.598644	335.563701	382.507151
21.760907	833.886842	314.989436
122.471644	1035.932137	65.594113
148.060665	128.661432	92.173017
258.030542	962.405111	89.343193
292.855105	866.660874	263.612157
167.689478	1004.895200	367.622017
39.387348	1895.219967	210.834902
325.363269	931.903150	215.400972
168.369931	42.487198	399.436630
113.221555	413.759993	176.809819
240.678207	1902.773747	162.318718
290.215928	321.290105	264.718064
278.280686	787.162125	322.901145
291.609277	709.160444	48.945288
6.201836	1827.253911	64.503998
10.512409	1509.144597	397.631023
157.780643	1434.816143	485.298070
274.064692	1500.162588	443.369787
73.368014	375.817118	301.875844
350.071075	994.910786	423.867076
231.424881	1742.235006	178.771258
246.827259	1563.458396	135.694650
29.494804	1550.540844	338.145314
241.372891	1442.735573	383.782367
47.982151	1613.652250	350.429899
86.540705	142.151854	226.811168
313.271332	332.150677	114.788071
341.125409	1383.985015	287.690394
129.694176	584.711177	307.477112
104.019181	726.921489	110.579729
90.353326	350.417309	471.324903
311.832189	730.301623	108.152834
54.430679	1548.984423	69.701801
239.241349	621.526525	378.332320
350.133758	1035.952791	403.720543
87.376520	1889.886691	119.143728
235.899104	1892.173988	228.057196
9.812496	113.081664	42.061655
7.342842	451.728147	53.821516
231.452090	1249.289907	86.748159
355.469254	669.983699	101.869360
182.112626	1720.858419	141.838943
299.705592	667.077700	474.103020
242.722144	42.311930	162.092514
52.012432	1075.955791	357.867091
232.205141	846.686349	93.201853
250.292698	331.448956	90.043557
349.312589	1635.589233	175.766235
39.685471	1883.082193	467.605694
35.813235	241.085006	465.308304
95.865156	1029.371564	362.700219
139.306807	1473.470704	427.099523
359.299983	762.853462	400.565724
231.784741	1396.888527	148.014888
195.616198	506.986253	402.691525
330.101522	15.095730	33.819833
118.004659	511.472352	485.518293
138.638238	431.478723	130.017200
327.189596	377.236695	3.872541
277.238760	1117.102751	85.071781
175.541496	545.325822	127.531581
42.124183	1831.188348	425.382205
206.287086	823.046339	294.939595
1.699501	1327.095918	152.956629
128.304447	1894.184279	238.687748
161.559443	1905.884895	287.271567
325.594638	1350.257825	197.607180
97.498412	1981.161567	456.120116
221.240756	1735.840548	367.428737
188.426542	1063.883079	314.744269
233.153403	1019.478839	272.402848
293.069905	1731.416000	388.609976
140.421225	1197.326291	364.052652
268.046397	695.513325	156.358752
352.745264	1199.289971	225.626274
206.324470	1060.853332	15.309694
246.717599	1030.181080	298.767682
265.404825	1620.912726	487.802464
157.098940	1144.234322	83.948028
174.971824	1440.531820	447.865182
355.108303	1067.056989	305.508238
300.345409	568.404280	411.415561
124.666776	1250.775506	15.371478
277.631447	40.356546	82.187542
286.859251	1533.751540	458.677954
227.651716	517.962681	487.896304
82.197375	1869.964692	263.228355
285.839005	1503.723148	481.278711
232.006676	41.337554	196.944957
334.412151	117.992605	467.869228
16.707364	849.396690	45.126250
295.171823	776.257883	93.267613
125.984015	359.372173	422.253098
267.631414	802.957922	411.005690
46.349476	505.999516	211.060782
234.757728	1200.439334	446.925355
61.955537	565.244127	427.247334
94.044148	1176.082671	15.919041
342.976121	648.556531	65.591202
10.393424	1561.143876	205.110302
191.689811	1347.711099	85.037994
271.153442	1916.712195	371.476311
48.849824	1411.083417	179.922661
298.834136	1700.657594	19.812855
0.162019	1416.176237	159.009262
45.008723	1961.716218	404.745286
16.420656	1255.672442	385.259333
312.377294	1108.585759	27.002274
47.554731	1059.221806	117.763018
322.494938	944.058401	246.678037
82.177337	1716.700828	275.411485
269.151772	1435.760789	285.601594
138.614951	980.286157	93.568673
357.283383	1383.089118	28.354853
124.720931	966.597064	142.597058
57.123941	1714.649905	494.153709
11.427301	871.738237	67.670039
286.410730	1433.507163	312.505805
199.012946	1271.533471	435.211581
146.348399	1342.668676	452.956386
73.705451	655.604944	320.008457
149.993802	1792.516451	231.075558
230.935040	1206.104599	296.184527
106.789286	922.999363	397.485790
33.964832	986.613466	345.122195
313.599887	1469.107560	318.869770
219.092611	747.811576	250.875049
323.740575	1950.669184	31.520806
68.159538	1857.735736	191.495771
199.448534	1235.238808	120.590351
317.585453	1723.389748	52.648145
69.149910	1232.859989	51.474981
13.951973	430.288911	445.203953
318.938950	874.726961	288.249051
261.115732	833.635552	167.089642
146.589601	1066.128450	163.858167
288.116747	380.125974	154.095829
199.480003	1579.416794	296.812128
88.154551	1746.224997	470.452346
93.558776	1418.362055	273.789891
112.538375	1324.027441	218.204576
85.874189	1425.249081	94.059287
26.034108	1954.153991	108.917334
313.231770	599.387581	418.098781
296.715786	500.971795	50.693117
266.099936	674.353749	342.451539
307.038349	1791.541811	175.431463
171.052851	1276.789014	320.353867
234.963892	221.207481	260.983261
10.087073	384.025797	50.245689
33.294871	1705.592524	446.721214
11.249155	1944.265218	115.958198
73.682963	838.862674	401.367229
340.072532	805.503915	192.022653
293.056546	740.823526	419.438414
28.534888	1052.874966	121.561256
188.511121	343.809026	262.914460
322.531335	1133.547189	75.219513
188.900662	908.481911	287.768981
324.384789	307.913930	222.175505
183.085764	1682.577478	352.948148
280.955380	1121.255105	394.281591
228.444749	521.157554	328.116416
353.759617	583.882114	414.538409
142.562203	497.769459	303.479627
80.172009	1297.369667	77.400910
205.533147	1179.356583	39.344621
107.494159	1923.520519	343.312721
340.722210	847.955779	38.794762
104.416469	1278.856519	54.233952
100.428385	531.427864	240.491710
244.655234	84.899727	427.447832
255.240653	348.838302	398.797098
316.292946	1708.121919	49.643221
17.358200	610.347478	394.673694
115.458122	1550.571243	25.821402
289.225414	903.801963	250.891948
172.767702	1752.424034	261.911834
245.949978	628.983361	447.966401
273.145306	1083.081441	194.380187
235.817257	662.835857	131.198904
276.559883	1380.687730	62.549967
288.118406	558.505950	159.247930
266.402085	918.897983	357.830228
75.047790	970.718631	85.435375
164.688732	406.310933	248.682473
179.004784	1691.715504	398.372641
299.254815	1428.933521	195.343114
289.885260	1833.435910	109.429352
323.307994	57.847486	47.634368
220.722025	806.607048	317.217231
27.645162	300.677844	222.903975
160.171734	552.660511	465.246443
42.685570	1837.045379	364.719387
12.917624	967.078684	105.143625
299.790675	1932.585880	91.009189
175.807600	1053.287500	210.509638
50.967047	1623.713032	118.840629
335.108882	1158.929087	168.267625
313.894329	1343.366402	206.975008
349.826532	1536.885006	154.974170
300.105990	1432.627525	210.643137
111.687624	206.245192	93.614415
105.308390	29.915412	96.151360
72.573667	788.687666	407.761520
176.143700	490.326766	189.595046
332.682204	766.281940	367.510844
81.190094	568.068963	48.697985
182.687072	1600.494654	257.643745
111.754894	1206.931866	229.333142
347.627197	1711.742292	122.014269
202.633932	1667.316190	70.534249
87.445342	1954.825378	90.193937
195.629399	309.759035	218.142482
343.013703	288.176289	169.575396
3.692857	1765.983211	498.077193
86.797518	439.198813	225.292936
177.726840	1588.196074	60.705425
101.326960	489.922555	160.018692
54.656582	1092.593473	375.178512
71.747669	1836.978116	113.162080
15.995130	22.808978	481.621290
325.024698	31.411308	194.680110
21.139745	1007.798790	473.264588
323.455554	1414.584180	387.001407
147.962547	245.708099	88.620945
4.699182	1196.848586	156.773616
136.878877	555.710641	65.655577
330.702570	1238.481538	171.816214
56.170373	1046.426697	147.326566
149.796732	1.753725	268.108069
315.908969	903.991649	249.186918
228.368335	31.290269	77.999000
94.475581	610.175469	437.422138
188.311553	495.937513	278.840385
354.886625	1115.467898	231.181372
173.305919	630.606608	5.314157
246.833095	460.566634	399.322119
218.231895	1355.817479	189.808037
217.442663	1703.452728	496.060016
21.738685	36.563999	216.827697
315.754561	1660.411809	62.795699
222.734028	617.601198	153.983304
133.964444	1619.581856	224.186881
221.059793	59.549639	140.797872
345.964532	815.508409	496.455825
293.239487	358.023750	107.981535
336.223902	689.162315	276.122670
358.733254	489.258372	31.009106
54.885642	1217.265927	252.311183
286.083854	262.443051	372.017364
219.955607	402.552390	378.318576
15.176804	143.755585	143.312646
128.097831	75.710417	95.615076
114.417074	766.693711	91.002388
66.084056	1632.645151	376.103871
272.946084	758.192647	454.168073
9.446829	273.963102	158.948055
352.570890	1704.749036	323.393194
0.721474	769.910797	411.594603
70.418174	883.579050	64.249557
300.676135	692.874213	337.021871
24.813497	1690.647624	443.914519
359.070179	1663.361828	405.737406
36.412291	157.839259	246.689794
161.619637	306.420090	357.165999
133.892037	1738.702657	208.144818
85.988114	1760.314540	331.549003
90.255518	592.191015	148.072699
321.042081	1231.360740	292.393934
162.971814	171.068065	32.848317
130.980965	660.975402	36.847497
219.726826	1958.043949	182.136718
294.106310	1651.982728	176.518188
89.801761	542.082951	80.836069
127.473421	639.324518	428.881553
206.419887	1911.381549	277.499521
288.312742	1356.775152	102.057394
165.192194	1405.958845	437.810544
188.521055	373.675760	163.273045
325.126884	1029.364838	171.010996
280.648085	793.935857	379.164906
77.753872	609.695340	428.100735
173.131020	1813.168657	282.433401
336.030200	1491.886829	14.235220
187.186862	157.957322	224.282183
33.674249	76.282067	8.556114
296.663461	701.938139	224.401766
187.601669	1150.722048	392.231923
282.129472	313.355661	277.138854
68.809622	31.269779	106.578505
358.708272	469.671769	224.545187
320.550698	362.760498	357.345363
268.532391	1752.331557	439.354592
349.098630	1499.046530	182.324098
314.121207	394.932807	401.285129
351.747128	705.161805	355.685128
287.214634	752.025692	350.280390
195.297607	1921.028119	259.885068
341.583480	633.237638	489.432331
355.706811	1507.612545	461.431615
240.354262	179.583469	102.925586
118.137895	1991.094560	58.501338
286.226754	1494.347586	380.244086
326.119846	1002.368797	476.176101
107.672758	191.838738	155.062384
170.406676	1717.323080	478.564836
73.230601	357.808104	195.740224
278.640748	1543.377275	236.515065
201.734792	1048.688501	303.384421
235.959657	803.380126	283.616228
162.141528	1765.894836	275.314466
348.892643	757.387398	92.502999
283.503558	868.871140	227.596841
181.135973	1272.151303	463.669675
103.083183	95.571020	63.906337
154.449754	1167.611420	56.625967
124.503120	1642.303004	62.838888
96.476285	340.853005	61.401339
201.805374	750.541077	266.999313
188.321731	206.917855	394.081776
69.189136	1718.368784	335.776322
63.676719	796.703093	55.692803
305.111879	1613.348688	276.671722
27.848343	340.749405	2.665806
144.022926	603.478842	117.409632
108.056673	235.675615	320.094490
46.365993	1924.665335	408.027134
353.499105	1047.539889	106.730984
161.998821	525.963154	107.691093
185.309815	1865.929737	404.251936
285.187561	233.334992	200.801390
140.373664	396.135706	414.617360
335.600694	840.330420	181.479503
193.296994	49.152993	390.555296
141.764808	513.721747	211.131577
275.563511	1981.451026	89.059685
230.013396	1403.430640	190.929576
94.491840	1539.066201	200.559818
309.628285	1780.504989	199.735460
46.352178	527.688734	169.823470
117.660745	319.861808	92.363762
126.038610	992.311159	62.700645
125.015225	1076.341854	113.814843
328.761059	1701.945485	167.937029
149.132988	1259.438466	439.478509
273.711326	1452.124910	208.954676
70.683424	1780.860410	229.527711
297.899819	49.145120	453.063256
226.423014	600.140320	61.649234
196.404358	259.974979	218.681681
243.294207	1266.818117	0.560199
242.450803	578.410347	461.337121
9.876368	1826.184065	429.127225
164.827391	1980.227874	128.094166
85.992075	535.268550	484.742697
216.486701	45.935652	112.330644
221.438343	606.491109	227.669160
144.997690	78.949000	210.322046
308.033977	415.335593	34.743994
52.330651	1446.535968	79.555580
222.865835	830.470579	309.857371
64.407897	1518.225941	69.552384
155.518078	589.289497	499.899116
345.322878	913.967760	85.337693
155.701034	1782.056664	360.261619
339.937129	59.751197	247.427665
47.100080	1869.905693	381.750708
24.781405	1288.623590	498.751819
289.471142	324.916501	354.265491
259.923178	1498.064724	477.705371
130.777620	1527.092930	87.980191
27.582072	724.696882	316.002754
77.494641	1511.645667	278.559157
147.182917	518.029638	226.637699
142.006013	153.512338	141.282897
113.412088	1936.441044	259.845177
74.049142	1128.959479	475.237622
184.833411	155.896348	146.844715
223.611764	168.055457	443.911907
296.427372	440.562562	21.130750
141.941587	1495.305732	252.803407
296.440878	1506.452742	368.627259
151.558101	1785.365387	152.144956
20.842324	643.305030	479.412760
291.355819	1430.406161	86.862217
21.937219	1323.359414	121.329648
34.464685	408.013656	120.233715
160.200827	35.387055	85.432203
135.591981	1875.187941	209.871963
255.151557	641.958482	473.889092
253.120914	671.750606	347.731775
341.322179	1466.514040	78.628037
23.645200	1150.508446	320.413429
345.600826	456.441453	107.123888
208.083071	1893.121391	57.823008
10.047864	1197.993381	354.523070
146.965809	1972.049571	87.427797
302.513069	754.652698	249.695401
258.001332	53.663954	405.920944
45.311968	1712.432710	63.609644
305.764651	1029.074191	302.192900
205.881947	1501.499084	312.949489
50.582239	562.036396	346.629491
215.171498	740.547534	447.027224
65.385896	901.582682	496.685834
167.262615	845.110848	422.224916
339.335400	882.512808	115.807552
134.041934	902.020675	82.466703
237.156076	235.829683	219.830037
276.224952	965.206658	473.870831
264.670820	330.025450	9.148049
213.372760	364.760866	304.920527
48.181227	897.926024	192.323173
144.153215	1041.556196	483.675052
153.158997	1542.245277	144.503820
173.222249	1382.428357	106.727355
215.573028	973.567036	61.670229
113.974263	231.733350	249.373154
59.937625	1961.993562	454.190994
