148.217849	1290.635822	219.933841
24.601544	1559.651751	289.088585
183.584872	1601.279340	455.719200
356.884004	543.069606	477.757684
41.075919	1114.594432	200.204992
84.902476	41.803236	352.195819
49.374957	1370.025194	390.486310
144.931051	521.810917	258.928368
282.117499	251.284148	152.369043
284.915040	251.844341	411.279428
109.326117	1715.259206	134.299256
63.211834	1270.203870	212.227153
95.203197	1666.556526	331.278643
212.336090	210.923248	193.549451
51.667744	506.724980	193.094202
283.508160	727.284302	316.675027
138.889806	1368.205183	276.461001
217.696364	781.806882	253.345924
32.377180	464.062823	356.382512
352.014764	804.130392	357.259860
17.020807	1891.362799	199.626724
160.821916	1043.695945	181.945069
2.363829	1217.075965	375.040769
103.477919	1191.220158	282.192858
261.790313	1741.482703	313.675501
172.946251	469.287603	371.631792
109.398589	1869.294767	144.656278
75.404322	386.263193	301.917643
251.934901	1065.300403	197.489081
86.378200	1558.444572	339.430632
269.919579	1126.900599	374.314653
316.119924	1416.093785	326.666368
147.376085	871.718322	298.161595
301.529708	214.574543	293.299574
1.401635	637.117390	496.097387
306.265311	407.282696	37.141372
82.698606	580.713103	350.740398
357.099256	295.295227	118.107561
316.194740	932.536553	427.321917
85.382474	1453.578919	268.186883
67.131762	1498.000259	139.673686
88.268877	991.243533	482.510094
52.450311	19.849992	456.877118
197.267439	912.364815	389.471254
347.961790	265.127825	342.386133
250.627119	1831.906700	154.164027
7.960118	1977.970639	480.151573
287.226907	806.031149	251.019494
178.444825	538.521426	171.130507
329.529301	1766.911589	270.263030
103.540824	1835.094630	262.482390
164.191430	799.025347	302.025775
257.002165	1405.938082	475.630632
200.765339	1474.351205	380.218469
49.168198	315.083331	343.994768
332.042122	1343.972865	414.206550
302.495176	1384.917105	213.474398
39.128426	1602.145227	346.794832
175.486306	121.532199	209.513955
314.354457	1260.404126	324.802340
81.704685	420.052904	356.843772
108.194380	73.958621	49.543467
173.912527	603.599007	143.804853
258.005103	382.101041	218.638452
16.691165	446.104512	80.071841
262.675628	187.446113	210.589973
122.906692	1912.091688	404.168890
84.519994	1699.296084	13.850309
202.925607	1983.137432	276.674212
66.809983	1247.590702	413.372528
124.519475	610.694213	122.448060
71.289152	201.449700	160.259171
305.834824	1633.768955	447.202266
63.230197	1378.514363	51.234926
321.534066	1511.478793	264.468483
314.870367	189.424718	118.915593
271.395723	1323.728612	479.904095
317.879087	79.313689	11.213356
190.732464	516.991265	469.878719
167.059464	1259.989486	245.850647
36.299234	593.297762	306.448531
303.971308	1889.057682	2.361329
50.037838	882.671982	351.103611
50.667979	609.881963	336.819543
120.302516	777.587550	42.630287
27.499645	1493.849444	285.155998
150.649592	1445.734233	409.046737
183.662776	805.407530	7.678429
236.858197	1112.446494	112.718874
39.154576	1140.608092	40.097459
95.191557	1594.500039	363.787139
328.478018	187.130994	427.261587
92.880085	1601.981943	439.051576
322.006213	1605.760996	197.871320
13.635750	1807.017667	43.656277
351.477328	1180.535828	199.832349
151.482245	1311.385734	204.606589
17.920820	321.211988	137.839780
297.505290	43.082755	242.936305
219.308487	646.899426	171.172531
22.879996	460.849630	340.578314
177.135483	327.089517	304.056464
232.883024	601.616785	468.699166
317.881564	29.257479	142.351415
113.058604	722.984367	200.582932
61.345457	1280.771211	349.143027
18.800814	1769.539017	338.910201
285.099947	1758.127744	431.325727
273.484412	324.865278	255.186276
250.626391	273.266818	208.108477
334.614772	341.546044	155.119321
132.728289	997.291137	207.789317
133.125895	387.861799	467.827711
271.331272	460.801070	332.264382
330.262339	521.718775	460.754407
297.182202	332.967726	379.707996
96.065139	1411.026125	20.098014
45.755408	1825.829963	125.112321
211.109081	1551.140467	394.075937
301.760840	1299.009072	259.544918
113.471094	1709.919016	368.601067
220.158004	1164.381135	284.821286
82.654326	791.468337	116.089221
200.777700	1343.960395	440.755258
356.911951	621.156415	143.117170
67.225304	959.566885	493.142761
297.131293	1122.748371	69.900732
293.973425	1587.857004	54.137676
123.455181	465.826728	237.072499
93.560872	1854.633894	66.042256
140.846971	238.316457	34.578390
129.842134	1831.697201	177.795824
55.459620	1863.620085	65.556338
208.549012	191.614396	168.128837
223.634705	1958.737230	169.770393
338.460255	529.575673	461.463037
135.018690	155.521861	334.268876
131.683991	38.138294	24.155900
114.195377	1781.001269	494.191081
144.610052	1183.039835	131.452986
107.076179	1461.197858	308.932244
245.749864	1208.872766	228.176279
277.214368	27.361284	32.702997
169.016621	586.464842	488.119784
353.502904	1175.200482	295.077459
326.233715	1811.439056	422.085284
257.257536	77.521931	89.148469
297.782447	1779.306285	424.866531
229.668364	719.423468	280.667390
20.000826	1624.486764	197.868079
255.595591	995.667502	239.279571
108.490901	1436.265248	143.569427
314.136876	1752.320535	176.185735
73.419039	1867.686310	163.944937
82.791602	1382.596752	156.601862
153.144107	1534.676784	430.821470
145.065781	932.389668	0.866729
266.878038	899.371978	316.460627
62.722053	292.364951	489.612260
319.721867	936.600255	175.710579
351.385391	917.415768	349.432992
174.850486	1590.859840	130.103283
188.589304	871.175666	340.792600
139.747546	464.749889	132.873809
167.346220	453.464164	74.144343
223.537977	1210.774263	467.726665
164.548325	1860.594959	344.936948
76.946329	106.579481	221.686088
69.616975	522.364667	455.554042
321.157227	1172.953910	177.465419
100.581042	787.695500	435.063901
161.253972	1598.714038	139.413709
153.270757	1161.452262	199.647307
212.573497	1621.093428	103.778923
230.925324	467.430662	371.980224
156.127203	36.184429	287.104141
39.796019	1196.183247	248.851347
349.067118	258.992577	353.423516
170.331699	1413.694126	418.207055
300.478489	1560.867718	422.115742
181.264008	975.720042	79.125998
41.021624	1226.964967	431.420668
32.942028	848.679055	446.353078
83.660575	198.890101	273.216661
28.090012	563.316327	256.650140
358.775610	368.815437	186.908849
172.421087	1587.876256	398.580250
83.522949	434.579178	151.225460
191.973818	32.422278	462.118899
328.405003	235.770187	121.604644
254.877509	1123.361222	316.253514
133.741282	810.655366	35.917657
333.093356	194.526445	461.809091
147.548518	1034.700203	103.307209
221.202792	203.964137	278.647391
54.394841	484.409354	82.291755
26.588390	1941.045650	471.858023
230.666343	886.827304	224.388636
231.888461	649.892253	373.967586
130.080811	271.560743	316.542544
335.612859	1342.220277	312.220656
183.951086	114.276399	19.063506
317.702628	851.262885	131.165741
353.058979	1044.744595	71.605718
310.614340	747.270412	24.023301
243.359193	1016.555334	234.336281
30.383791	260.294397	4.741519
346.360015	1018.489584	484.087047
51.208135	1268.900987	86.560574
163.131705	153.466154	47.913322
277.585839	41.456805	11.381455
67.447729	1146.224818	290.884709
295.166913	521.648539	22.683673
241.161147	848.071698	59.015569
288.343629	367.526518	497.823936
222.655843	1987.074872	237.990866
221.463954	725.744137	276.389663
353.637918	953.608871	154.396966
136.039610	1991.227027	190.918225
178.326201	1342.389377	471.033683
298.866310	493.097775	257.536680
254.786559	518.552232	85.403764
133.094087	1695.208829	354.708267
314.016776	1929.261073	423.610132
303.078791	1120.641619	155.283144
147.576648	39.312531	125.207537
281.671298	1695.675946	16.612773
9.829932	1687.253532	350.934296
218.758798	591.027806	330.113024
152.378443	1970.064148	140.678144
308.251688	1851.315629	197.776495
192.952240	1753.982758	344.964410
191.352882	202.047337	492.160389
34.627611	1748.195440	290.567818
295.368220	1438.736016	32.558855
157.516295	1471.929108	188.272912
347.087673	1211.560609	374.070180
16.063653	1184.333584	73.759962
66.180641	911.721875	86.875110
250.001109	1529.832027	117.795391
119.479573	111.414238	190.068048
96.534075	699.334144	106.995726
325.688154	1032.348968	86.640903
206.367040	109.145521	284.575993
302.371974	191.795626	190.494565
115.414677	861.244807	16.665045
207.348943	782.618699	488.828455
325.751492	1919.592413	311.572066
17.722717	109.209441	250.174322
142.930276	555.874165	432.056994
70.538507	1621.977873	145.798279
129.906234	1755.007667	288.546932
162.395355	783.403081	145.287843
293.795781	639.442268	347.980803
161.759084	560.633302	290.097207
2.129031	181.069461	104.686935
12.848034	432.788327	199.891788
227.641272	685.836117	173.308248
118.230564	1759.246438	0.234051
268.689832	1172.601828	147.764914
194.341302	942.302632	3.800342
199.606267	1254.826206	137.900202
306.387167	263.488209	316.787665
204.814322	628.263575	470.435716
97.077695	90.766253	210.403032
204.399935	78.005931	349.375333
160.040805	1915.026776	454.643803
138.238733	460.469346	271.127994
85.530773	306.961188	454.377371
324.058838	1800.723955	380.131528
41.267571	1681.264492	84.728311
69.908510	370.437040	15.873065
81.281051	1708.790456	423.257735
247.861145	1054.364614	444.769898
313.362621	1869.855936	478.694579
68.078939	1118.146762	309.436725
44.810727	1571.629796	286.952077
87.366113	645.537812	411.185130
344.778521	832.868438	435.894315
209.840619	1654.469389	352.089761
158.028227	1773.452239	132.280368
301.599348	1789.356752	351.042004
44.359203	1147.363354	180.466489
283.559637	850.087530	173.794348
172.585425	1637.024455	249.416360
151.680750	345.085944	389.005754
204.764554	201.266137	273.056732
44.280205	1064.542164	177.981263
281.448833	303.995797	267.828326
79.975235	1465.381585	436.392303
84.713696	1437.033212	429.110397
318.280432	1775.096795	88.492011
150.840497	222.658964	446.161514
355.716318	656.699273	227.175587
0.741902	279.335399	475.872696
167.895920	291.495804	179.863974
192.615558	373.917207	346.660399
46.594774	1091.042006	112.298183
145.539281	634.692134	337.666083
337.780981	1872.738455	103.868383
267.028997	573.722099	391.649807
123.959363	1135.182005	276.859850
338.600201	1634.721904	202.463357
326.229084	1699.497291	489.567509
212.128624	1537.743245	238.164888
91.044136	273.395708	125.547083
50.517635	24.206529	184.289298
120.568715	967.534820	55.422143
268.714669	1019.281710	371.270976
269.294997	482.596524	48.340973
227.549585	1751.345977	105.109286
243.513344	189.419696	266.669474
39.460558	1222.041454	254.354155
32.970173	1455.363899	28.623432
159.369242	1800.024403	258.135626
191.842925	1096.272994	436.347426
185.372274	1603.243954	23.959031
326.750468	1601.847639	99.831911
43.448310	1604.396655	395.720538
3.216512	500.685036	132.842859
219.630882	356.642718	278.188121
156.088452	1143.816156	259.879485
108.576744	392.275923	314.726996
194.989175	1193.085726	312.531647
275.780462	1774.203605	345.240663
31.770348	218.639771	447.808121
286.944491	517.336380	13.339014
338.768805	166.715709	307.974417
140.880446	1791.122854	357.594338
245.215285	1647.745684	281.913903
96.339392	1515.560644	341.588930
171.657580	165.324376	341.348533
128.375400	1970.216931	159.533597
231.508993	986.443731	225.846112
168.647479	1576.746075	367.640421
136.896830	648.999693	329.728285
118.301497	1480.075049	31.944549
245.753824	266.530532	467.233291
118.547441	16.028983	60.924396
105.170930	162.121870	183.799578
16.868857	1027.951589	111.444348
38.769343	1587.789286	401.684986
282.367644	1478.356477	45.483374
286.102404	814.234409	127.024880
232.745664	218.657126	426.615117
137.556805	1709.727627	379.531723
193.457132	1614.491174	76.442754
76.199218	1011.106477	177.638571
343.248834	595.229722	149.142711
330.847891	1527.206278	454.881219
326.581711	851.788989	134.983166
83.243580	1577.350460	257.258484
229.229655	1135.211847	463.877282
37.760287	1034.249954	331.124879
339.638124	1030.805938	177.594471
131.426936	1755.236308	133.860828
222.539243	333.847747	80.328900
327.217582	1452.224483	495.895952
196.026580	1327.507889	263.401588
344.695491	1239.290935	43.025952
152.464954	100.113727	160.854286
7.128706	521.243535	212.094874
346.155453	937.644749	209.694382
203.029351	1007.626413	243.705531
176.572437	1896.063262	241.727016
38.015675	980.738125	337.569871
317.257875	304.439531	119.410117
161.281785	1216.826107	206.479711
167.604451	1408.778129	396.970009
283.710331	1824.849380	332.810763
75.717323	1924.144964	486.279281
278.537112	1262.512579	110.889342
193.031978	1813.697175	113.276214
257.791960	984.952662	307.235541
353.880074	1316.012332	177.379510
195.544797	869.647975	421.342967
62.024342	1997.047637	102.642364
61.466834	1418.867947	462.241767
1.480765	834.611417	496.823062
324.153883	1748.267374	198.300991
310.575286	177.955470	116.841262
27.583640	1805.594711	372.223889
20.473508	342.854346	79.680918
60.898724	1101.167298	272.876344
317.910177	627.582504	497.627281
188.728559	16.110181	193.084155
357.907980	1348.109217	355.999659
73.285616	1336.125017	129.410297
103.644504	1535.355498	272.969386
50.750092	147.124504	80.720096
174.450026	569.395113	468.699337
113.835627	1389.118378	287.102675
32.155734	822.614484	117.015395
358.863465	508.236355	14.582596
72.848005	713.767345	129.687688
297.281284	823.143139	206.119691
259.712322	1940.920793	304.280701
5.301503	1398.644235	147.750923
54.837793	1450.155833	192.889586
209.852110	1570.470486	463.208548
297.652499	1393.947199	371.025863
174.131088	1659.231871	48.276881
60.198671	250.280238	83.581731
220.718256	1796.975863	499.029481
343.647497	575.541196	41.487801
90.709820	1132.623282	403.689196
298.190807	1932.135993	309.121043
135.356820	1204.900008	427.119019
186.790270	1809.697828	341.954448
205.962275	1018.537910	121.288611
223.241202	1081.392628	209.884430
144.105372	801.384591	199.335198
86.540065	1688.567503	49.003734
156.434141	1587.137167	118.111593
311.099100	1607.377686	60.576562
62.178285	1323.224111	74.167138
18.262821	1795.685456	382.048982
323.664413	1536.276462	398.779997
92.453386	1054.929345	267.472246
124.498587	720.640197	27.743994
81.009355	1988.912722	403.934656
155.892457	1258.422075	370.027775
214.173293	1435.334438	89.294732
207.858272	382.250609	478.337540
277.064158	1255.760272	305.496960
128.884178	913.437159	310.414276
32.688400	1294.263240	24.158074
280.331903	1320.356869	22.402361
214.356360	1052.074538	361.203781
163.343279	286.395103	263.751967
268.541070	440.463109	158.149527
77.113303	1063.235292	109.993379
111.075212	956.814029	372.259179
100.001062	1556.839622	384.056140
115.721345	1569.890039	222.804396
257.704506	108.273606	440.815858
327.845205	1847.632433	8.541029
256.281339	1998.300750	252.154779
102.983356	1541.523594	436.333967
109.660793	1916.620063	274.439706
306.112126	720.504126	146.234788
269.158100	1001.410881	427.584838
359.690677	1499.879957	223.847406
152.848237	1934.628150	498.671472
41.575272	1603.451170	358.951955
355.637873	1872.073156	491.779018
93.291528	645.568781	199.559902
128.976332	154.437435	177.955996
1.882291	809.781611	33.787361
51.556113	428.706680	8.423597
291.847747	1350.703661	251.756769
272.802923	1608.749795	233.167492
304.267534	1543.659035	348.041909
99.351061	754.229272	287.138509
326.800254	643.823413	389.260567
72.051068	1573.951846	338.423633
127.328408	1978.787212	327.708017
306.716447	36.566179	487.431507
276.901937	1300.230666	488.723121
199.105365	872.961653	194.306920
250.671616	1672.955762	29.536028
313.348294	395.247025	153.504516
353.728948	305.293767	255.680779
323.508995	85.623448	28.106144
273.435985	825.283444	211.245465
184.424214	1041.094373	408.665026
47.446069	1788.278636	202.476731
170.351860	70.695531	152.957984
356.215981	1003.592348	294.389792
147.937276	1804.247742	111.902493
21.442748	1844.791016	26.026382
327.452742	919.593494	438.715425
63.090244	795.066037	212.648032
118.544952	428.524303	30.878405
312.361603	1430.240943	59.583613
84.993975	138.455568	177.718127
207.955845	1749.064156	438.704871
66.291099	95.389118	109.656531
65.794877	1565.563909	96.343456
140.680220	1586.060676	204.435322
5.172642	497.042003	118.685665
145.476674	1128.300970	289.745375
343.149038	1411.978942	130.719047
220.910137	874.694159	343.345543
291.289530	859.046642	217.644856
86.622182	1841.490541	276.541448
169.744069	849.347862	12.600501
264.154770	1997.523826	100.099052
223.842929	1680.851747	182.488253
259.616170	1165.968444	240.646308
47.237877	701.300940	460.106020
351.612896	1610.786397	463.879745
352.143990	996.217673	346.119654
292.564385	1201.846712	98.299373
69.178507	1314.833180	291.172837
302.267828	1756.665894	25.101216
3.903189	1413.719204	87.868428
104.790134	1038.380423	461.338061
142.804537	223.110177	65.830042
207.821409	1350.095766	269.339445
279.801483	45.746927	469.595349
4.279180	1892.445501	125.680142
260.455158	871.502435	59.804160
127.510295	655.381571	6.929639
177.503645	102.102708	47.261028
187.849508	1881.865129	351.651633
65.435874	222.864700	276.640762
218.781919	496.243671	256.497470
12.126798	878.858996	93.420727
246.911990	838.509126	290.426164
40.851561	81.640898	297.239934
52.413364	1694.328915	242.095194
205.907142	1366.657413	188.733392
1.058247	215.672242	148.669554
205.467384	1406.239639	188.356325
204.175966	148.514936	95.600158
267.595443	1954.847697	230.176635
178.931425	749.459445	158.176975
189.918730	606.489085	445.547935
122.393391	937.291086	302.521499
208.970758	738.040565	463.539419
264.792502	955.876555	127.957557
117.612459	596.494791	241.889180
18.421024	1225.516489	244.508290
50.955027	1210.278331	345.589708
202.891745	1886.222045	120.752229
47.074098	1009.548187	271.886896
191.603122	243.137343	86.046268
317.593870	205.114484	168.995480
74.823137	393.908206	437.069782
81.757746	805.269784	70.998624
93.014032	164.961003	50.719917
331.382890	1646.207218	245.340917
220.732747	1172.497163	142.940568
289.880881	296.930932	227.241936
34.163482	1698.022534	163.349044
269.623683	102.344437	225.446011
347.305510	1556.355715	131.132358
278.388679	737.673888	314.672733
109.897910	247.048038	327.808979
112.430167	1592.868145	423.434179
192.199911	712.475025	290.056055
322.224035	1376.819288	250.821372
187.060412	1781.251091	329.377460
313.391771	137.696102	58.340221
123.293600	1042.597750	24.664403
47.811157	1687.652625	358.979791
234.201777	96.938214	450.802144
223.969224	195.866130	148.481674
283.428808	448.616150	55.891597
318.052242	1029.247112	3.949863
225.942955	1397.937239	210.365736
250.309000	1351.091890	73.901517
274.470529	1522.508520	475.814539
215.574368	1356.738936	264.800023
181.172432	131.970148	401.196696
73.587547	164.785212	464.686917
334.357146	589.889973	346.330278
106.257854	1977.330793	441.790506
49.296211	236.286879	147.743983
57.071292	190.800333	280.517875
355.084780	1214.431854	246.150557
191.040054	1386.777399	308.599813
202.762257	340.704022	6.473429
347.632837	274.849217	84.692318
251.781011	585.080308	293.454583
95.360710	1204.798905	53.636629
165.308190	1040.800379	105.319391
256.034757	217.265967	245.550084
177.950043	1355.874698	280.415774
274.478979	968.997994	129.302721
255.815190	388.061501	367.045996
279.565306	36.563161	355.733212
6.789417	1750.701881	126.586451
2.483054	233.151994	261.981891
226.102925	272.454183	281.629561
243.489698	848.402303	253.675288
55.682966	819.652368	427.062893
154.848818	1557.129073	371.254285
298.910745	1951.788655	473.353620
97.063004	471.418986	305.488624
176.740359	1524.322584	464.342327
236.730904	1616.096685	479.977471
148.264169	1887.848235	344.919930
239.437800	741.241482	153.926748
93.018080	1244.749502	233.969022
356.339089	1012.994366	300.222221
207.903638	607.578511	37.015476
176.672712	757.344126	228.754623
238.348010	1617.218958	430.675832
303.574725	1023.048115	486.072742
100.771470	710.355914	282.352412
34.625550	1878.886096	4.506018
245.022783	1926.907338	142.250130
266.839467	1919.380075	240.582492
232.166928	894.490676	339.105163
74.278268	1780.479404	330.111889
216.638659	34.374071	438.274175
150.910193	359.152596	23.606768
61.935529	1789.188910	450.847964
311.115033	1651.256778	145.663584
315.691811	578.288145	18.424855
142.863598	217.087800	406.694867
309.954025	1085.020820	160.814063
17.580041	712.114143	67.694949
107.868937	131.506692	426.461094
277.678102	1729.193127	372.377140
235.187699	1745.290467	73.183589
41.177700	712.808325	346.451082
196.194940	1764.547465	149.944621
66.744634	983.624963	96.602699
136.717778	1490.277279	1.473112
109.875100	710.232812	422.359460
0.545408	459.912510	332.750261
298.986401	1966.690578	479.737765
43.117772	718.802795	323.883344
274.532806	373.426476	340.370551
215.538033	723.719207	309.080150
244.123772	794.740156	323.545673
17.138456	1729.593892	310.979050
178.579555	1364.787385	47.844223
235.639842	27.363185	229.500208
282.225195	812.422822	304.351596
311.312533	1726.412570	336.321525
353.834158	989.906707	317.689325
79.910601	351.193984	361.795156
69.694449	195.750846	308.094281
40.949968	302.445860	163.975078
342.835966	953.555566	199.748698
264.213957	1086.006969	93.042885
86.329069	1337.930475	25.440962
102.088961	1076.828816	91.895890
217.287878	405.118537	181.888292
170.247665	551.166032	183.040665
163.872789	656.630475	196.333746
98.838224	990.969084	211.180147
94.420763	1479.504133	207.507421
282.237401	1912.285677	228.233683
3.259294	970.814616	159.420140
33.540393	1647.970435	5.245498
131.884855	1131.666055	360.921408
164.040993	1731.680652	215.856758
336.369271	1476.976471	265.047006
139.242487	822.065600	393.848930
282.185007	1049.665743	139.273056
40.849803	973.246953	176.060309
152.910402	810.012375	363.140106
87.362780	442.353850	167.456937
73.330076	1224.023901	482.612776
296.142083	815.557193	103.811105
357.807483	1953.095106	449.673795
249.310686	1696.064644	197.740832
254.200579	1508.230407	136.457231
108.421443	963.154641	35.144119
142.475541	1530.181984	473.259118
146.635537	694.790391	146.599091
314.976901	80.378152	170.448320
176.638208	1610.321750	38.411318
119.017689	260.470135	119.426144
350.932275	1035.019050	302.845641
173.661068	764.479982	96.724200
96.313169	1649.393431	78.535080
356.404768	1896.988427	199.670850
290.721596	809.378639	401.637912
225.422330	602.948158	318.728571
106.075921	416.734570	353.104568
308.140763	1683.793412	5.489911
22.571300	1923.026973	80.895676
304.418853	1433.939997	483.716966
253.298410	435.034842	433.991880
300.722353	1261.700607	405.504357
96.231110	309.906959	293.910531
24.119791	948.014042	422.317907
95.493192	588.531988	179.823458
64.033308	1494.638289	206.581758
44.488575	1719.215927	479.712170
186.238501	1665.596420	118.109203
126.058564	188.047095	42.165073
300.243035	849.348971	387.073729
350.988020	1647.840297	107.061239
126.128678	679.132835	28.887206
32.985010	1825.037519	226.616653
4.462981	917.032638	139.561991
215.022346	1568.866677	205.181278
16.788011	450.115874	109.245856
155.470588	1986.209782	52.026217
12.921180	1054.535841	438.020131
343.284446	1426.178370	268.268879
214.939513	1921.465703	362.667510
276.900452	522.929500	24.310099
181.881553	1195.289581	415.401420
110.044480	140.071863	65.657174
324.068060	1526.353186	33.827528
325.476935	384.868954	433.191285
173.808140	1838.719926	472.126119
98.907980	432.637180	273.063525
98.269172	317.086383	408.523702
193.950049	772.143686	204.762195
69.265025	1413.709666	13.535298
185.124695	1083.696757	249.102646
199.951607	1393.597366	303.976126
287.386603	322.889221	175.730199
4.378733	202.372314	295.750625
254.816096	1375.250625	237.558159
170.132785	1237.971916	194.033915
327.943893	1531.938869	343.336648
157.675588	330.300822	335.251601
324.982551	841.308630	472.412632
46.989672	1.688338	341.296068
23.689337	1430.834447	450.457964
296.081620	419.178744	363.356687
254.226035	397.429847	158.641533
215.018289	1790.610746	409.218329
192.403298	1753.637864	124.660096
118.037832	1816.750064	420.685168
235.980069	382.857979	239.182000
333.106219	358.908735	214.604509
323.495822	236.739538	26.927492
282.067837	954.053046	371.851792
230.585719	911.485780	399.637053
35.161623	1165.086566	427.284941
171.605278	667.526198	485.411638
290.198323	1044.809089	378.751978
170.960819	1057.479115	35.263916
77.094340	679.541515	46.094521
212.181911	1208.638503	409.869317
1.998389	698.407119	493.961611
9.531464	1471.243218	60.865049
300.381499	978.509956	81.997843
18.783721	1673.056720	205.612169
78.389072	1070.606910	346.013951
66.602944	1392.691205	298.062518
19.384061	1282.493139	415.533494
42.134787	1930.966536	167.650967
2.845358	324.648929	417.366024
75.462784	1666.551434	89.438036
327.990402	1989.145829	303.134813
232.982170	1171.177334	70.394927
210.372000	766.340723	241.732920
101.188878	784.932228	464.321828
339.029928	521.284822	256.633090
130.091107	483.797699	281.718407
231.796223	197.153866	144.665411
287.272202	260.502284	57.707898
1.688468	995.282329	455.991971
274.977529	343.323704	24.624878
22.989285	1072.257790	251.130714
9.253118	596.938637	294.677225
205.067091	68.930209	403.712638
101.557510	1651.993109	294.210235
91.439104	217.363586	287.960800
215.565927	654.180768	369.572488
289.299287	1014.425654	108.420301
298.916580	169.387792	381.263433
175.448379	242.788094	256.567038
107.835935	1821.837195	209.675632
6.635205	455.813569	71.698334
111.236803	1886.800488	68.238437
291.291296	420.311843	460.281543
46.735772	531.534119	9.388066
172.359869	1680.456196	365.231376
20.901066	1913.213683	63.375100
262.740801	814.452559	103.052936
298.618177	995.685926	223.424057
298.609171	1407.906992	190.663052
213.274061	180.172953	451.979253
125.093558	1926.985057	68.149386
113.113194	1411.747195	243.803580
216.183331	1657.326135	242.180603
265.495228	1889.838172	483.670454
150.582867	342.841711	185.210449
288.760795	179.588360	459.970292
239.137964	291.130139	71.522792
65.973590	497.075939	223.905304
166.257082	1406.783388	111.198262
3.198690	146.467933	425.297734
312.340306	580.224864	197.423910
292.182118	840.007658	216.007868
103.626848	351.141799	226.637431
122.404900	208.512935	251.397131
197.947666	906.394203	407.521290
92.478965	1982.912879	234.228500
121.308238	1017.423880	198.884774
53.063158	1710.188136	77.726586
54.258361	995.002513	203.998184
179.496506	900.854654	369.710302
3.130078	1665.705022	261.713245
36.591057	30.844520	457.894901
327.767544	967.405094	198.357509
253.328672	1672.388328	182.305374
139.936631	172.519717	191.643592
26.928696	1816.260741	6.981895
216.171768	1493.661425	116.181571
44.255731	997.792336	228.762656
117.902976	1237.923805	223.027159
93.489389	366.650350	425.719807
141.157311	1833.915711	205.253706
14.028143	1332.552408	233.671579
41.145753	1504.338155	453.116304
144.872579	1573.397163	52.366818
80.891834	1064.457234	235.923054
233.266096	1861.447485	207.734496
237.968996	1897.730909	491.085895
222.565953	686.734519	79.413092
225.938688	471.410256	62.862078
137.588127	826.152600	122.244489
18.972675	286.500159	428.968444
253.250593	821.149892	329.924357
254.257115	278.435659	296.670522
355.248524	241.699145	255.829412
63.070597	514.084439	367.234015
143.660767	1865.580662	136.575141
151.534547	905.333805	217.099743
307.187287	1587.061353	276.401878
308.982925	1387.806068	361.101981
55.439410	269.202129	214.472668
287.291037	1980.350192	332.880907
63.160923	178.430943	448.561258
24.488868	98.266223	199.144974
243.487172	1882.547472	19.000297
15.376958	1508.798683	329.912872
87.460217	756.608107	15.522809
88.586725	56.881790	10.391740
130.792230	1757.701407	169.529026
283.210245	1935.938267	387.890947
25.214653	748.241898	126.101976
350.070232	1625.745746	410.410422
190.621865	11.107689	237.111333
53.436176	1674.323381	446.083293
20.638096	1464.887689	319.959602
75.693084	1519.831873	234.935776
142.087626	81.167876	491.605584
340.019313	1213.966859	277.047527
194.455783	1040.711847	474.559972
82.429662	1585.214419	402.255622
5.056521	841.295387	303.018974
114.404447	1088.320031	337.481242
238.608317	51.207672	251.806575
260.115872	1975.668366	115.642839
72.834586	1309.707107	208.722378
216.371588	1000.123648	494.352675
157.620474	1003.530306	168.961497
96.727571	434.070084	60.472733
96.326807	160.481679	103.653062
109.943149	914.209239	107.803647
238.906543	1552.054489	382.969618
44.909852	485.319932	287.622673
135.116768	925.633827	148.975965
209.508876	988.121778	36.771711
62.160239	20.917906	278.197784
70.535679	765.622607	473.772661
173.986037	1515.902453	155.716193
326.771074	299.231738	171.594655
52.755252	186.801879	246.237179
121.568486	1097.439865	319.563007
54.380141	383.970606	367.933559
265.245052	1977.447499	475.849038
129.061063	1649.076637	136.850027
47.758079	157.057028	323.932344
245.931130	1684.443658	218.597820
35.400555	854.267893	244.854818
228.051540	601.202420	45.878407
9.614334	682.924683	184.158989
293.451645	278.807661	378.295410
313.137751	995.838256	388.823977
89.867404	1685.447072	224.773423
128.911143	1581.238841	425.004699
32.494414	1106.363286	224.576715
32.914427	1773.501642	356.396951
85.034223	1271.034546	173.671501
249.839259	298.359495	227.473439
94.553314	1841.389500	226.626879
169.656565	1551.709100	415.506528
343.354397	41.496802	409.888722
91.726336	254.880694	473.158068
25.433952	395.091417	327.026664
140.727866	1761.235524	483.071843
166.574963	19.020390	18.859190
70.924776	380.010081	135.473919
163.712081	1929.949790	280.538125
18.322297	1152.917911	67.260819
117.807307	398.562151	342.711627
228.206501	1755.853948	210.625698
358.078605	715.873903	436.659107
291.206642	1398.723975	497.058162
271.569463	412.123526	20.375109
209.517893	242.207306	34.220720
136.284230	977.405772	100.011211
178.091917	366.281001	209.006326
342.365779	1002.516098	47.810904
192.965967	296.742281	181.114877
214.831085	349.166468	9.441337
43.742542	428.504102	396.617060
307.536644	999.198837	326.027790
155.039029	1258.552080	214.628004
200.165948	877.807633	343.323744
307.517647	1600.450261	235.131821
79.392543	1443.848858	444.659370
63.674650	1325.696217	476.651542
237.407918	26.727129	106.841438
181.675264	1717.769276	195.424707
141.064560	359.215829	106.521087
195.054392	1759.482145	233.843222
350.666828	329.057226	29.643577
231.165618	572.072551	265.952304
353.055203	148.105750	325.876102
245.581931	74.316967	321.663568
353.113260	1567.098796	371.554073
4.247349	1486.763754	39.840735
112.419861	523.174738	126.770882
265.674052	963.319430	182.146565
353.710927	622.896300	107.301998
110.332310	468.596311	434.217162
42.029131	1059.947463	154.114081
342.333700	533.225362	20.145907
244.830689	1775.600216	157.453518
89.295209	1623.717612	298.730430
142.982544	796.838562	280.750416
352.700041	646.921077	192.026843
91.995933	1711.340037	480.735418
188.902451	1806.033526	368.201271
125.468495	619.400239	487.795898
0.980420	1570.361704	477.695808
335.074207	1404.233879	86.361820
224.502341	634.342322	128.836823
341.382511	775.026034	158.255120
91.631238	242.254789	213.135828
183.995097	371.335074	4.818345
357.978671	1234.571135	39.869015
21.391674	595.563579	30.689054
243.034191	1073.798682	187.003050
125.260142	1021.758228	61.572666
295.512168	1494.449728	111.386176
327.913589	1930.778409	343.395106
355.539868	1796.447004	278.070477
304.725598	748.068062	167.615664
153.325548	140.555716	490.242376
178.982710	95.255150	194.550874
192.095667	861.050898	445.333083
225.185702	1973.314726	131.435053
182.882653	532.427787	404.369073
359.285115	289.896674	359.115139
256.645922	394.474380	122.653150
114.113772	1278.503533	404.040258
67.952925	460.907217	451.387642
234.974651	495.159099	58.977319
276.775011	1567.638640	352.533631
188.548036	1626.173173	376.674336
188.584244	1749.820956	436.928254
172.890279	189.475464	254.135823
36.641408	1001.120566	150.383094
348.214623	1257.066280	370.849035
99.150080	741.776957	244.733850
108.689993	815.553057	254.951115
108.012744	966.245364	473.374297
188.224970	1941.449575	383.854812
15.298179	873.189431	363.706601
126.477821	108.938365	141.231539
256.929467	990.438340	127.626335
254.058506	417.360547	234.050003
318.950934	274.497145	185.623234
296.332501	135.886265	406.773565
26.760141	536.971984	6.764567
43.588014	1276.394232	374.419831
38.900821	1763.113582	72.798652
298.947969	1853.181917	20.587412
106.353716	354.108889	434.118567
233.654782	571.123715	226.786066
99.944855	1648.080631	22.308284
120.801803	1915.639277	27.330950
28.829462	538.199692	458.033883
13.331831	1342.381969	127.830856
312.134825	1602.359351	157.382965
48.739992	1201.027725	5.302748
39.525983	1843.414245	105.315090
111.561507	1488.366637	91.141244
226.434180	305.680209	146.213103
239.079878	348.326019	129.094547
351.890759	1061.939418	107.948833
236.262423	602.205324	112.092984
343.746791	971.339091	2.943499
159.802673	530.280697	5.674547
256.929081	494.426350	135.377414
243.579523	1720.331750	138.545241
246.010676	46.231239	47.159978
246.744259	1412.076891	283.120162
38.159455	787.652903	404.354967
289.573619	1518.356971	241.731869
37.460176	1077.119763	214.512864
164.189610	415.466170	274.302024
114.409870	1503.779839	316.737324
93.630284	82.389947	233.773014
325.717817	1865.401244	157.927010
200.305229	1958.893787	427.955355
145.318162	1947.549064	35.266951
95.904444	1440.690473	357.377943
115.456136	253.289721	63.208021
311.432430	87.831777	480.982432
94.160964	303.823393	173.915060
242.085193	1913.634401	355.824513
204.820110	1986.966997	480.865811
62.593766	1210.003877	356.269122
279.675044	1900.278272	92.936256
88.811036	172.534665	352.632904
125.025229	1271.578766	153.472927
90.041295	821.180727	56.971884
122.525245	282.582565	227.466852
11.839482	32.709707	440.693757
106.576876	651.038874	409.970124
240.342722	1870.497478	460.535965
101.912501	479.925957	450.504734
78.818611	913.929423	17.502147
150.470184	1634.918103	466.263772
299.085048	1056.146453	350.295648
245.000544	1664.558596	326.534816
126.419491	1264.546849	210.250003
22.402985	1805.212126	165.201728
244.194866	1503.619264	487.578026
148.839664	614.125175	309.788047
236.619498	41.772576	72.265220
87.624099	1349.435879	63.516816
77.165550	965.773338	121.695119
104.328362	670.153668	3.839900
222.747139	636.290809	198.503859
264.703297	1253.464147	231.389369
214.159954	329.384025	46.993553
179.380120	1322.212917	185.166891
329.163714	1464.944244	382.336969
95.913707	658.243290	304.266955
135.902263	653.115187	207.019754
220.490037	1176.007855	349.521498
150.796326	215.410164	131.980445
333.371000	1167.818380	104.690248
85.459630	1652.379898	479.679292
148.651256	1152.779667	64.562440
43.485214	397.949715	260.895953
114.059682	110.568576	354.200758
297.305890	1022.411617	338.388488
348.131662	973.564124	381.971727
64.954950	1425.462913	222.988709
221.831792	1358.219463	96.616200
279.425827	1665.958325	402.422521
160.893362	502.217918	78.865105
270.985408	202.858309	60.236244
323.476692	295.842617	263.826998
22.686055	1284.987647	80.448547
68.556300	569.824627	162.654873
358.032835	788.697191	364.407846
25.482771	1962.279683	222.642327
93.884515	1690.048193	393.364466
13.222721	1707.462318	25.983584
214.717320	1593.636181	446.956563
101.627538	1232.770373	281.667256
90.039612	317.571901	56.429511
348.692231	831.433589	487.808299
255.369718	862.487912	474.078025
238.741109	638.711127	337.105443
52.114158	1526.272839	357.047268
252.698673	542.865595	198.781517
37.200554	54.784196	34.078069
58.407360	763.004514	385.591029
68.530342	947.190055	90.165278
191.778074	1446.404737	161.384476
352.806361	661.289386	212.274315
75.365891	1239.907336	122.916526
58.817681	1273.268633	207.810364
44.972190	908.145385	288.118250
297.997741	1191.214194	70.242054
73.524611	647.537037	55.256619
249.498945	280.697555	455.578240
359.254645	883.445991	431.106570
323.092267	1771.103490	204.645130
39.754266	1132.969020	358.109816
157.267112	1655.445503	456.109437
28.609266	1193.047168	113.186388
79.868286	352.882205	142.963304
309.860357	1146.745901	181.665766
149.479750	1034.941066	216.304905
342.917823	1024.328571	375.524033
188.379551	146.335923	68.860956
166.196551	1385.267450	279.868730
236.330725	45.028970	142.909942
358.741303	691.980476	172.145520
70.281095	1819.385404	474.383081
3.984625	1119.036604	132.159378
91.473953	1871.166670	22.803938
335.184092	789.918073	77.404845
138.156802	1147.325504	302.542342
124.937317	1154.532529	269.043586
351.639102	591.756628	372.786869
139.147204	485.481267	306.515679
160.180858	184.528685	165.310371
325.237078	475.215172	357.725127
153.209496	1400.576081	181.989402
312.066594	1292.045940	358.648242
245.195482	2.941839	198.700786
163.306167	987.519244	225.341532
315.878516	1821.848169	89.364663
72.179949	1676.795823	338.427338
238.172346	1091.567395	388.497862
226.243502	1050.191559	102.654829
118.320743	633.338872	401.342630
5.565902	1505.509835	287.634827
46.361401	882.375092	465.423504
321.921224	578.988681	368.140984
150.778567	713.315558	111.300395
280.825347	823.331344	373.107095
16.378772	1124.408359	170.763597
307.174966	1243.743015	207.746141
181.804904	770.473033	34.859012
306.998970	1270.224067	341.340807
358.461161	505.278913	107.844137
2.642126	1284.554402	354.180629
158.691303	271.685794	205.299355
15.532214	634.726994	275.712222
198.719650	704.738142	220.235511
243.066256	911.978501	335.175392
305.511617	711.550438	138.917092
167.998571	340.021979	387.270084
194.609441	1679.405347	481.812349
357.001151	723.387193	420.402025
103.480335	424.660977	16.379310
114.244770	313.375594	90.938042
37.906931	1109.363314	146.222496
315.150714	265.185197	382.095075
274.726487	53.219610	21.183954
155.170896	113.209165	402.170356
8.107621	620.511403	23.406133
77.992425	1705.497226	254.598582
49.748704	912.057876	124.116091
139.354347	1077.930654	26.169446
322.100566	64.923262	164.834773
287.930996	551.441402	122.454532
319.616542	1606.277472	103.076511
136.686918	1832.651720	227.007983
102.818107	1537.548221	279.114931
189.246699	714.240143	348.051253
312.317679	345.498863	402.806858
132.944806	1483.873587	274.257810
277.080123	1826.517673	220.944739
56.678983	370.373650	265.480525
227.084520	1486.730150	403.639685
134.632602	1451.882530	41.770345
164.357778	147.550636	274.084199
107.490282	915.063354	232.539754
2.347990	97.149790	427.563146
322.489859	1017.720612	95.411276
102.713447	141.693200	70.603403
305.485127	1426.705651	394.391524
136.124658	1298.882806	491.841909
290.882143	1339.792287	160.184952
214.066156	999.321123	234.369379
192.928459	1151.434442	239.656377
135.492211	480.433412	494.960492
122.626860	1470.211762	36.121516
237.436947	1388.045721	19.890437
284.482760	318.082356	279.518611
248.833859	274.602526	355.265972
146.525928	786.545098	202.008855
13.067014	1156.513069	342.018678
301.955433	875.453589	103.207689
312.524406	1860.215988	211.822102
208.525014	1535.728023	497.913555
150.320224	1830.817898	389.033011
349.899626	895.760597	392.797632
178.908143	369.033133	416.690386
210.610627	338.708319	209.017172
57.248449	1438.466018	418.302496
349.395424	1240.549171	366.823348
164.562323	1747.992631	328.090713
80.543872	1274.215067	434.189220
48.436107	894.776324	62.501237
299.817508	1981.783852	80.447659
152.094885	1782.030349	229.156036
348.255494	1474.157778	32.887440
180.181069	1877.754095	291.523479
89.241702	282.604175	172.143177
154.762316	331.840714	66.153936
216.098374	182.753516	43.518459
328.292683	92.347018	439.379047
155.745129	45.293039	191.574612
246.122019	374.953525	230.281184
303.722142	33.829587	126.413583
163.594050	1006.946932	82.553281
280.004853	1248.770496	378.001955
167.862428	1436.521840	131.975128
3.324705	303.491620	244.122735
41.178246	328.508635	223.096229
182.393726	27.474919	468.413443
81.683393	51.635998	17.935822
268.955536	1803.230376	258.785411
257.765453	1277.738633	28.355698
274.092069	334.838195	488.485595
310.747698	933.793273	464.498036
16.320359	151.411743	468.025629
103.260212	876.561039	423.402488
105.577029	810.414467	464.190997
337.381894	1841.635767	58.061833
150.774989	602.476340	335.207157
59.586506	1531.553066	21.375125
