79.709317	1559.279358	108.036815
179.016786	714.181263	166.885151
35.837821	58.895703	410.196071
282.702318	930.937638	384.602969
311.415987	1489.767464	252.489121
1.926036	1604.556454	264.624815
65.848565	757.639768	433.368788
114.079325	483.156879	153.919370
106.842188	1833.378719	232.134485
180.746928	980.451822	413.019300
136.061322	1212.548241	478.997721
250.696154	1673.654844	163.439997
218.422953	1212.241941	494.933537
36.583788	448.799670	326.687787
37.689449	739.617150	239.167851
181.859819	13.744575	460.638178
8.598353	1931.188451	46.937367
204.792001	1938.637178	7.827928
294.414041	1461.789288	317.018663
229.374051	366.925832	381.721451
130.465709	123.489971	340.779220
114.401843	681.772682	265.738032
340.901199	526.688361	246.829522
70.492142	1497.564541	372.662958
358.763029	1862.719576	102.865306
186.314098	897.174754	455.742719
44.694769	103.221972	286.933476
1.354200	206.304370	75.224238
197.119314	588.836658	181.072782
67.395861	1818.207959	419.349134
87.303630	555.829457	439.504575
309.016622	676.946494	258.959770
171.851640	1970.518716	200.816344
16.042261	813.512715	162.452281
211.402403	1117.442018	126.231827
29.978662	214.039479	156.074227
221.470746	412.622360	453.423623
195.924662	1687.332358	77.511362
351.892863	1621.185848	73.118799
346.500757	297.811626	7.035833
154.419358	1948.362201	238.125208
53.964364	1671.619058	134.705644
311.677333	1307.590721	458.121159
191.686756	1491.630528	337.493213
249.519822	582.623778	191.279928
207.723520	835.160073	397.888523
90.150035	663.624697	187.586509
330.662537	324.572120	177.950271
173.788333	573.080630	192.747160
120.245443	647.201733	369.398309
246.901051	678.787980	323.033479
129.916506	1936.829994	230.096261
324.262313	1581.240394	369.699634
323.144559	584.619210	39.481238
129.118542	284.067534	281.595790
299.448666	158.904574	168.023945
77.233334	1430.763974	16.285922
338.121875	1346.101964	498.667772
91.265306	1384.947772	67.834503
289.613680	1196.390283	356.304834
328.877038	513.558473	91.902244
358.347350	695.512476	4.949046
265.753627	1103.887959	78.675488
138.364719	386.926224	496.779636
5.044112	1348.294046	130.652447
264.171848	1696.467404	278.449904
250.064062	553.731196	467.770839
341.853308	1913.996980	442.434911
278.400410	1686.908604	276.701460
16.789604	717.530652	378.429555
30.044835	723.194638	204.527227
162.244451	829.308127	14.102004
75.535367	1687.262203	492.497874
175.949791	1805.770036	247.188120
213.956113	973.594068	50.683577
329.321115	1151.414311	256.707744
164.192621	900.284691	165.063887
99.728573	481.323142	160.030239
221.318102	1026.573699	449.152956
55.450846	589.769885	472.101782
83.047589	1310.690264	11.047803
333.515143	446.141206	244.842118
235.900448	857.553359	181.765476
332.507419	1890.223227	117.319062
301.212742	1071.102468	277.895321
218.456015	798.532554	205.686251
20.182896	81.225516	87.250868
269.845975	218.397527	255.849121
109.342214	421.017275	159.722567
248.631019	1209.468166	176.542527
265.306251	1564.296293	39.842825
204.391955	415.132814	119.475641
218.805775	1823.525030	413.710745
339.541759	187.990776	361.505058
63.838159	1877.718474	131.430763
358.533659	714.145105	291.809097
318.096803	21.916368	95.233729
50.073200	689.165962	466.948258
2.105633	1309.678743	145.214157
274.049318	1347.250673	437.203403
157.167948	1030.901678	10.551478
204.741420	1123.634113	338.128722
123.392741	732.089381	151.625489
242.504522	1078.993802	309.646853
7.923304	1901.845850	442.805047
210.693119	434.215901	385.535492
312.536855	553.942564	158.893258
26.878599	1226.295839	366.529664
167.330143	1314.732991	447.593033
238.288005	1214.131462	100.573149
160.842500	394.387468	203.200198
78.418210	1147.894485	452.310260
60.203397	798.284939	431.927414
256.196895	1054.767767	267.244394
67.637666	1206.376794	475.900590
71.288863	1997.049051	153.473866
329.379971	1502.891892	9.517100
215.942761	1567.231746	71.865307
217.311767	117.782633	438.702237
90.972308	167.615966	470.760309
175.658165	250.993638	113.322793
347.581125	1128.371807	23.919516
305.744283	866.828276	245.933134
91.774554	1815.510599	379.443454
25.482337	981.341206	375.077580
45.985761	1945.316685	341.382541
274.113030	1293.763779	215.629273
4.212053	1324.642298	320.875576
322.559447	132.432818	365.873989
219.803355	175.964210	50.428802
307.770092	734.085269	377.584674
320.143810	1379.056504	391.190480
134.429706	502.596664	272.905064
223.745092	1468.383675	111.361798
84.800037	873.608619	373.096920
128.161516	1332.371134	282.527855
44.073354	132.580304	385.293475
30.871342	268.244360	53.421075
274.195242	124.175792	312.920262
296.624467	56.960524	306.113367
352.900385	1348.088342	172.569384
117.437532	1767.636582	168.121050
254.157895	1570.079612	385.068298
120.476845	197.763934	433.420779
260.384646	11.710347	114.237496
318.587602	768.966827	167.549495
243.101041	879.482137	156.797369
271.341401	1779.117503	353.472583
152.221771	636.811499	33.959284
72.373021	574.638271	226.035717
271.775093	353.394268	152.169624
1.508718	556.334230	42.439459
113.141232	1959.727120	74.949920
37.170310	1698.782029	337.400546
151.727664	472.668403	130.663959
76.436870	858.341023	351.504902
236.824641	1075.351902	121.265892
250.840239	1857.384654	372.407917
190.916647	912.652383	231.185038
233.293904	1812.768404	367.299858
267.089487	1010.232756	279.385119
266.682133	400.518410	80.270312
276.708583	413.270117	411.470804
324.842543	1656.265459	209.122219
111.497327	870.773798	367.854392
293.031393	1451.765404	472.957943
134.037711	1249.961385	28.271192
319.415017	195.666407	1.432386
190.711971	861.655559	28.892316
96.645871	991.128791	455.824680
237.638912	51.552038	87.266419
119.339721	830.471424	53.323423
166.070207	1547.353394	61.460545
79.993672	827.216400	98.069839
325.938455	1200.977244	264.305245
46.770562	1949.386189	362.504136
327.754240	402.827501	237.375372
53.170128	392.604410	32.061722
291.481223	485.905784	347.643855
210.258738	16.653759	450.871911
339.410280	501.034295	432.411207
63.488530	719.417730	35.406315
20.602587	1135.062640	447.835622
194.746526	970.553257	216.116445
134.017619	1949.859112	100.207850
65.097192	1453.415763	6.719852
50.400308	1005.717912	239.102985
71.705778	715.810055	479.689027
259.283504	1826.731073	50.930785
272.093110	861.662150	439.815692
252.933517	1256.291235	313.073409
207.876285	1399.931331	239.490165
212.186728	1848.046808	35.819238
24.785157	1892.604866	349.658975
155.238217	1131.614816	368.063712
332.244651	458.266794	26.490558
316.366031	1756.121574	428.753343
215.656934	866.816015	152.345384
98.073828	617.995980	426.115086
106.617236	200.978483	430.010753
258.126426	692.616145	16.827783
319.027955	670.131305	218.756872
176.126435	1708.118170	295.986014
143.008642	1247.558728	345.959902
200.157457	1266.307094	40.782892
258.582067	1268.958678	408.354294
160.638516	252.962672	420.597406
291.053984	1166.500636	103.111511
262.552084	651.450407	216.362775
159.132186	188.960026	499.707194
346.625928	1042.572735	153.568498
7.293404	1920.066392	147.919578
179.154167	949.763578	15.590160
340.901534	256.360412	371.186808
285.291728	1468.127791	272.771967
123.151480	1286.078024	23.396213
267.999213	1427.594636	321.213891
287.791101	923.273872	35.901448
155.221949	889.701864	11.147729
284.299501	619.551085	315.702950
220.180434	1487.793207	126.356836
344.155851	1694.293098	49.431252
78.377524	1441.331978	310.073279
277.674105	1713.219261	485.468313
317.582037	1295.751688	101.412798
221.066110	1368.025751	35.516318
244.398734	727.628169	115.262445
302.756584	351.512022	8.365854
324.149568	1196.296667	89.487914
287.963289	1921.579082	287.985851
233.369647	1686.339073	238.495215
218.129416	567.833800	36.530864
184.317738	1553.934236	137.485050
354.214557	699.929302	452.405927
153.842605	709.753177	194.017902
288.995390	1249.103464	83.858329
38.566952	1791.501375	142.238213
55.461635	959.429707	434.785516
276.421550	1255.513155	36.064089
79.945999	479.190592	100.045502
171.910040	1205.357265	18.730664
42.707707	989.995031	37.343192
226.539545	1300.541002	217.865775
123.391258	74.581593	474.879630
36.764721	1525.659775	27.665446
183.970416	1245.383583	7.888108
284.793006	1326.799026	269.109677
96.026170	1696.848692	383.989939
150.165276	1817.196279	20.706159
356.898486	476.078339	498.187996
146.817605	1041.454666	316.657220
347.061534	1859.340229	176.516487
31.718321	279.473026	141.777897
321.843257	616.084450	256.523002
79.273116	416.313500	322.072898
293.570890	1262.273370	116.529653
11.944614	1574.216541	200.232556
259.068303	393.840521	42.891694
219.438905	59.342375	425.959562
94.951750	43.195559	146.963791
126.513534	1521.206052	163.212908
133.171307	1907.794810	86.967470
275.365846	128.750402	270.479213
341.393273	278.579727	141.948256
347.577369	1912.478353	398.142465
118.460329	258.048246	491.760632
322.487173	925.826620	105.032396
278.956418	1219.198341	74.175579
202.857403	989.948648	483.771200
211.960240	1625.045741	448.804104
345.427766	91.496183	392.464123
222.858594	681.652945	185.382762
160.472217	1289.959282	244.121503
252.412538	444.400289	101.672075
90.538292	507.304458	58.089131
248.439541	1030.814740	383.264921
95.466585	1365.887221	100.606620
157.002121	352.582827	426.734842
175.783294	1814.628594	145.392168
5.033991	1429.455311	7.119771
135.741688	875.198973	141.319646
3.855168	798.037291	291.079052
270.556735	1900.326327	498.568144
191.615290	990.105526	325.369774
168.756611	375.413579	293.131879
167.836288	664.544155	112.090577
103.572823	1195.430476	97.041342
332.257704	703.448540	230.601655
98.675778	1491.695725	183.348749
3.931077	756.663004	111.927469
150.094892	1203.251629	137.671589
339.341772	1085.691849	88.715708
231.580707	337.625665	441.196705
271.357538	1081.296603	211.721479
225.158188	730.960887	230.059185
136.864369	61.638094	463.970702
348.049098	506.950351	380.645086
28.065003	1606.462269	413.063180
24.121704	437.640284	182.717577
111.583204	1128.947852	144.181845
139.820284	1141.901086	278.463129
280.435979	503.471685	31.010116
8.298634	352.431232	237.234542
192.170981	1470.957071	184.649614
255.378203	1710.203661	464.940607
350.010435	413.397071	187.097499
275.295205	1045.136263	253.853411
0.253072	379.320285	72.561092
301.142458	234.634634	456.619078
144.464432	1398.513091	21.356938
299.853165	863.785496	395.082700
141.889429	1580.812794	54.851624
155.753409	1901.864090	442.702533
62.901284	1679.547644	175.897209
188.699043	434.111407	0.705997
330.874208	7.844366	166.186716
60.131369	1989.525232	305.165487
271.142866	1706.247157	298.138050
188.656299	788.889821	345.652589
22.472474	1060.295366	254.158717
280.527754	942.026440	284.901937
181.648861	700.989245	379.812403
180.699010	341.825823	469.567956
238.611450	796.850415	381.638787
226.627473	607.729639	408.741099
5.777176	1691.771958	349.781331
209.083590	951.907290	149.290278
27.639312	1095.722668	174.007343
25.450460	1501.774074	428.160148
25.707329	1401.837278	239.656787
315.942913	1448.512493	163.736491
232.135833	876.575341	339.142516
109.466196	1240.629915	215.410759
93.526392	1174.928288	445.871163
151.773639	1296.168797	448.871677
195.208120	1472.589772	311.496697
103.849414	812.990362	430.713459
89.759127	551.717629	199.127577
263.447711	408.811898	386.220686
344.711325	1490.210697	278.478737
112.333490	1275.737828	420.988255
188.120711	1095.845565	284.084228
87.690164	311.399878	404.663676
300.324385	1127.107014	444.283239
31.191831	1890.501468	270.362766
250.002589	1827.754629	384.492776
281.563442	461.185036	479.717842
149.907538	1151.408635	109.859319
65.444517	791.693070	172.353506
108.213117	1963.164762	457.419414
220.758738	1704.434232	401.163559
330.888491	1221.392760	93.125466
312.574115	60.708927	123.892504
269.657355	243.053937	444.276155
261.533947	382.404812	458.493623
49.156018	563.158276	489.224102
201.389012	249.768009	209.140963
248.724554	1320.546086	50.513626
297.397110	1453.432387	123.007842
293.234158	646.150820	208.435446
80.672374	1977.711069	419.053361
116.254245	1302.604937	72.027772
315.370051	157.799608	462.560725
314.014046	1994.911734	480.269949
283.315677	43.015883	178.802045
169.133591	1764.430672	367.080311
48.666440	154.442093	105.662025
293.073650	1938.581354	428.652757
129.411289	1865.143680	463.648596
133.489199	1434.259624	444.721919
294.057864	597.207824	199.721359
226.438742	725.042885	294.895949
285.842941	1327.494511	217.407809
265.391549	1978.763075	67.421593
196.765806	1667.985094	97.221462
301.345817	1405.093326	272.269818
123.162559	1812.265305	194.032572
108.547208	1084.629871	264.281846
351.410697	267.656011	309.106381
182.134470	1712.363499	438.736702
24.921190	1985.056965	234.573892
2.036178	345.293134	440.026790
338.042861	942.942933	37.117354
78.887149	225.070106	449.056221
298.594792	1689.148055	294.040188
272.283818	1925.530962	105.150674
18.770232	1288.360564	277.080958
321.859739	969.738729	153.882480
331.628035	67.963971	113.981604
352.671225	391.660843	426.227985
286.647474	947.296976	208.112041
337.074044	640.135697	97.527210
315.223433	565.498817	264.154945
14.122404	1768.690991	235.501680
104.403904	1845.476524	347.823894
297.083887	415.927775	336.550288
350.989460	384.377337	89.878970
281.341007	909.625503	35.842364
66.927749	230.834720	200.672587
250.409496	349.428312	421.924037
203.123645	68.359870	353.481050
26.497450	1760.216809	378.530082
97.990193	187.563993	334.145791
287.673969	663.190569	141.438893
151.475801	497.792986	183.435320
167.997966	582.204045	44.406982
135.999841	908.504498	303.464807
233.164742	1298.812444	196.327144
269.665914	1087.442679	285.713346
238.828302	1444.379632	178.691335
308.687452	79.034451	29.986089
174.225578	1258.567133	258.710121
241.674445	501.173595	229.084181
79.154462	1638.454857	338.593830
301.961893	1885.765954	418.771411
248.035584	97.031025	227.127042
81.146594	1258.147365	263.811750
178.218825	417.539406	43.543233
71.983533	642.719392	378.148734
343.247715	709.591910	239.264865
323.618962	169.931325	118.419344
101.780025	1966.590566	88.265106
111.073262	1910.078329	78.812543
247.696002	1773.899375	390.179307
33.807769	1298.599323	438.307633
310.145834	1401.173028	261.270100
173.929964	1068.386313	452.536715
287.731358	345.324984	392.035898
176.366921	1472.792133	312.898838
5.943024	1570.260818	352.568313
13.471349	895.948966	285.284920
191.803792	35.129536	66.510608
31.851979	1041.500631	198.747217
7.180947	625.147562	345.432065
153.662398	323.681118	350.668759
124.325461	186.507081	419.754492
17.939527	1681.168889	194.178477
8.567273	747.916467	421.767008
90.167483	1812.679023	198.923917
329.027016	1810.097453	213.871691
58.581762	653.583830	215.827829
146.269606	87.915164	347.948278
56.393935	177.058613	177.548633
270.814863	1199.111614	499.157856
222.630660	726.045929	435.380994
34.856095	67.365341	267.249531
37.184577	1939.992967	436.539723
355.550932	1096.666007	95.897182
200.169684	53.437294	405.328251
170.138783	1532.591450	17.843481
268.710027	334.626793	99.529394
23.530262	614.427485	1.643294
359.911921	1781.804527	390.327553
237.929597	1705.991967	422.412109
245.668928	1015.558122	374.152358
172.950305	95.400200	389.189099
97.621577	1151.207132	406.317507
16.689959	331.800968	160.849984
16.200973	1565.849349	187.128911
189.457407	585.634303	260.845360
326.429262	335.155316	430.494736
241.639655	1285.964089	353.598822
195.683635	1523.782264	20.600597
70.962568	520.002239	361.372292
116.511505	431.061010	139.600525
69.734446	1467.516014	10.107044
7.503831	1522.579654	451.954030
163.579029	648.073776	464.974622
203.381982	1782.660316	174.393727
352.280481	1174.673068	417.045541
254.071737	566.995132	261.503142
331.790023	1806.681939	302.036473
303.990551	1479.740082	28.033969
69.135410	733.095283	16.589224
23.280033	91.708515	148.317200
286.813128	192.291974	73.150382
219.359803	82.559467	470.449290
134.421759	615.949707	82.149885
7.210014	905.533747	468.042647
118.427318	964.207810	266.798237
235.003970	1590.313394	384.150567
301.411715	40.265601	63.186081
110.397027	1440.490474	454.460692
149.146579	1931.397829	486.783385
308.695489	197.675949	50.723618
259.731762	615.331533	190.375416
302.001345	1601.591389	44.829933
169.591146	1120.647335	332.085134
313.236524	201.838165	432.253313
228.680193	790.765827	281.489217
74.734895	1377.481341	317.949787
346.362473	1183.642069	429.667567
248.552462	779.144605	431.181479
38.772743	558.312624	77.272070
156.037068	1543.313378	301.566896
12.710180	1857.761288	212.202607
260.857776	142.471883	367.710341
219.305773	634.156604	219.263017
21.485332	1992.738373	56.957175
39.964260	416.088061	169.857311
95.948414	1694.547399	162.768209
198.895025	1243.121760	36.256736
260.775533	1565.283333	247.226587
170.491512	1708.094173	326.015983
333.199114	605.867184	313.506629
23.547404	26.858957	91.670052
337.341286	208.880892	496.453944
224.701397	724.624493	28.976299
174.493955	602.131490	491.696108
183.100660	588.462411	139.976706
38.780072	622.745727	254.270001
159.084161	544.492763	332.283326
138.906877	699.863879	329.459584
188.005180	1919.918533	380.950612
121.752788	1124.783153	175.678193
175.271332	178.559732	109.035397
353.246851	1915.903005	29.296888
288.121149	871.842411	277.464722
345.176880	1400.327593	98.529527
130.834336	1520.678687	470.205347
211.783362	921.785129	147.626981
270.393423	264.123947	39.757795
162.317079	3.360283	26.826692
211.703920	127.215143	174.280710
312.391406	623.614309	425.882406
13.277714	1444.654295	498.476896
348.133326	1305.812119	305.574578
13.689161	1769.319174	395.529830
62.788546	1786.769519	167.898666
213.838909	190.514619	373.638760
359.461855	1006.703540	227.140296
188.907083	1048.384277	239.791287
203.778113	1647.270106	428.049173
155.340936	484.036961	472.318603
190.851529	362.742855	336.201884
304.485484	780.594405	28.961583
122.632521	1601.350299	111.267592
190.340381	1537.301858	384.131496
336.571216	571.234939	322.376233
98.745906	640.416545	217.262909
24.433269	1236.911529	251.093437
356.019532	1842.885033	59.843446
42.282279	1249.999807	122.963808
231.285309	1946.221544	7.909463
128.927651	1033.371450	261.980130
247.482476	141.100600	298.597244
230.956816	1144.934845	10.376033
55.608315	591.424244	335.764051
111.866414	400.129782	160.574286
215.650084	616.396731	45.483035
284.082884	1590.449896	414.114693
0.453989	1075.724996	439.854653
148.104453	1604.600981	248.807131
302.264954	1403.949126	42.473742
347.334903	1707.501343	358.989163
65.919258	750.065512	142.484554
172.705823	701.740917	211.516757
189.616942	859.508341	268.837474
348.036139	857.489547	461.994899
75.453430	114.394478	396.186608
348.281307	440.185113	232.281235
4.027362	1706.557795	46.484350
123.024542	115.813934	396.604902
114.236136	71.170570	332.315214
232.140767	315.795494	191.364537
209.614708	1599.013982	158.959534
51.289220	1426.290275	240.779131
172.639129	1700.619326	318.496207
248.261614	1242.430017	133.554662
218.031548	1582.710737	11.557021
136.946250	670.611719	103.879107
344.179544	1283.793948	339.835154
351.268242	1161.138104	302.326011
308.865167	1813.090878	247.143737
65.894258	1917.631525	389.104556
352.027301	297.239382	241.330704
98.135309	1734.958305	49.257990
70.495422	999.261274	228.488161
175.576796	1216.729934	394.644739
285.163724	1782.457449	218.918131
152.297566	641.021902	64.073679
147.183098	1555.336808	299.833330
81.327853	859.617425	17.420575
261.424029	286.555193	424.915436
344.157988	94.903917	436.044679
185.937849	1287.113430	225.322926
247.627642	355.475732	248.695027
70.319777	1956.851164	335.559071
102.317091	924.638615	452.966355
90.309068	1245.785322	213.501179
15.314192	1176.129050	344.432228
202.911997	940.647770	12.790619
248.668587	1913.258493	80.336510
270.059008	1085.504123	46.883580
134.744429	434.329295	476.918861
237.431048	346.114226	407.800180
64.952892	1068.105437	109.623743
291.798192	698.643581	345.427979
104.246566	1616.068881	313.194843
259.450920	1306.722296	6.220593
58.655476	1830.453569	427.432964
50.104850	1449.263344	395.794777
88.682573	58.758835	477.980549
270.574603	1292.266366	385.546403
273.692476	554.130430	317.309023
81.657926	702.925664	182.641790
294.022782	1072.820168	125.337093
339.933852	1923.557495	107.203500
134.871207	7.184693	110.177313
260.247421	1378.806223	67.320648
66.189231	320.227060	239.845481
139.843725	1881.194861	73.029403
78.372152	667.310978	313.048178
61.337942	593.561233	222.018079
78.194032	1315.537886	136.088004
334.448938	898.425948	17.711417
193.814259	879.694260	429.907360
219.780410	1925.452573	211.907319
310.741265	533.002001	177.523507
104.080373	1509.448823	497.673962
276.557688	1307.604092	350.121231
348.688690	549.229601	171.587395
306.043838	248.799934	357.930746
0.075626	16.003167	259.521904
231.977022	666.236436	340.515008
267.620324	986.879040	0.770134
33.448693	1213.493520	232.094946
179.419576	851.572141	144.528301
28.662344	1542.557926	496.142352
325.951257	1974.867155	303.541115
330.014147	765.302657	327.097905
26.461865	615.088475	423.327318
58.002602	708.307595	128.205456
223.784888	231.549606	368.036511
251.399801	1334.983273	12.178854
141.472456	1424.446889	292.035398
84.516377	751.053297	372.333160
133.891838	258.034447	72.866798
48.048855	799.167522	220.400311
152.293132	1756.830775	374.822350
16.402584	335.612921	73.952586
319.456411	1676.868690	331.310393
129.404093	1884.135010	453.185453
271.770870	1990.304572	238.225785
271.457245	1390.504202	165.372666
106.667951	1599.240905	359.791048
164.131415	333.032001	443.477240
166.674748	1084.107492	175.818097
359.871479	72.306317	222.838232
93.642681	1985.978382	123.478424
202.398635	232.290438	14.507550
196.182488	458.233040	311.951048
84.488071	909.124422	365.846488
71.255100	589.419308	16.776150
13.411053	900.129983	115.387705
309.630416	1593.540138	436.989167
102.986353	1007.079981	488.841110
29.181788	418.841473	336.194309
270.796964	511.696600	86.143157
205.530859	1601.265381	288.112885
246.052490	1309.505338	265.420087
140.637849	1257.621686	460.036517
294.969894	1228.458450	390.211059
63.577268	1340.157304	91.487437
292.595734	572.119618	356.148562
106.212827	1100.324145	477.010880
312.477651	1586.813754	311.120162
316.888369	1421.519949	374.348763
136.919721	1665.420847	148.200612
267.952841	141.698892	103.386906
356.247566	1628.581416	238.175384
20.217827	397.958748	320.150592
246.495730	163.889101	5.999994
57.702228	293.590031	472.402331
277.042210	413.346446	132.070215
66.349269	235.447561	475.840030
45.915717	1103.745694	91.264004
22.011323	1423.669106	98.973954
56.158202	281.639335	369.604505
78.985334	257.794228	177.377035
348.268115	971.595075	456.811440
124.451816	1592.952555	54.557401
265.850161	1822.157665	33.363497
289.364775	434.820624	376.208346
234.456845	122.112310	342.720735
93.481336	743.181632	67.151757
203.296890	554.499552	299.319693
21.197249	488.742832	353.970870
259.435252	11.587712	499.946244
28.094165	1685.785743	6.457792
356.083919	1551.504532	273.311828
238.746735	1306.210480	13.021243
356.742984	796.472629	442.914249
49.750286	489.172800	46.395281
105.133356	1075.610263	80.510625
46.063378	380.568873	154.786380
76.690446	1468.089343	13.019166
357.226742	1515.339485	444.828661
241.853268	726.279675	350.947426
294.137179	714.334368	359.265373
65.187579	1187.542804	290.514750
248.362009	480.345388	207.411369
186.720969	1768.351373	483.177623
130.103738	1704.248772	254.703037
302.171693	1137.913375	482.078781
349.802291	1026.927060	177.937516
274.215132	1834.522790	136.392594
34.620889	1926.693620	210.038132
15.898979	607.784770	328.309211
113.553254	1544.967741	268.355197
5.578192	1323.390783	37.877523
193.866734	1386.805355	230.110276
60.793558	1668.202062	139.267844
49.399363	1000.338800	215.070621
155.376482	1857.488787	98.440479
280.839459	734.734533	49.633538
4.044583	1539.788012	457.525094
309.845548	338.780971	186.808475
72.500523	319.857412	411.597440
267.531722	1200.508029	312.562286
171.836562	1420.914821	81.396130
7.006393	1495.985680	86.246467
326.881572	1883.883574	53.997630
310.586991	543.958638	220.383345
6.183189	326.319004	400.564839
95.421632	1363.136956	201.413868
29.319337	249.071474	486.132248
124.128089	1948.583493	441.917014
104.009477	1034.691804	101.777867
320.144640	1454.347851	255.065264
124.848052	1267.459956	489.259987
307.928945	1654.462584	364.978523
153.495933	745.494336	224.601073
304.649232	344.558070	486.518109
164.588074	1575.069806	302.034141
91.815759	1129.409930	310.914917
223.674954	985.052549	449.597568
97.226997	1013.149039	27.681243
323.015313	593.526509	324.168325
51.201828	1015.459553	455.380671
12.550769	1257.098837	434.757340
291.268525	780.633659	59.572754
36.129615	1092.843208	457.801897
332.382282	820.797705	340.947372
319.772219	1222.028411	435.125973
184.901724	1845.764157	389.079111
81.830240	743.828795	200.330812
300.762328	775.159647	257.148596
161.266046	389.548197	497.121526
104.955508	470.645726	443.973936
332.666872	1869.588382	253.570764
22.722808	1535.866672	67.368686
248.193621	1276.907947	253.545342
297.758967	1944.583016	302.527225
137.338390	1763.559521	338.825268
117.951578	1326.303677	1.822416
287.512462	924.931874	264.711507
139.082821	1046.360852	42.591319
355.416167	1695.412169	404.685263
298.702325	8.889647	431.751097
249.783580	1405.346810	227.033139
65.753824	103.731298	10.224091
51.676095	1052.399310	315.251162
187.363525	1643.434043	235.899667
191.577904	1461.801514	90.992352
144.624486	554.020163	305.973786
46.633663	1089.193556	28.472641
25.536405	854.819488	243.263948
179.449489	229.999283	224.953125
203.840818	1752.936954	183.745045
212.103561	5.559279	96.036065
28.215911	1206.229593	370.252745
332.690387	1021.048073	183.964920
223.921829	341.779808	142.463893
163.801863	1623.859435	274.446834
194.535447	1909.725572	163.924133
70.860118	1321.837710	138.157075
28.322573	1055.886911	149.451329
215.057052	975.764304	42.816447
166.667473	577.453087	468.365151
279.130210	354.925478	1.562021
221.095186	6.593943	30.554837
31.208944	1192.476904	124.109846
23.550368	1530.853839	90.537049
86.421122	1775.974778	339.757618
132.350401	748.375292	251.368619
114.926778	1055.814967	365.703651
261.067965	1845.831905	23.237576
323.142365	1070.060440	156.628558
283.011199	975.989281	63.406980
310.966244	1197.813065	314.641391
169.328346	879.197662	32.330644
225.975033	639.110052	16.492740
337.086682	1313.708880	395.167409
70.352182	647.075149	496.174944
311.794506	1408.760806	152.474403
16.172094	1882.278218	497.398158
64.685015	1493.161499	428.509562
170.863011	1677.007656	13.032171
322.426730	1355.370129	261.648475
67.808891	1929.830276	127.689075
262.891485	1195.868578	14.488024
63.469116	1231.972555	346.725023
185.608043	1212.941987	14.207193
333.780088	1716.125805	361.061094
229.919221	701.310226	499.304966
211.407238	68.306144	325.132147
163.283083	1109.894432	154.634426
351.130829	729.056199	39.998467
144.975211	1871.496020	354.868741
180.777544	1287.423266	401.118028
318.521468	475.727853	371.755282
101.655829	1964.001211	159.359008
24.561622	1359.949303	117.117473
3.941293	847.275182	165.478843
91.532243	54.332473	241.546081
19.758575	1902.354050	450.684323
145.409866	1511.250287	102.064857
344.305715	775.896183	390.530693
57.149376	1678.144905	203.633709
131.143365	420.638560	98.239072
354.358898	155.530123	468.448486
258.404360	717.566559	393.435486
191.957940	878.292535	443.247240
110.208846	171.391600	437.020396
15.370440	1669.993285	413.045309
251.246842	1542.048431	228.211833
322.601297	1433.243771	10.631860
22.218851	623.424866	217.958299
124.946723	1529.128031	50.373900
64.676140	1137.195016	332.983722
109.451149	1050.840344	439.244705
206.967647	1559.869755	144.855844
82.116640	88.704570	164.139982
230.440194	1697.161946	393.844126
21.282102	1776.148294	171.160246
273.999596	1041.593609	494.693048
151.788403	1327.702407	42.975582
15.827593	1605.539153	221.673607
112.144275	76.872042	128.807446
167.893486	1366.145174	382.711916
27.332793	1112.959778	148.989828
327.553256	1598.423218	30.746951
180.622872	859.684368	428.945409
268.737623	815.264755	485.796041
6.378323	483.465331	431.090625
143.004804	300.282446	493.196595
163.286747	510.842522	273.081951
314.118878	1747.955710	470.796800
283.494451	1244.013974	67.274135
293.186824	1657.121989	271.311734
289.248961	1741.843827	408.307621
22.480157	749.117634	37.701314
350.962848	1339.524100	484.647884
167.510218	1850.115087	165.056839
200.549988	219.280492	498.912907
278.568656	90.810069	438.140207
79.949063	1640.059956	281.875297
270.478751	786.218907	187.706611
121.307358	425.220270	300.573850
228.245898	260.335733	7.502697
278.358038	224.541562	85.391836
248.570519	765.039383	138.688956
201.305476	1256.873088	341.989767
85.054586	921.771662	420.979766
279.542315	194.394483	110.628039
50.518117	1180.811609	422.804842
264.135916	938.948341	166.928327
317.437096	280.897242	22.500578
216.008239	1421.026109	398.524006
169.517802	256.490966	416.123667
339.384383	885.789968	442.003968
210.463094	511.101436	477.099356
159.914549	1501.218890	109.162433
169.680969	1834.544100	196.440298
322.119988	62.304930	148.790594
246.326612	736.894643	233.661778
287.769950	411.004327	214.596749
335.675092	1788.214399	116.366011
282.271491	1741.759722	455.512335
291.627325	1477.510050	420.811893
111.456366	1427.663253	379.550236
354.554089	969.011761	203.547021
315.163424	354.810024	295.071906
151.603628	1745.104905	265.434080
8.035344	1453.197618	310.850339
32.224931	521.468886	15.901001
296.717632	1753.587202	449.600713
17.855643	1099.169694	113.176543
319.508358	1805.105946	309.380309
159.966834	1588.168587	90.056837
2.946526	841.279903	278.977514
35.172391	641.791877	294.096661
274.258159	1001.802793	306.098994
24.980349	441.373649	316.220516
263.445568	559.843812	359.176278
44.540330	1405.753378	21.808332
199.634751	1894.978776	450.714499
269.596770	539.931843	140.236339
49.759487	575.912142	310.147843
287.280172	1896.721174	62.867068
160.155194	1386.142429	488.178592
69.653477	1296.260026	216.541631
294.210751	1959.792395	296.175466
234.713426	1438.613985	133.776187
211.179081	1153.100190	55.109824
78.786044	474.326851	8.964681
169.531760	1981.095605	315.508395
288.786751	1655.822972	377.607230
169.914963	1311.399822	320.153285
221.177389	351.032691	378.398845
10.179200	11.132836	450.911436
265.511581	1375.068508	319.303978
75.245761	716.325850	404.875092
251.671559	391.197971	186.238762
216.136096	697.518787	270.842634
289.939331	677.286971	189.887134
327.342892	1656.308156	495.865400
117.506927	376.445150	34.881504
254.890881	1889.621346	421.676844
322.012823	1814.140482	116.563809
351.266203	631.516243	205.317811
281.308185	954.309188	75.281313
299.168755	1049.361055	412.468060
88.536076	529.129383	78.300100
50.970783	217.662334	38.386731
0.812936	493.372892	479.883003
328.357332	188.425015	481.220273
65.811607	1596.068203	101.233398
155.061885	1804.352235	186.230681
314.968462	1321.504965	93.565638
236.545018	907.820508	482.943685
18.190457	1490.746846	274.023802
73.696923	922.419991	89.580077
233.720882	1156.813960	12.172550
164.077901	611.154120	409.546852
67.232324	596.909246	455.794847
32.162869	420.882660	77.557583
334.884652	1977.781962	168.314938
124.228524	1431.134120	187.801347
282.451128	1987.527776	196.253735
306.128108	1777.220629	350.817507
97.282452	1580.411834	223.660637
71.561838	228.773852	479.698738
312.705963	910.377504	129.271972
347.276399	263.227181	189.373748
9.211410	282.869048	101.547517
28.670447	1960.807852	234.779506
252.552930	920.586832	390.720253
306.973299	721.640733	179.817463
334.868338	507.059087	341.016127
47.901217	1952.913713	281.739939
344.191931	642.992116	373.770054
278.382960	1049.745358	464.681463
342.340205	1678.430949	303.990786
177.989605	159.275679	445.352632
31.372754	1717.248742	238.805057
346.762270	555.063493	377.040531
204.121282	1239.892702	152.238481
21.739046	1644.391113	117.533209
202.578812	882.009724	383.103840
330.778097	534.791723	131.719090
104.776550	1392.221207	178.399763
302.231154	1429.722792	441.530383
72.213264	1952.515129	193.317009
113.919017	1606.575578	199.561670
187.751662	606.254544	9.192875
125.289888	815.532223	299.065766
296.320309	1389.394858	286.886365
339.953399	383.496038	479.849650
68.677881	1900.014402	247.044518
196.889682	893.510433	184.029893
214.358966	788.041290	333.592199
67.326732	1410.353724	411.679803
310.569211	1912.527651	56.886288
157.018155	1126.958009	367.230829
358.372668	1498.142012	218.081234
113.362133	313.705320	144.731263
75.459852	1701.392074	335.976463
50.777905	1420.147315	261.641488
272.882455	408.088854	450.060245
215.523459	196.734043	496.194672
291.116227	1767.140374	79.444521
34.277202	1652.223166	249.519067
181.234350	1246.874810	496.800707
50.015290	1495.109609	124.367330
292.077940	1190.970180	380.660160
140.583457	1809.759680	16.272264
273.159004	657.799398	349.143203
30.263464	1362.170456	215.187729
295.674988	759.239528	2.582350
177.062315	743.528422	321.782526
130.251243	1835.383265	327.091467
264.256872	773.806557	259.673463
39.341414	1480.713624	412.536398
275.769578	263.560620	345.023131
342.924107	1459.695900	275.287999
298.079378	456.456766	457.895517
255.070691	1396.369521	416.968186
19.091592	1249.907638	205.262649
49.023267	1675.693302	141.942303
69.023754	980.093461	286.410323
128.478122	178.617367	395.906980
181.165994	442.558556	210.113234
287.172544	611.977772	303.175852
230.967775	383.681398	376.966819
35.820038	817.481552	259.386568
348.408215	1034.565402	262.113267
78.029470	1177.528871	412.019186
98.091895	1773.713946	395.996902
86.816137	163.986440	216.776645
13.000186	900.565212	326.857519
350.688677	1732.253689	148.603668
187.763397	1471.386060	280.228389
338.909412	1188.164890	428.734230
280.481848	578.751038	140.594593
14.924567	1570.441234	350.412604
252.161624	1696.975727	355.439453
209.472555	904.952007	303.154160
341.796490	1759.753983	15.248075
133.399382	123.795757	326.851361
262.990151	1954.885797	123.787204
217.153764	881.732001	357.338399
217.081027	1810.643884	249.765236
24.858164	365.589848	383.287867
96.169158	703.180899	185.617195
359.769025	1074.599495	152.698222
158.288986	1519.673479	437.106091
260.915928	152.348966	398.767349
105.303319	252.473601	400.469710
127.684609	1171.156013	259.396106
30.350836	1708.457149	193.903154
56.502839	358.502375	476.637036
293.882175	941.818460	15.686993
292.682414	511.007053	61.111835
15.854585	1048.786621	218.599814
6.744334	603.268058	192.875580
320.123511	1293.090047	44.494928
57.668795	1189.284645	33.960154
294.376070	1392.296011	411.338879
85.511013	1079.008231	52.849432
274.120572	385.289771	412.390348
82.162380	386.060041	86.965783
197.522185	1390.840304	461.034963
176.694551	1452.439573	41.159390
35.865738	71.588702	71.020913
301.789915	1919.808881	34.393411
313.115425	1318.990096	332.849760
287.897707	589.800900	108.511591
130.279793	1849.139436	395.572802
4.389858	94.882643	14.527420
31.085002	827.043976	83.666469
220.639619	505.860343	23.720767
146.399651	569.956840	498.732752
25.404997	1211.936820	421.225281
185.055855	254.000418	48.818120
293.125112	1901.549384	331.067682
44.941660	652.383523	483.352052
102.332574	1737.420646	17.430418
43.681517	925.357740	148.101945
164.858902	1569.764932	464.914012
213.662867	729.056243	183.874597
330.625151	1704.978969	201.314090
274.644665	1663.565329	415.920070
51.990385	141.612699	200.785342
119.587730	1422.952278	428.026500
333.381423	1530.970051	445.965220
1.313692	211.130332	119.866161
316.915636	553.674958	271.017164
243.425859	1455.677685	101.606090
271.232301	1234.542132	409.179846
304.952715	1523.250718	131.369922
358.178715	967.601797	46.809944
257.219810	1300.453380	161.335557
191.040069	1836.877425	439.766718
326.687231	1839.503742	427.234712
51.177195	1325.241673	392.163051
30.845847	1406.601744	219.260196
277.666447	1930.278139	254.982555
66.156368	1417.084618	445.700055
90.434311	1226.317623	452.751363
56.585131	1747.577808	96.951297
270.601356	1075.724928	40.420863
153.840203	1279.126902	459.156288
212.917219	986.352521	129.219180
37.543684	1514.006435	150.068213
213.095596	1160.975397	113.144409
82.538600	549.842191	301.969222
258.108287	775.940879	495.528778
198.677769	665.880617	283.108269
56.945440	1151.222743	109.008162
265.376144	1610.048199	187.691831
73.644215	892.576481	173.369709
145.301561	1705.288724	440.183307
277.464861	1037.845552	20.522136
245.659971	1410.922786	164.311121
113.076736	814.470145	209.302775
255.545540	14.934938	492.509651
205.702570	1000.420589	367.198126
251.842278	1060.111933	130.892782
93.151553	1071.377868	201.183801
266.159972	1277.022935	137.881473
135.008830	1058.708990	351.097464
22.354155	1054.475960	100.109049
213.814161	684.369381	117.471094
356.146187	139.168892	3.912423
31.323180	1416.805386	103.722705
244.378205	1734.804646	56.995942
110.052393	497.437330	180.377182
213.291614	1576.053377	422.558317
220.330915	1812.718812	450.411822
202.843487	6.135590	463.654620
267.056611	765.751874	330.582433
149.182163	585.985454	189.366425
184.792551	625.217028	64.293613
88.594454	855.809058	334.420285
85.226191	1938.338310	178.244820
208.813069	1375.749216	297.021569
213.587059	1278.869538	375.114758
261.958106	1311.600488	223.792252
25.130710	520.010469	216.267884
304.191039	962.166644	166.604789
43.079242	995.467058	168.909954
313.582863	1870.049815	251.153997
159.185494	1730.966912	411.577653
314.122570	1051.850354	25.984345
56.052043	1297.659742	380.287777
340.470293	1254.766297	242.608213
275.224476	1252.667121	164.826714
81.847368	165.612240	415.953147
20.359388	1526.493142	5.997365
205.878920	159.963837	412.728724
182.150129	1138.101879	119.444478
82.549845	782.395936	493.573686
256.105456	580.741111	41.225952
141.038466	1879.024868	356.834879
37.308300	1603.576528	285.065844
336.025098	1701.574449	272.891648
193.314923	392.973701	208.235139
73.256909	584.753189	278.529955
139.444109	539.699610	182.901051
161.224387	1088.770646	215.349316
185.116934	1633.674262	78.206822
66.543986	1370.946271	270.364875
288.795696	1063.601419	113.039536
302.113068	169.135889	282.296462
125.098021	581.827066	119.122951
43.330399	1520.502688	335.016437
89.485982	33.453164	487.251410
324.345851	1705.634273	264.020082
0.184114	40.564647	411.371243
203.137781	203.022819	10.995553
193.784279	1277.812457	205.942638
96.927406	1450.609170	231.769026
312.174237	1917.651111	240.065350
297.337042	1659.334761	154.052383
14.143094	1741.712546	212.274538
174.624975	435.309151	302.635287
342.460081	1859.144666	455.596868
168.471328	1810.208983	310.882307
333.552682	478.715968	211.694573
250.507392	829.476635	194.779794
112.992653	971.274953	328.312686
275.225436	309.794575	112.816281
203.362890	1050.911411	460.146843
276.740274	1186.740983	193.178249
80.854654	1904.209038	294.679397
191.040733	352.191791	353.897219
205.851339	1253.535261	415.745634
58.354451	1079.649670	308.967405
104.649299	1932.958729	286.036944
218.638578	1071.253630	28.292244
100.441658	441.938669	379.125920
219.433589	72.799074	29.615332
316.964158	1823.121781	425.289776
85.499711	868.630930	379.150387
322.692912	1339.697975	429.947713
114.539499	884.216255	33.918180
72.610004	1780.819196	287.756937
209.036585	1938.507154	391.839343
172.152963	1757.386401	329.457971
13.575773	871.041135	135.211008
278.485740	398.654876	224.157275
146.118915	1553.579223	63.420165
214.371428	1505.636990	469.564057
187.540522	744.485709	50.606239
100.740616	666.046273	335.340578
2.124362	464.359625	156.668273
173.331347	254.288154	187.335616
117.994818	1038.228486	42.733151
246.146597	761.837834	47.102236
29.793163	1386.411702	407.353989
343.954655	820.056910	440.354258
119.908008	704.718613	477.130247
33.582263	1942.566730	156.843352
354.111144	1947.470492	139.458611
113.362405	1051.745219	92.897737
102.419534	819.849521	87.289498
194.560174	1999.573546	91.871107
210.788729	1019.157265	346.158319
126.059043	1484.599124	98.283800
63.491183	1616.344391	491.460456
71.727052	148.139134	192.032425
343.987773	1871.438417	431.552444
322.884682	89.215519	491.630431
206.791518	352.397499	454.912828
47.587941	1441.966868	269.639300
156.212586	877.721816	182.934325
231.774306	1680.064784	382.139975
261.880145	1185.174024	31.758029
307.143634	1413.155743	265.297567
50.488402	1471.207484	126.904767
312.055507	1338.002072	296.426969
79.104629	1114.396783	15.360656
35.816232	1650.014611	159.582368
263.995800	1421.839808	167.201492
72.651988	728.026935	400.804388
21.281112	65.209236	366.543592
95.400040	157.609833	230.902150
340.345115	1389.173041	225.225330
232.325231	1095.606718	255.519489
186.793067	64.987733	413.763011
341.933038	1084.795691	21.353109
41.154870	685.602769	427.908369
131.081814	1925.612809	246.589342
155.603106	816.059479	182.766089
192.681122	339.585049	20.160110
30.315067	70.253768	44.877354
352.477415	1243.696164	160.086156
196.292900	678.156257	116.588822
79.799853	757.433505	384.571584
235.132355	1719.742624	55.195658
79.513828	275.203637	95.375712
250.839294	510.799752	108.757464
155.269606	870.599115	301.633520
24.939072	1552.462954	457.302532
173.184336	1711.382021	408.926290
82.397882	903.252664	445.509974
53.185713	1220.392750	491.490201
325.022302	1716.422090	483.760837
34.396415	698.336866	5.854520
177.531782	12.652833	191.523316
125.849928	750.922143	3.510550
112.650305	854.599200	260.266775
317.916374	1939.288106	154.180825
102.218814	471.772871	197.916529
114.846407	469.187098	43.099621
293.726238	153.339478	462.763404
64.392311	166.455791	377.866679
231.842262	647.547930	117.689771
115.131727	739.719973	167.601993
318.973987	1744.084398	262.937371
145.026319	818.307974	209.778311
280.460956	1627.837841	404.001015
149.339610	1554.644095	454.369218
213.121389	644.572176	486.011757
258.665977	611.075153	156.139707
170.263715	854.488302	210.647073
262.440710	1112.371160	80.660839
216.058838	893.378034	55.322747
115.115259	285.280255	199.596870
314.285310	145.105409	17.956720
323.546339	1615.286614	490.974843
99.055646	1541.313291	469.595242
45.324545	1150.662405	499.220535
235.211805	49.419999	14.121136
333.526794	789.483399	77.171010
82.587344	146.221170	431.513736
289.002375	316.947326	377.151284
181.787703	1843.825114	181.356160
78.342215	492.404494	143.291649
53.862094	450.131184	32.982438
176.294447	1065.186455	108.091849
129.225973	1336.777612	267.432864
314.765685	486.685504	331.205679
329.940892	657.013906	42.241055
254.960037	1193.731658	170.786865
341.513396	586.708546	494.247305
176.205154	485.069408	266.648553
81.355794	734.002874	126.186358
189.266355	1453.143058	29.313649
90.953209	305.992656	463.298996
239.416651	1498.603968	328.783968
264.331944	699.690120	98.837690
228.303093	1823.879360	400.605032
73.517772	1486.163890	209.284966
78.923108	1471.885510	280.633333
41.159855	1731.852765	384.405524
83.989260	1334.649381	126.744690
12.955839	481.712814	130.300708
76.955877	1048.483043	352.171503
325.258976	1166.629956	379.220128
328.991368	1270.016561	329.249782
12.812913	260.378441	62.280476
175.412232	1706.099485	170.539345
295.694598	771.694437	202.112340
63.089766	1323.794443	436.258061
78.882628	1809.734420	92.029867
58.235595	809.121934	437.113153
35.021852	1163.459005	466.692871
349.562246	1445.727379	342.993654
171.266546	1327.074989	272.896007
96.174834	300.846830	363.443490
300.563234	1262.800404	462.101351
275.430896	336.276537	50.201154
229.453074	1391.082598	320.976773
146.328842	1111.233607	424.810708
156.247461	600.054241	52.477871
182.202823	1731.586144	102.429924
319.214851	137.098421	343.557873
327.868475	427.296716	130.108209
294.042546	274.313231	393.399098
180.902058	1024.542334	179.968466
269.559458	1832.712732	329.837660
32.347778	1589.609337	53.176950
214.494744	1329.663904	220.722295
176.099697	1156.052549	232.683291
48.487999	433.873513	3.044419
185.256042	1475.963949	204.416815
345.635867	1622.685337	242.055893
356.389411	639.699411	155.942630
212.698737	589.459920	419.016624
253.446391	774.897572	334.855448
148.125147	485.348720	450.943260
323.608663	255.734159	492.396827
264.292852	752.029957	221.893047
49.344232	1202.557146	401.663688
151.513393	432.481144	65.854601
221.680321	307.412297	75.755723
214.887638	1892.468826	271.883469
251.539634	1940.355980	337.480039
116.570839	403.015157	83.329204
158.330547	1332.108948	296.544385
120.017065	1939.622527	190.218894
289.856143	625.722201	428.733888
110.574567	1766.073479	256.084015
32.561055	1051.473041	75.047157
337.509667	1060.253453	24.147443
286.816140	172.875676	112.922873
191.666083	1700.739202	432.064281
153.671525	1841.225285	226.986548
248.601309	408.153215	43.363861
354.179465	1909.434702	154.490464
275.029357	1621.797517	66.936750
239.695572	1245.043858	240.073520
257.916938	1057.358675	2.961640
165.936907	173.524566	66.855544
258.852059	810.061051	446.525522
325.700606	1178.177880	241.038749
261.078404	1027.619295	445.779177
246.362431	939.246169	317.250842
108.891829	558.103994	235.332267
239.605662	494.183773	272.341194
247.266595	621.019339	33.993424
87.950668	665.310578	362.739953
259.364984	1053.386419	232.910642
42.362916	458.972727	28.808596
19.480383	695.449060	51.048964
27.465261	1524.101124	54.200814
131.323551	1414.106231	247.122571
251.436005	977.469537	249.602030
236.369289	454.221000	476.482911
215.323442	741.609733	307.946562
44.710526	815.890582	55.873863
196.049330	1871.202788	495.301117
11.617772	1666.937362	177.836992
206.292446	749.558069	475.985814
266.582887	1505.609667	355.791730
88.697034	1676.630222	364.139767
41.344065	148.086814	166.930061
207.023637	1845.729037	66.096511
315.236177	1977.633613	87.947875
339.530410	1218.096959	61.831595
65.799193	1899.581914	333.741058
9.278556	869.194990	22.778753
213.000140	14.894185	345.335533
99.825604	768.397558	274.943216
253.950659	1031.285165	236.404546
43.514120	741.913064	485.178041
304.269366	944.784672	65.876585
94.918687	1862.962898	139.667261
186.651383	17.437552	469.488872
296.354925	1885.440686	83.477740
38.190187	1418.891355	280.441576
31.272492	1632.964055	364.101840
292.639260	1865.930119	307.755433
203.628654	650.664337	459.428994
156.949072	1477.957162	12.963734
306.047100	583.281834	145.169834
254.263346	1593.993852	248.319088
39.010736	11.538869	478.193514
135.241310	896.284151	201.762502
306.356437	526.385064	63.562245
184.762815	66.266928	334.076136
65.914819	321.744034	111.344496
340.105238	1191.667160	131.122179
61.777655	954.635628	445.656349
291.947999	692.196836	244.579153
340.529401	1341.365518	161.992636
34.119018	505.019227	494.342962
239.943999	1482.200024	266.417304
100.002506	1563.080335	106.749501
23.976594	645.361083	6.876809
219.286337	1564.292683	325.344777
315.832743	1574.250608	71.656159
130.969064	901.490148	26.764945
157.486225	599.210879	30.141892
327.339128	669.898380	341.625147
129.604519	969.294677	166.579603
357.090057	1541.679690	172.553850
322.861648	583.842590	58.646162
355.340728	1513.152099	277.839701
335.956438	1833.267191	98.965619
142.004176	1494.141038	267.034633
148.174649	960.533900	349.500063
292.244740	1149.695971	289.033865
125.386370	1350.275681	26.012141
297.185629	1965.365310	494.155983
12.904486	1252.523519	448.447373
348.272255	586.937629	348.305956
159.634200	1087.419612	290.738440
346.152680	1991.481502	54.365648
12.792574	243.176747	436.921727
189.758482	1153.259026	267.479394
314.392066	1505.356666	383.915371
28.451884	1162.023408	441.949612
118.529247	625.146888	33.250515
129.452257	118.029099	444.753345
159.554456	1316.809213	482.241768
67.943167	1376.757318	60.959887
180.784435	925.304449	318.835796
196.678650	1710.270317	436.362296
179.556936	1937.139844	144.355279
36.215167	698.271148	16.296849
311.005510	388.982022	241.810837
295.247091	867.214786	194.619003
248.878719	1018.626930	163.574069
74.569553	464.961597	92.669645
206.799398	1521.487619	404.619797
36.397597	1261.413332	165.302750
317.555115	1203.299127	480.542676
30.443118	914.969267	212.532708
223.311334	1868.716221	130.228724
322.533849	1334.019772	240.197382
140.813084	1281.526465	169.704747
161.044363	1619.405731	454.509221
281.095929	1797.966102	354.881111
189.998167	1208.593775	49.027247
153.410689	929.094231	345.822773
5.365511	316.591263	425.644082
70.464747	1510.925621	252.913439
359.485306	789.442499	242.672614
204.009938	568.719396	341.206802
173.096689	1387.538438	319.896534
266.007553	1289.712362	416.752972
221.768391	1435.050648	149.822624
259.780833	1334.252948	189.359847
259.087682	594.695160	394.522665
186.678288	772.718844	340.637098
223.106332	567.931662	483.508242
27.918852	1394.800136	155.967142
244.598377	1021.741147	67.616324
343.141566	950.072450	381.561759
15.347854	73.439865	441.108275
181.318084	1214.732962	229.629119
119.420486	874.327377	334.300041
39.435494	848.232877	175.632781
150.077050	1532.526539	397.495112
356.815345	383.210832	473.383643
16.478544	1265.292316	485.382457
339.981969	1663.137136	417.745692
88.444867	698.479775	498.696525
124.807839	608.998851	106.945297
74.762295	1109.671474	381.753829
30.666608	895.259222	199.669888
35.284872	353.772938	263.118354
24.102081	1908.756999	389.029477
261.816296	739.075214	179.343153
44.651674	1606.256572	139.841087
50.568747	331.199516	440.628131
347.606291	964.677738	91.763666
309.557586	1913.425097	56.857370
238.336779	1722.432069	65.411687
263.884260	1908.319105	352.370597
307.030083	15.370383	183.782728
25.043192	1285.388231	310.348797
145.633079	544.320928	224.599929
328.730619	1851.050047	424.551123
114.620749	1642.565839	328.768481
160.012063	984.658108	360.981274
133.219402	1281.048490	359.792457
155.943045	302.184271	92.968094
144.386418	1445.841291	128.424119
332.440666	168.746796	431.786554
239.017831	939.643150	431.342899
200.113896	1220.404060	202.041751
222.416594	1322.106931	278.045856
28.533504	3.119418	62.782260
229.352336	1678.780611	218.116658
226.228679	787.664473	343.738830
106.634456	1085.096536	295.635133
348.641687	560.254742	475.001648
148.425846	226.507616	300.336802
28.364388	350.478903	383.279298
100.562381	571.614365	283.298089
160.706925	1463.127335	169.914387
165.341327	282.363361	7.416971
94.097618	970.583490	217.177342
223.800829	1272.060880	356.289212
13.913937	1746.302320	348.935645
12.243283	1723.887742	365.538291
164.679072	829.151265	220.457382
87.748101	148.293640	348.058917
270.479224	1477.208224	24.698742
318.957393	281.015592	403.991159
276.290884	1134.316591	93.911902
83.748613	219.407548	296.634850
128.591661	1417.856022	321.792042
120.668230	176.223718	495.646045
304.475518	518.851138	67.830000
93.380571	261.745525	163.371971
137.849566	279.400818	101.472156
357.329768	533.277468	192.391090
199.868644	994.136649	416.788828
159.813940	504.818156	74.271607
46.091784	1402.891391	361.054438
61.716231	41.618844	129.540766
136.513302	691.563516	118.682100
158.140463	321.125297	307.819456
55.810318	1077.402081	89.127708
91.322336	1401.962043	126.267205
11.324190	832.282291	416.118289
247.115536	292.157007	43.916366
197.191146	1868.334317	160.368979
67.559582	1840.707484	470.855327
293.952128	1725.643980	216.212644
56.335043	558.930612	331.171963
332.170427	1588.208309	351.072730
58.513300	28.276039	147.991888
5.538281	1076.585428	111.330355
134.205625	1031.997883	488.692627
61.879218	248.172343	241.710199
145.460524	102.458002	11.992502
180.569494	1907.095463	151.297957
218.103160	1678.868764	250.705285
104.584175	387.857969	499.835819
43.604876	1113.092816	414.481524
110.803566	566.294941	207.392506
94.210012	376.987730	73.862587
259.994955	501.389811	262.047035
130.891156	1956.491663	242.544096
228.305498	244.995248	433.272655
349.101274	1578.946669	343.447457
326.156324	1569.659001	459.491112
38.560964	280.143331	99.302264
136.217080	1468.417839	211.859131
145.850675	469.176219	31.697779
264.655658	493.071885	94.584360
260.474920	763.164844	374.709731
98.588176	1374.996921	123.592000
62.523459	1105.156101	394.771480
102.622025	1402.128190	49.993668
88.101357	1554.063808	143.725812
106.181451	1477.372099	158.811353
348.633940	331.976606	126.360641
131.701689	1209.234193	452.491379
88.949414	787.787242	299.604361
205.170826	155.204311	446.045380
74.122793	1711.083729	492.685462
128.748011	1170.524683	462.904360
45.395211	499.520205	53.557924
257.768655	472.414759	84.881851
14.478661	844.132364	39.769363
357.458397	1781.096962	377.292363
131.978681	1126.931499	232.643814
279.008320	1791.979447	459.416051
151.049182	677.196582	430.860799
346.077214	1890.415874	162.568034
88.363821	1275.962116	172.903917
194.087419	321.605445	11.958583
279.204036	499.216556	28.176052
123.452053	882.465866	131.976064
314.293555	376.448329	67.574821
23.547898	265.196436	185.440417
343.363197	1797.052227	110.972524
101.932935	1394.624319	499.308967
195.908596	1304.190213	490.967260
64.715036	270.145180	190.302061
168.113106	205.309754	219.539099
274.369378	51.146793	352.646079
217.098060	1463.862990	54.590935
329.359032	1758.883729	400.790188
148.655902	454.825590	86.179202
283.600280	745.385859	239.631452
297.360888	1449.805431	182.423768
317.324664	423.380296	169.418636
106.203174	1592.599850	293.061222
43.357838	621.032179	124.984720
195.670601	322.415373	326.959905
201.116808	24.031750	107.180336
331.553244	1392.107411	295.193484
248.118564	1221.669476	419.605997
209.653524	119.977691	211.317952
323.962492	1592.003648	475.990813
39.130029	1224.433507	320.062953
128.079051	887.630655	242.439777
289.787764	54.664554	374.048563
57.155493	294.878491	128.668110
292.494383	421.187986	381.825942
10.548772	128.686896	415.582838
265.166276	1803.261846	219.270114
70.185451	229.796564	186.782080
30.047856	346.967304	370.432522
79.025284	1137.590016	52.701445
174.657932	1929.526400	469.761013
307.243851	1802.690295	404.150132
337.691601	889.731605	388.776042
343.558160	722.766314	250.406225
348.340034	1047.457462	399.522180
57.366244	994.173631	342.630350
36.255826	1810.271333	227.735161
161.735829	1011.314949	438.019574
291.197674	917.236845	156.094503
72.831417	267.702468	353.019008
230.325634	152.027629	399.098485
165.041514	368.321372	100.432803
116.219362	714.042420	172.997136
346.354606	1411.167009	290.671628
297.542573	1687.499370	421.823497
303.301108	737.505115	142.479253
168.158032	1357.870599	36.993591
14.866127	602.463839	354.199247
32.260534	986.561993	450.686830
125.097192	1991.153852	382.211309
22.952651	410.371410	164.416303
41.299800	10.974894	133.269792
324.379916	468.285186	360.314027
308.659791	1283.957810	154.743694
305.192026	1537.038910	382.110080
97.843373	1469.437766	339.499017
129.393955	177.869367	146.113622
349.611736	1026.492414	3.284920
352.678101	36.207884	438.989807
184.027209	881.496783	429.248205
83.968421	1601.154720	285.919220
200.158082	819.216298	153.651906
32.363140	230.908792	196.942575
143.531047	954.239907	141.864659
238.587258	720.366727	280.468752
76.823831	1640.054717	268.237852
14.762327	567.766354	343.079527
135.724189	639.765881	292.236873
38.608506	1298.332543	196.508091
72.037692	1217.725602	438.827711
327.325375	1037.970252	182.661737
304.298935	1858.529204	67.546250
295.726710	102.863715	388.034836
65.820458	1883.784934	27.834417
308.454432	1783.451160	254.911915
148.389587	1564.780181	194.050234
330.131258	1229.162548	441.169901
189.432032	1063.544199	220.830609
150.634732	1283.347353	127.818262
336.144925	691.962214	111.673328
241.209965	608.625872	469.682102
116.194040	1414.556498	50.012220
30.060412	1940.833732	147.544742
321.517780	1794.039363	334.721448
329.894692	1279.648395	230.230014
259.816119	1319.439809	384.289958
300.905959	80.317738	470.938860
116.212536	238.556173	443.481842
70.239387	1329.933829	375.315878
119.305564	1025.313747	157.708137
161.310076	1199.631183	382.016169
99.237279	1923.982160	215.548600
321.614541	947.208043	209.307867
295.262791	1607.636241	188.812825
110.853414	1493.346022	374.018451
32.990822	1689.804419	339.112192
237.234108	1306.160322	249.996395
234.682426	1800.426941	429.788046
62.345052	1356.968835	415.387152
293.018581	1541.198634	152.353044
185.345753	37.917819	335.937948
325.627292	1126.316324	418.264083
127.184500	154.714738	25.150911
303.065286	818.450241	87.181695
35.916930	1174.045611	359.951768
134.413982	1416.046855	338.306817
338.809121	1171.005561	380.699933
35.265442	1056.308055	143.230106
309.985729	1023.994474	471.924033
80.121324	1861.378301	44.081022
342.065251	504.121539	106.509609
208.932845	1002.262021	245.201625
265.699733	1768.047349	376.016617
157.165061	580.556114	56.835413
26.435505	1354.779397	483.566823
222.311731	1975.291212	268.900464
32.237675	1553.114775	364.928305
216.895852	436.484100	290.922642
13.256280	168.286392	181.084123
258.015270	51.445998	484.640625
141.752405	1357.192534	472.981162
91.300355	1886.220469	464.982903
201.057960	604.049917	62.945662
29.706435	904.490262	29.220341
203.059202	1909.528347	246.181063
354.571130	1286.440669	426.078030
159.774229	72.212469	465.233341
177.006454	319.292117	432.496901
125.974987	972.473482	339.255445
120.550876	964.854687	179.889840
113.791853	1051.918810	332.253042
224.412845	445.949311	39.722397
273.844979	577.112975	125.106367
139.054993	1036.667874	45.747503
278.626062	436.651583	127.500954
201.794238	170.773679	48.368793
209.059671	19.354019	225.956279
72.159348	1617.284014	241.949967
185.214692	1997.591909	120.309882
292.698175	1698.798262	415.534412
322.939317	1766.127399	32.441362
266.747319	36.696000	150.269804
245.139551	1550.897318	92.735246
268.551266	39.629088	294.659578
299.245770	692.145049	399.443649
118.317398	568.300059	156.191387
149.244978	1256.798098	40.256207
261.803793	1168.312621	436.988946
338.823062	1088.438548	103.386584
58.534969	1856.373678	8.152867
177.584085	720.497348	439.893701
225.843147	587.759040	422.986452
170.054643	322.662504	493.351659
150.479332	869.029579	303.957177
37.348646	849.514803	322.348066
150.908665	1341.317624	355.798702
241.232113	996.084980	255.369884
320.232770	423.330087	110.709059
317.974296	1409.438331	498.037114
96.302620	1469.150157	81.370563
69.133041	1657.356067	344.656251
7.319663	578.711029	237.361834
58.348877	614.314998	374.815318
328.825309	379.774574	350.167946
222.843369	1991.950522	55.783234
350.933748	1248.291850	418.736423
94.522071	1230.440449	217.309274
247.825105	975.300895	405.250509
19.435860	1320.212116	115.697712
159.776739	1819.663494	355.732570
270.626058	1450.202593	338.516261
287.010248	412.843862	17.866729
335.580493	739.925118	119.138256
337.700923	932.161877	226.713332
259.393830	1402.557267	334.952207
353.434718	710.045001	328.276558
119.645744	801.348413	236.571569
355.019123	624.819788	466.807138
158.590654	124.851014	243.743356
20.006334	1286.903541	209.637154
63.301450	353.961590	62.662905
20.516034	865.606305	406.810175
337.240426	1527.384877	208.841221
45.418479	300.154797	205.563849
22.355517	1732.521521	31.750838
141.803073	661.998627	72.741930
245.596301	697.353161	406.579264
123.326912	1580.794384	333.584465
80.437321	456.754698	357.512012
247.065668	237.046388	5.231061
252.300153	1263.522619	136.120471
143.497377	800.252123	112.273749
231.029323	345.530524	403.740845
164.813422	1170.109967	63.825811
294.955437	553.501256	134.053441
283.470541	1925.462879	85.837191
207.311656	227.977246	23.593025
163.904937	1216.693157	82.050947
354.341253	646.624969	31.970254
295.897139	277.769765	186.745826
308.001692	1078.024469	435.501326
0.036529	1610.899604	437.843448
47.472614	361.935938	296.029372
193.716650	104.864985	117.016128
256.633749	583.464966	111.902568
214.724434	1099.822691	237.094482
347.697732	1884.043345	12.283872
151.298203	913.893887	184.620321
252.886177	560.497885	326.224518
257.481966	1408.125288	101.029637
167.196203	642.613100	286.883326
323.600122	490.912932	233.753252
285.552375	1212.583887	305.972814
96.234848	1623.992593	329.401607
232.638693	1295.698276	28.211599
145.438808	1022.321305	65.001101
48.057632	74.936403	388.659699
83.086995	384.106549	225.628728
16.356718	504.055812	63.360186
40.540986	333.175002	296.179990
356.049890	1828.005251	139.680751
169.840908	1975.154205	118.695511
192.363819	1511.580683	163.268274
130.936704	1819.676769	481.336555
16.681704	365.369971	420.271232
226.015149	1293.703310	458.227042
212.538321	1537.009847	288.180967
5.537058	1281.278359	60.543966
147.307272	862.061943	246.689976
84.572662	1739.734712	100.913503
293.487644	123.972681	0.730787
81.179393	813.524423	141.184394
229.153917	1327.521480	142.499537
215.588973	682.286873	140.794287
42.226241	1569.557946	218.323229
219.061946	388.780586	208.582299
59.938728	15.579247	362.299717
82.954841	296.528194	137.471686
0.452152	1230.729796	330.966270
159.009019	1637.324215	15.911864
47.295947	1707.130385	261.573104
32.630082	306.919790	402.849744
281.034324	146.708825	216.770015
99.541874	238.655252	309.430175
40.990301	120.843208	191.190968
47.363727	1520.134910	3.454426
141.170218	1355.965474	422.151692
251.931464	777.905718	379.320809
228.858701	1548.184581	422.950468
250.212033	513.418042	15.134842
262.452217	1257.472804	71.282202
242.826232	1800.689181	103.478930
35.452744	1755.497258	349.073253
168.080806	838.153409	455.335067
272.134322	844.766720	437.615806
31.551030	1497.505879	103.132409
4.586724	283.291290	383.136288
319.841100	1218.769524	155.395594
334.624804	223.856949	358.463143
305.250536	632.459638	490.011675
110.119992	811.254235	330.341020
84.767394	1239.610015	178.741432
198.718517	716.906315	353.329029
344.642403	885.254591	293.546239
184.919173	1905.655177	468.984836
145.903524	1906.039222	94.118351
274.184872	484.781022	187.959784
345.375668	175.806991	133.399228
57.917220	171.434168	444.686038
250.346675	1056.009663	250.414322
93.902276	1188.130203	152.709999
93.215331	1773.050376	299.087106
137.481116	719.131904	5.753918
63.001686	1419.628789	372.916863
90.639932	1963.100294	320.712680
62.644258	920.047344	130.612428
257.589979	208.638828	376.715481
61.623895	1526.970453	205.962862
78.212954	1585.925263	321.089343
211.154002	1337.163681	217.887461
298.559542	189.462826	292.244563
122.473147	276.601151	301.801018
178.165368	540.869407	87.210606
334.428291	1024.488539	183.420585
30.983949	1944.823556	227.084176
122.500434	948.270389	149.704630
225.172455	1310.499322	247.406686
195.509224	1566.948664	403.081358
216.034392	1182.269283	408.754564
201.497289	1550.211222	455.824911
222.508858	731.204039	162.647023
99.742137	113.774964	85.955167
23.541130	720.804880	192.851522
250.947242	862.085271	365.207469
328.052815	1698.219602	354.503427
12.132382	1041.421167	456.749739
140.212397	56.239376	266.735636
225.443505	1639.563617	97.403706
347.286708	1664.733178	249.128831
121.291558	83.827598	93.280379
221.487727	628.438083	165.021932
129.682277	53.722460	119.120200
140.449381	1513.356137	469.613335
12.954910	607.395553	3.106170
218.902455	413.905002	367.863792
298.030579	1300.318487	95.257866
218.331291	410.035499	429.549254
97.915872	1886.466849	240.605419
136.795846	19.209324	445.196403
105.581940	507.767456	323.055469
20.773765	1829.353612	431.938109
249.612825	539.446613	495.216186
304.033696	690.466050	245.431723
244.338842	1168.679397	498.232573
294.458615	571.535760	14.467335
180.047123	75.458520	373.773998
231.533320	941.760782	376.669465
320.553292	606.133641	226.631873
240.893006	1023.160667	129.236400
64.616106	606.033533	156.814085
261.921600	1666.094320	261.932251
119.465548	1488.718861	249.003108
44.352272	331.123001	18.872580
103.810024	1717.187449	45.437472
202.747432	957.541290	114.338240
78.319440	832.502547	371.002437
328.074443	579.135105	244.978725
37.133710	1938.669281	384.880115
155.398820	1835.708442	489.221252
29.661767	1285.368583	260.023532
184.409410	1058.982430	456.540771
93.745217	1220.828252	42.879402
208.228668	606.049517	182.575987
298.884217	184.157460	15.527602
298.605742	1032.259400	197.531782
238.820740	675.509610	127.998043
314.165028	1064.232738	194.017089
82.350079	1266.722921	159.135428
182.777869	1811.822741	39.069404
27.915400	1238.560946	293.417038
139.469075	290.802822	123.951756
96.451146	1496.206135	317.426529
176.311620	174.329175	345.824102
105.254066	1124.953991	263.976693
300.444002	779.994786	342.200412
222.405303	1935.274798	301.953585
260.991320	1614.934663	497.514942
17.279844	449.671087	200.388225
186.817917	593.358418	227.764989
15.515402	500.464492	469.512760
148.977720	1321.555697	196.828074
282.747913	1777.564871	7.068717
54.211786	1591.937823	31.950751
21.020004	1160.219903	6.325380
234.582227	939.978483	245.770317
227.689783	924.393229	186.787856
329.240107	1209.007582	426.617155
220.985365	225.156837	453.437254
332.554942	349.708745	69.550673
328.921851	1343.872176	118.694680
51.421488	636.475927	312.020301
124.911431	1780.456903	206.989364
333.525760	1263.595929	417.200069
201.187268	1517.657918	37.583663
210.251061	121.134693	249.096274
53.131620	240.492180	2.321778
4.207067	564.389680	185.929147
129.120592	1636.794731	445.062008
25.446612	1807.916762	316.223731
252.075355	1162.725594	482.079204
161.477519	352.110036	410.339253
142.089257	606.236768	287.277595
246.868723	769.712780	88.974251
227.504707	607.326442	160.537871
2.743592	0.022327	116.090934
61.646073	495.702018	40.752770
290.803459	297.852895	187.541601
289.315442	77.472909	468.835316
148.337551	863.479701	499.326593
317.853896	1294.330872	252.883707
32.265458	1695.927302	490.764948
172.541997	1406.775126	57.889369
277.447324	1965.504255	204.600507
173.740707	880.913522	366.364181
245.692201	940.610637	185.637484
78.626973	972.426651	490.232974
302.714867	806.561740	213.690267
42.451433	1201.447882	253.881664
52.424511	1070.147089	204.205824
278.567643	748.520120	93.109747
65.833968	1891.095078	243.181225
13.666602	953.214570	320.547087
25.708724	1862.543965	468.944824
328.719321	1088.224148	260.808194
177.904432	517.618560	498.727088
60.009513	1869.275077	292.678214
142.036777	554.337213	407.480164
157.404267	1753.552023	250.869022
124.157051	1601.746254	98.070895
192.340619	1309.547763	276.997361
99.196148	159.854211	394.938463
175.683824	1179.787576	99.400545
233.570563	854.008048	287.898685
17.185058	1416.707732	321.841337
228.287207	987.095710	484.966183
47.980835	415.743933	146.138959
108.455489	1214.480747	416.637237
181.318947	548.616245	224.540416
166.023279	886.873581	346.806158
160.929021	577.219999	424.187787
70.508223	1558.118630	266.674727
348.515924	1178.658493	295.116313
199.876348	306.288060	222.615846
337.942098	574.772610	78.521709
27.447631	1025.363529	355.954045
343.279099	909.964331	382.748739
311.726728	665.963505	473.137523
290.649650	922.751101	442.166851
344.742463	176.439327	9.002114
223.474442	1155.828872	5.401571
241.248742	433.074365	97.003183
60.235205	312.877260	331.733681
248.408832	924.966782	212.323457
227.311668	1958.220027	255.807528
133.545462	1899.688566	179.444732
61.019408	330.588389	306.327905
323.220669	1931.574742	457.413245
38.114629	42.596745	277.391145
75.378312	1370.292199	337.176512
111.495508	1699.580256	191.244993
319.570320	1429.198122	437.155962
283.641140	1880.224471	403.488101
126.758100	23.019754	424.021442
214.936065	1940.973179	460.692872
160.611884	1739.177457	379.504241
208.947958	1228.200011	355.329261
116.417237	1827.888112	386.852296
78.789627	1483.372163	67.818684
97.565607	530.248293	150.624485
91.687494	417.433035	231.708181
73.135133	697.433420	412.664782
129.605318	1986.224027	305.728015
87.661787	240.151875	384.726272
253.186312	169.788040	490.639647
269.903274	1237.665106	99.202168
243.189495	288.454770	350.855204
354.006041	200.589607	273.167746
139.127805	337.345281	121.462710
271.965461	1281.682377	384.730005
345.085042	1056.001409	10.889074
268.185718	159.512929	14.527231
31.778181	1995.646574	304.624884
26.181497	1694.032128	46.729743
165.499366	922.596414	454.016850
355.838943	860.808194	482.812058
169.949660	1178.702246	280.012685
175.834043	11.832847	481.488706
52.936478	1513.818162	137.525644
144.304621	1547.246067	272.350446
60.368339	621.049554	451.535987
60.965819	1591.564901	406.895482
250.558322	1508.543454	181.111505
251.153712	485.963314	283.491891
183.544472	251.755761	125.114645
293.324567	1765.176519	293.104985
216.390350	842.329380	485.737945
251.014626	1170.740227	72.372600
141.926065	365.695026	483.008641
290.683034	156.184640	416.792335
116.139979	597.313723	24.447875
43.546163	1487.505936	495.695095
205.780211	1981.329145	179.615171
147.993072	729.389505	46.766844
134.979495	587.820934	124.098391
286.193424	781.494576	113.607970
250.038759	382.156887	409.313830
309.218072	317.265204	176.098746
98.957998	1755.013879	245.590800
167.256873	1858.076641	303.085024
140.211309	519.175353	108.043576
4.107433	1018.439372	218.940136
116.460264	1686.537327	109.941173
144.733481	117.617471	387.780691
124.755341	226.509296	498.570511
263.545776	477.597440	420.551455
189.210935	20.637014	8.705372
264.527383	117.641655	368.322332
120.036698	1683.290049	84.629125
99.275623	868.454488	236.259617
170.383880	1688.216324	147.935332
177.712950	786.900572	108.041312
233.484831	134.751109	151.794530
12.367205	200.903656	347.769678
114.981764	1792.697004	121.270029
128.176921	1803.487884	142.214445
35.767143	1482.578677	158.932423
198.426451	1441.258862	157.680591
59.231908	1543.553448	403.851459
341.948563	253.357218	469.286079
244.694491	1987.952741	117.157865
54.857821	1482.420222	422.574537
282.741093	956.372337	46.064903
33.292014	848.869014	16.384307
203.763372	704.218323	212.789704
224.169770	937.129303	127.171112
218.819081	207.570136	347.006451
333.327823	1733.438759	445.002739
83.496572	670.649360	159.928384
69.201469	912.589894	76.550042
343.935501	1640.304652	214.732533
296.997404	1620.070726	467.640088
119.088764	796.806218	493.089158
67.613723	238.680340	416.973341
157.764096	124.357698	124.470952
81.394949	1153.050072	274.554276
335.985309	1718.874900	420.641705
335.941693	826.263020	134.139031
320.310619	813.309033	287.157602
89.848054	823.777858	241.036665
152.500095	1379.723756	87.946916
301.522418	1619.989114	471.956721
322.564063	1988.073460	19.973897
20.782031	1318.803314	98.502811
18.286086	1648.954890	99.077480
93.259294	1557.879143	66.398821
52.458176	1308.884212	219.416387
320.832786	842.236265	454.932117
348.187443	933.332344	0.747459
218.433495	28.331352	406.131765
91.145757	546.361595	171.796161
199.837014	89.577279	344.825415
320.395315	16.313862	102.221450
355.919389	1835.512673	43.315915
47.557297	489.391604	10.540126
345.370746	1431.080247	222.047083
196.604045	1234.198753	166.230650
98.479223	1390.401805	490.763876
5.401726	1520.818331	77.005541
43.149578	1560.014498	99.524506
97.655056	397.088623	414.288081
111.971388	1684.824331	371.099994
200.910716	1369.615957	304.240947
163.541937	507.218584	189.437762
59.452246	757.673121	80.260535
48.233247	759.496583	268.224150
232.935110	597.113835	101.869890
76.905483	684.943403	369.328682
165.932608	1398.731563	47.084342
349.291219	1334.954943	44.317133
176.470153	209.547154	262.398220
67.488473	1773.409675	191.508580
278.691764	1463.308287	438.282875
64.345056	1996.361773	252.973563
312.199167	1339.290335	456.378719
301.000133	232.445382	196.053527
234.912810	1139.339068	295.270859
202.270499	864.177221	236.973102
255.063461	1401.143851	448.842071
186.826881	1024.630384	369.744553
113.885757	470.182768	282.201052
305.813635	1205.992464	331.499321
173.261091	994.849666	3.990113
21.417677	221.166315	315.872148
266.328722	695.938324	48.079519
190.681849	1911.252853	349.363656
327.515208	320.743157	181.081327
214.688753	1784.755311	82.102601
111.273493	450.803992	360.697919
287.709900	337.769610	438.666649
115.336998	903.592414	240.317169
103.658121	812.973077	82.768321
285.792774	917.820397	286.203468
173.195316	1970.964419	443.013161
185.973620	1195.128717	30.396437
328.191457	1504.794390	54.231958
271.520576	1127.264818	489.652935
296.189254	1429.575447	245.907048
7.299487	546.096151	231.979582
144.623964	407.474289	462.327017
81.768667	1079.434842	250.312126
327.381248	928.101833	425.550802
77.174636	897.229791	461.440543
147.844933	1864.003451	484.711919
282.932500	1207.494461	364.336899
304.969206	1396.132410	432.333934
331.646300	1366.677691	220.804704
266.481729	1979.070284	210.981546
207.644160	1105.514908	189.331296
144.339694	458.795909	139.720239
3.993515	897.038376	72.448924
193.513763	1755.464407	294.789605
6.110898	947.357394	147.177912
27.000436	1237.619273	32.458288
114.839865	1765.137476	116.429858
231.695839	1157.416493	298.114424
139.549908	451.917921	200.639904
137.402657	1150.053831	123.152831
67.636887	1243.408875	146.253290
93.743750	1931.540998	449.677563
121.927324	278.786370	99.167040
306.233042	713.205409	74.829102
6.026717	625.865670	349.687886
46.427598	803.611639	49.681062
348.989667	1238.025800	190.424617
198.733702	1477.880998	118.552407
125.808808	379.920361	464.981142
317.795284	1982.527249	87.372237
36.893864	110.229097	394.887897
312.659214	307.041858	378.247975
348.299014	277.080291	98.202179
206.859830	1491.803436	192.824824
333.088263	391.767641	357.066075
92.384876	607.291525	313.368121
153.132697	182.910687	229.969967
152.597222	123.410695	169.777019
64.506387	184.768090	195.298998
83.128447	1667.185811	463.978940
292.004013	575.851852	188.451219
232.234531	489.107120	60.640027
98.372224	247.904227	334.728109
346.382918	646.904045	332.227255
171.556664	273.172230	283.686167
153.725510	928.061692	275.917759
292.377939	1197.557299	155.460119
172.226066	29.712598	135.781623
40.399882	672.934127	161.678119
182.038482	1137.725427	178.235320
279.247020	161.787586	147.023596
203.812450	748.010749	347.043838
143.820117	271.521858	21.037663
82.504572	863.205840	424.738824
88.814875	922.622730	116.211093
106.599502	416.289197	40.240973
300.324693	354.170667	225.818858
258.760129	1769.784973	104.067242
253.143103	214.648140	19.391351
124.358702	1843.578192	36.962015
291.345139	1544.752840	8.740910
149.909262	930.115887	179.841069
214.675656	1888.845943	32.720131
198.178382	89.127704	438.907444
338.942414	1273.437708	247.538022
268.169996	1220.395143	209.952252
330.713748	1325.979173	205.069004
180.742288	1134.821690	451.745515
161.436643	1501.872737	325.130694
23.027357	1647.758114	74.142638
237.131935	1179.828272	343.805395
12.858648	1932.860855	426.083327
92.354479	932.122892	48.473319
228.505402	323.189158	234.190666
325.570521	762.234804	462.257618
30.364913	318.784771	465.247807
73.106192	597.273753	172.563833
47.343720	481.271616	287.773239
206.910074	377.289629	397.237378
259.632245	1817.401605	74.675595
155.983816	1103.315752	193.725398
137.364619	1864.433093	10.155814
335.537866	913.720901	489.497118
223.979977	1632.508905	380.132151
270.444838	1240.745948	250.915611
85.987634	971.064663	17.411311
49.328298	383.036662	140.030658
194.792281	1775.382210	158.583733
3.445345	334.954659	288.219183
79.332843	1434.298363	84.065704
16.761992	553.006719	7.178206
284.408846	148.236800	15.983921
213.088203	1012.652455	48.101295
145.704971	1788.102249	359.078334
205.771328	276.844630	114.035416
212.660983	1475.737908	438.718114
196.328280	691.010931	129.281376
350.322875	1077.557908	324.912956
106.217542	898.725819	144.637865
140.355089	100.350719	155.024208
275.569388	1158.058887	309.695826
232.930921	1344.593428	75.244206
168.286034	1647.067938	151.133141
261.989147	1041.526344	283.348939
6.538797	1402.014431	431.637113
203.814057	1660.515493	166.875389
188.715208	1271.046711	376.797293
240.171968	289.781214	239.237847
339.870057	8.919411	448.168860
233.484413	1389.552888	332.766206
102.926446	1208.759867	357.142812
279.268987	1474.556046	460.188134
80.594711	451.035099	159.255479
194.689081	1235.099372	361.132310
231.592813	1621.391132	123.527748
268.306985	181.763270	225.371691
217.378562	267.402060	460.483952
21.216274	942.419236	164.112067
169.352727	8.618585	343.455145
321.378454	1360.031921	233.681915
204.179669	1147.029112	258.319954
110.244084	285.049309	45.591404
265.061725	35.495138	393.361648
221.841213	235.764411	390.514766
81.976914	452.886849	417.174866
254.121127	295.410614	176.137008
66.523388	34.434004	77.197976
251.351140	1121.775013	151.552980
306.339434	1910.128072	34.121088
84.954372	1690.194540	40.693072
138.938665	785.606973	153.669195
58.606340	656.305521	449.062636
282.860412	91.881486	10.995725
233.487839	1324.890190	262.499659
341.915447	662.900265	313.513822
278.623482	1337.881955	257.365197
68.166282	1434.896084	181.333013
103.087576	1833.179427	21.651834
298.214344	1327.843619	44.558051
111.981760	1818.837636	116.792712
41.144346	1427.908618	217.702980
293.195302	506.291205	46.726130
314.421698	1983.145776	94.956508
313.029746	804.250246	8.794521
233.020243	166.206571	125.752335
169.716674	980.972930	204.292163
321.155433	1931.599540	36.616581
311.447474	1207.091514	104.872501
278.577575	1418.608533	35.766601
242.582615	192.748232	33.806258
227.701451	1899.212495	226.192939
280.613551	176.017688	252.594746
172.071716	847.012198	157.069781
94.013980	262.643669	1.415996
96.745966	1183.368634	151.971001
200.073382	930.317071	184.393990
16.025650	1037.394040	347.952691
100.914525	499.345745	105.143222
53.786681	1479.089854	499.648584
185.106641	377.624209	161.144754
14.837859	147.662897	283.539309
297.586962	1855.575184	225.300005
87.386554	256.736347	67.798784
180.624718	226.580064	498.984764
73.448964	1284.612725	133.918484
329.729083	1359.533589	10.278333
195.426712	1634.535097	375.890074
65.862533	1808.381868	26.028271
55.624374	974.156960	185.130038
253.818459	1245.704503	398.596064
140.254938	327.018186	327.909055
333.848875	475.158302	306.402172
252.733379	866.075433	161.955616
285.803183	315.566388	229.711227
121.891854	627.428015	136.590023
340.359764	1825.118215	337.466421
276.902235	513.047485	489.902370
150.479144	1952.997373	179.718477
68.120810	741.089317	494.147301
135.321091	977.266700	416.419556
126.742965	260.095818	202.450824
243.408442	16.314448	259.924484
17.470117	102.772745	116.126984
78.148876	1746.294712	360.356169
240.410542	279.101561	171.510393
6.152869	895.632447	221.413704
15.161460	719.809830	289.804433
30.950949	872.723127	190.978030
86.964282	1460.329366	443.688239
162.979418	1236.182530	353.233166
245.157021	781.577410	144.358393
33.894198	1914.937730	105.944326
129.701932	1857.296635	390.158700
144.601687	433.694004	146.271978
78.080090	405.392078	457.499983
150.005791	765.808759	373.363789
264.439729	288.161538	478.190114
298.458415	530.417873	360.513151
248.615677	1514.200121	342.052938
32.455339	1300.717691	361.868592
224.839925	1790.962063	235.626367
158.481515	1056.492205	79.037304
87.422309	1417.081022	397.745703
180.593027	1895.046666	317.501286
359.944162	1532.455332	47.174256
290.643671	37.057568	171.035488
333.492085	426.445152	146.907752
291.071929	1866.551302	192.047728
229.688765	14.144406	113.182225
57.684550	1963.808196	162.264653
266.761240	1584.264493	346.583612
60.046372	1160.179037	109.375529
301.847003	1173.072107	248.400763
24.959495	1552.718407	410.109717
284.962137	1928.667706	48.139306
235.008704	1624.598763	395.998855
299.066575	192.599464	228.458025
85.621567	180.045489	461.768955
156.381284	790.291429	79.600717
51.572528	515.658286	35.623528
71.528970	345.798413	246.076122
290.826757	996.040198	75.582755
17.873192	634.147158	246.125985
213.442966	882.969232	422.537268
11.124056	1331.855111	423.241041
317.305339	148.712980	312.787297
344.928789	1359.852550	381.582881
125.768704	1273.758327	117.290324
248.683589	1229.992848	26.514048
130.425991	565.020669	54.771896
1.465822	1775.168214	123.698855
236.698228	466.030921	271.752763
58.019315	1351.648488	481.926687
223.291925	1635.121478	203.240794
242.217459	508.596148	337.760648
88.798105	1359.664486	3.337621
310.398230	637.211896	201.778793
123.945603	1859.268400	86.734416
140.872572	1336.953193	380.543036
25.743773	154.793556	280.966367
312.002521	45.669727	177.945801
20.793438	1940.723281	383.131303
255.372204	610.109094	370.559453
203.248512	1362.905451	466.956653
311.765929	146.825038	258.718133
283.818711	948.609649	498.878551
136.770517	1891.638685	212.531302
140.398125	1854.586336	496.350337
238.583372	1220.592265	322.388669
112.570103	1446.095083	250.150060
324.522828	1271.974442	286.043204
297.735872	21.621697	383.061952
74.347776	233.418987	272.006933
121.802633	1809.563273	468.012364
38.077714	346.134938	6.117264
45.249039	1686.048698	297.132091
235.180095	1085.527569	388.650053
115.036828	111.590253	145.231939
9.561805	1770.152150	61.368397
300.933678	1108.814053	255.720008
127.155023	376.221451	180.140408
117.677072	709.748061	302.982704
82.042331	1408.311232	350.273824
320.646834	1735.344638	60.869108
125.634467	1497.487827	444.857917
272.557812	714.852919	452.050149
170.557276	595.256220	378.195137
352.034334	1891.384342	467.314242
76.858184	1249.593016	49.548058
207.451371	763.854282	106.583343
281.976027	1384.609789	186.570171
233.877427	1553.862470	126.454140
134.945677	1735.897042	399.121619
78.135967	1651.603953	248.349095
141.227976	1766.962946	175.787047
286.047164	1108.386878	238.139209
101.194809	18.996041	14.671169
252.330695	797.688118	75.196726
83.392080	508.192105	159.705427
105.825199	1434.126822	44.901620
217.675761	1604.271766	293.254471
240.601844	1865.543308	235.195225
77.699476	1653.696596	262.798558
233.005768	1923.411172	404.980445
327.451678	29.044649	151.980120
261.016605	131.557381	464.517059
100.500308	842.306539	122.967955
250.241286	0.467074	480.391546
207.155742	1536.415667	324.724877
77.848388	483.762529	322.808117
228.712830	827.449409	61.961557
313.378724	362.192453	434.493564
205.115412	1098.335894	311.551392
250.470115	640.694806	447.082786
309.851995	611.165876	267.385442
79.431529	137.613917	437.751644
247.095612	1663.172886	459.204355
348.901345	71.918267	127.645841
308.741829	1676.489161	343.036738
278.144253	140.030585	322.920714
334.061988	598.478314	496.549036
102.863452	1748.122644	460.059232
74.700668	67.598226	152.178414
39.158226	840.698401	358.399455
322.316573	1692.889412	185.475097
179.930128	281.030430	353.365086
4.458241	193.151236	273.599685
190.589515	491.965449	357.869841
87.396380	1920.132293	186.562183
100.719366	552.151743	11.190895
73.612471	476.424768	480.604728
1.739059	1588.831731	325.184855
40.047927	748.625539	25.759650
87.907626	541.570413	100.451194
10.475534	4.597564	115.841387
79.276513	721.265222	220.334625
271.464417	1678.906669	200.436236
31.063283	1420.734283	171.743947
334.334533	921.650614	226.640727
297.031056	145.462893	299.087354
69.555929	899.816905	493.831822
247.062378	1458.910350	344.985331
157.745662	182.290712	455.258056
126.918969	1016.595056	24.503679
312.564537	535.006877	121.745439
342.686489	1324.602190	29.819265
123.675429	1816.609133	109.481572
290.340260	956.015921	350.970581
109.441943	453.962862	79.462761
86.095254	392.626143	257.990552
117.615692	1261.071095	289.110628
150.176110	425.564556	353.743566
154.537492	802.198389	41.456668
58.416686	219.552025	4.678690
128.804902	1332.853125	397.300600
203.103078	194.158431	226.291117
43.848559	335.415949	83.555752
319.504010	1043.218358	108.459507
238.892788	1400.210867	246.306907
