82.81503498935470   206.04323229967633  237.12552685148353 
99.17429515967444   256.03456109064291  178.17810115659961 
205.33947756006054  268.99939781517259  137.13174377673243 
171.95237212331955  291.80341354750118  226.25332718068142 
138.44268706696593  254.99642304252919  222.16684365272110 
225.93837102548102  506.50812325237683  213.63306989373120 
55.78211392835097   123.54943261499378  196.72763691079797 
177.10039342073969  161.92097720488309  148.23027623422865 
335.44087979627187  259.18127712283479  63.76746556817835  
109.94095384551071  371.88262929241648  252.85407148466970 
277.50999751298303  109.35912683995795  220.34133458449611 
110.47343465949386  185.25787167670904  97.19037554623850  
49.95671665803033   404.76625141242124  100.43584358287973 
205.76170872064711  255.59643552802646  177.90678558786541 
214.36638702656455  356.48163390455511  287.38334829760083 
215.28956202441674  316.57284843042822  167.82311744701181 
25.75814326142528   347.10406116429431  115.05565539905172 
192.65588927917315  205.13586945903404  159.80371730523512 
238.23180045443624  386.28213641867808  123.61846126444215 
220.49438285174705  120.68034862201148  171.69181268947321 
5.85897561229740    259.52942268515307  208.94398500569548 
273.94526546684926  288.28888137883018  184.65423295922395 
27.18437836575756   446.65407454852163  134.75634349147657 
204.72837243479930  506.49928073012535  273.59708143083191 
318.86763899355606  330.97901054860216  118.52566456665318 
44.32526838765084   229.20807755441203  180.61197745671618 
233.15624108311002  283.04443834246825  -26.07703072236035 
199.39049139990493  127.32463552265772  292.21044243303072 
302.80541384433639  380.57913101289654  257.69516823361448 
349.36373543641417  325.68576634968133  135.73203341231869 
60.46077959966667   102.45901117344977  173.19385342935180 
129.08169713483562  -11.20762954070170  190.30164873512695 
33.04033568143983   71.69315457036345   128.88405559366697 
209.49963961130473  308.67187581172823  46.34137786957068  
341.06596879484658  294.22965226097710  198.75494466909817 
327.54438037203226  50.98179721806980   187.54110901598000 
142.13280644738290  416.46590118173253  181.86706996671523 
196.94301845999055  134.38658253801833  54.42998154207551  
274.33085980932458  374.86212188837123  247.96962600591019 
9.15269245429863    281.50123978071690  201.07304981493633 
271.25194599750489  264.83217168592358  66.93391492791235  
219.24314097709802  -6.57167716583155   134.57517409914470 
233.98774416944730  325.56293227813302  -12.54600538599891 
253.45512031718178  469.67589605881903  285.22982328893181 
149.55898128486749  354.29343276739348  190.51088402550758 
27.23826395838777   31.72145356261481   182.48682017468815 
355.42212192590915  299.74437987933908  145.52969753048279 
127.30982744668327  241.94835676188939  263.01150364266232 
178.48649348432045  407.94116500131634  174.37475569226390 
105.43485169380507  157.77064224992046  207.00385867766335 
295.17289786453767  296.82338399822879  68.32917386643346  
355.14900778884146  500.15020754496425  209.11978603303851 
5.75513685311421    120.28716357811561  206.25065918019641 
0.11885052846287    59.17918664315425   257.17814646880072 
60.34624396588303   219.99967140717769  129.87279541499714 
91.08101097473421   102.65025089419527  89.45881339591952  
275.35029845516033  77.84674277965865   141.21095238987215 
344.09610596091818  284.05970911252933  205.70215532934341 
166.47926745721401  272.82427190141129  118.98049043212502 
202.25223996463109  236.86916607530512  112.99037865253720 
264.21176801879255  217.28034472879898  46.00277932333957  
29.87944180647590   367.27749068475532  234.65097860323345 
32.12037740827591   143.18580380846259  128.07148353761696 
103.85079744364845  221.02975652427577  265.88856992137528 
63.66646438510771   141.15077196308107  7.50425488795784   
91.07180923762425   506.33516953881656  118.07615811564187 
309.00454369374864  150.99781841281140  239.19563145095083 
235.66674453729752  25.81332848926189   153.35274325393254 
285.96862965912891  246.00371091120024  210.81232397260783 
197.92576906038354  334.87605235843552  129.12831065370116 
72.96552219991327   163.39081093566918  226.83175127298659 
196.28919073647850  237.62100498743175  287.39686931096185 
93.72819705862906   270.95232493296891  183.85078675525895 
344.38139104614692  80.85849619846275   213.64859366040687 
141.56027532344413  191.90123417604994  122.82711002289197 
304.03642585760355  375.94088825737094  66.33048702938656  
294.50273331059236  396.74276726372295  14.10755363822133  
320.94195364138170  180.82256238940221  -9.28491762262496  
266.96718480048753  291.59924450025829  66.82969006544388  
240.95029452273732  494.59982920141317  188.95038445861249 
22.57997478707442   314.04454407284419  131.41110432638024 
192.07121194301425  301.98318790914760  228.69453892111372 
164.80519449336802  363.39524275594965  184.37407415411781 
351.91211624362961  366.27772389801925  48.13420362764231  
288.80430357389707  94.03018576172224   151.51939068977649 
197.23910948144768  345.95499861768053  198.03244918022969 
34.40859883068851   121.03791554453852  181.93726825104304 
358.57070633850816  48.37248441403864   -10.75062777256801 
200.39440773303903  195.36835299636911  80.12430625782511  
21.01004875255810   8.03376036513754    113.93235174803368 
143.09808181517133  158.81113890317954  81.92825031308958  
275.07774944561959  252.75923878577183  97.59773123523516  
286.85234937606606  40.78275753661057   129.76092291278246 
168.86847225133340  285.79000032369424  -10.24204155718826 
163.24945509763768  260.81822657865268  160.80385828245767 
67.85773238117885   58.82765381664362   -14.64548531991682 
152.80634618099688  178.04935785940785  255.70931077061158 
94.12374016169768   353.15257494666599  210.14393794718191 
33.52187175168886   135.96496511964813  96.02402563732684  
187.16035137641174  333.62564030131006  64.43624906494566  
73.40703885770859   179.21199913945361  236.03095826475732 
40.89144237825953   448.96089093883393  146.64971370306458 
45.56062439854234   279.25886249998399  109.02683238956327 
141.12161891836024  333.68473104989300  114.46043156699460 
234.40078093212051  392.20550220237908  265.91851326843869 
30.73613899767173   250.70664696563583  186.86939486012469 
235.16702723801723  253.35514395862134  149.27535725974386 
42.09278136508824   191.16594262467814  28.77385217574790  
4.77740259562340    236.01497279736103  59.70294416130595  
161.09249767115796  137.12138119629370  318.09013057686661 
192.40344966019799  164.34501257992940  196.34709988873928 
192.27510034672082  505.07427853747549  231.66125390713773 
71.60404372519805   354.27483859912866  318.22375394628659 
52.10870825072990   287.13034997420988  180.51799737711630 
209.93622738130199  227.30993422620861  50.91403299689459  
30.13431238201083   85.48072189787584   188.97844467908112 
55.57222118308756   170.88416051122201  157.78586566943750 
165.50836966147162  -2.21150858043825   304.79139019516498 
313.94529117851573  129.31531472677329  139.31381765663266 
163.58579679782591  235.79960905753413  81.48772312946333  
280.36368713334139  382.43105944980931  186.94803903300564 
72.20046798922311   158.49936851272679  99.91284378111705  
216.74166452159398  234.87633525801667  159.97472025391994 
81.95888146134783   213.00267668651446  199.25918393677145 
184.32202279054886  258.69641027884899  140.51068328119189 
306.22558158866957  219.79726970175528  93.04613066602565  
185.71501541120710  316.80844825731054  146.42549967187645 
121.88845926878163  250.53686879800316  218.48145127862398 
4.37718405115917    88.94704192747906   185.69704109329734 
283.07890738833214  372.43529096349408  143.81327662704078 
104.88895237617997  402.56025293988728  92.25840864295640  
65.14387436293552   218.61819130323281  185.83051092098589 
59.06178996781723   113.34513300897174  162.78322939771564 
242.57846698861567  271.99898462768130  108.24065142649988 
348.92553843865153  211.42585823440933  114.31396467993522 
70.74747967127990   14.38354465596379   185.59431616199987 
214.51601741477344  346.02753759580116  87.12891929844093  
323.09393134605693  324.13443334580614  -22.56135009090872 
213.71915086064277  259.94054387649589  138.88241906277773 
138.93706040235898  115.05690399494262  262.02057406100153 
88.67282988297032   298.47728329356261  226.98983318304334 
310.42161651787626  378.46138243426481  144.01577396700890 
338.20314725565038  508.58049764319583  288.01134105118376 
313.17533282067092  302.60740452421942  192.92833460146426 
236.31595281100525  49.77187712841641   218.27256924386256 
27.43700191247431   345.75947886921108  150.38046541843971 
247.42556252973546  269.38438166671722  148.95525947028139 
213.50117590846688  204.30197119664632  253.65841626066231 
117.70698527806347  529.39436087106094  91.40411680544815  
299.90968688822198  348.32153787691840  110.75263285910985 
84.30885600045544   218.08990405576742  22.02194172623591  
122.88830829698465  218.72234571046010  76.57629528821363  
244.13550417711332  272.42842517133670  159.30830837539295 
205.39943811544549  166.41367876025464  140.58300969785410 
59.74414318979133   215.15780592613052  272.61440003429163 
183.17015910563964  231.03727035071745  313.50180808306038 
153.44650697426084  27.68874466600658   157.96946752954102 
168.26917517190850  38.15089232965664   121.26146150332198 
238.26614418524588  389.65663719074473  192.66451050614478 
349.14146739278374  231.66579831865494  318.32019011464945 
99.72996646993718   386.82161281066169  190.67685243768693 
231.99814276041653  298.62747081169880  206.81962688761521 
283.52493690439763  81.27941841536554   36.57964681785708  
162.68950254670452  326.15519297131709  211.01359003754823 
176.64301377195144  316.35852435155516  72.00577901609952  
123.39732731743224  142.82068586784601  217.02774380774156 
337.31888656918602  346.54370349275604  275.86684152653515 
306.43621477705091  94.17622096200989   100.74476799049391 
177.61355359979720  381.08365056348407  169.07856451199549 
354.10950377013137  405.92496325792547  112.17672805826314 
327.13201821832058  318.92862962381440  215.05290384532191 
62.87652957598327   267.40701270171132  111.99283016844467 
115.95253842710005  274.51848590843309  97.42920669641934  
65.06559574984897   441.44065303129770  213.96771035499660 
166.56672878140597  258.85039728999897  152.75717894808437 
191.59044614703339  368.55713909839278  151.74735918293058 
262.85775817268893  78.83803722708294   131.98593291005935 
197.74001198740334  141.91537454228740  113.20787446734872 
356.98627278902245  462.76845687657482  118.59280366304279 
154.38784320910349  384.06040971570997  82.38781398288560  
325.13895572897519  40.44328864371684   177.60515539413055 
128.82162417882643  419.09778672899813  226.31311943463177 
268.12911704779009  189.30354382237869  156.15023346855600 
154.48643664211139  71.84551876430828   130.02755754141060 
312.19317310961668  362.81855189778486  177.54779883808979 
16.45534724412542   183.65422883000230  308.41432382364690 
233.22411591208669  284.85641243218811  109.50567208863137 
264.35832219379444  187.09006100235013  115.19190110873166 
358.23494165749986  140.75018051175698  260.01380349260347 
79.57910665746837   167.96265907632903  247.14490318851398 
211.32877838404050  291.23616953637799  49.90434709355998  
4.98099071338834    389.25910710668722  203.62972701776539 
266.38715644815795  286.05348268400689  197.98957148394220 
27.48929349330449   178.88889669996482  117.29959222517053 
103.40536438466953  333.58510207991424  102.34995644493146 
43.87661586217865   346.29212193228824  201.22591793864973 
85.47008916298250   112.14226975457794  29.40839133511764  
285.03065173813263  374.91395051287128  122.45638459075639 
143.46834884256307  354.63799970215672  152.40685571335021 
329.93704257980005  516.93161986735629  121.27579066554189 
296.59536000709164  307.57119794101504  151.14894171089770 
147.12129643292164  477.27865638135461  129.06623632871592 
218.30858412945568  281.61486267942195  14.96361869033919  
168.31730464405118  5.71789288013741    232.81112587714409 
101.23238449671503  323.85688099119625  262.36228903635788 
98.86980264640449   251.07554386024421  278.26707090823737 
186.95556072043163  216.09697535223182  93.95447898189366  
356.42289306668692  107.25851377694343  85.91374363944874  
27.22016079801445   363.25394472133877  59.88719760781566  
180.95099895569956  237.51416665601337  116.11121205252900 
24.42302359920540   355.00533988383211  209.58775318119518 
11.72331152207832   379.93340940726284  140.17728524173029 
38.02520366016836   189.57364644095770  115.47400359260513 
269.96757611296118  -20.10707740355389  111.92688276998689 
282.54704733002359  204.50988439166881  138.91920329284429 
37.65207532814591   265.00467071728849  179.11803179912727 
209.71296873168345  92.94174155687938   197.67709799170930 
285.56493654144379  207.51218471978692  265.21509622258009 
349.64490915646013  143.53673560739406  308.11552389023291 
300.75505196109418  159.82493890752238  155.60872128593823 
45.49200896130976   59.95101418003617   209.32480101038789 
331.03389395697894  324.86209868093317  139.60848050684103 
301.19499406710645  363.42758601836772  104.06293029888241 
256.19457167831797  351.57133483845314  238.72124709259919 
324.16833201185540  128.69078188195112  233.88348972275523 
97.89866968669844   320.35819223441098  190.37278714823600 
2.70477263095131    245.79357903033005  183.97426206859978 
0.44338195898023    153.45049099402058  129.89481994084551 
186.93397095001833  -20.18199476764630  217.93701559037407 
240.00958179257677  139.71756392115094  200.98320081608915 
94.35877735448524   412.91679377535002  190.70966488270341 
1.68100841649772    281.50676632683832  128.19845556062495 
346.15088141566832  399.77997769338810  119.51210699232328 
213.37843582125200  234.57584421231604  78.31688859637464  
178.25485294180530  371.98682002224075  212.23071235949976 
244.83691578777805  291.11766589977350  86.09466073200731  
215.84683264084450  267.19438220653444  162.44480057969966 
3.26044080520071    432.42150214046632  249.52225161942241 
185.25170041309718  210.83850852786270  152.49726554837048 
233.65719790822502  108.78818089864714  157.73220605422642 
251.00246357681593  305.76384247003961  172.19107528929527 
154.65531063563412  411.79672801520667  120.07472307313002 
259.59670644233768  276.37146831697265  119.31335163164444 
94.62858875176536   48.84006732143914   32.30595946310390  
314.08394975799234  277.50292954012775  238.75307599134425 
135.82172964688093  310.13012627845234  188.35726097540629 
35.00215958354759   257.85508142915938  33.80557734476771  
57.58851141764713   323.16005201710385  228.07832129500784 
287.32122254908006  360.44190211544327  246.69400454652015 
159.50308241044277  384.15755641144312  9.00946070779008   
158.81747022307314  203.43010133649361  94.85446019682976  
5.11398592102103    356.69678205401362  78.11476065521813  
318.64010158687955  177.00120521317953  56.74515168462072  
137.93822215918698  147.68517534961589  125.61429403681008 
306.64716482557623  64.43721806107862   190.35653287195305 
173.73683142486044  445.75840187538012  240.43287692498814 
5.04608995988043    218.69414842964079  149.97128092797692 
332.91725271043890  180.88105291907470  135.23086477415808 
293.35850408515063  472.21412702575839  42.25626085639303  
173.87993696210569  419.49629522498287  149.82354210070753 
94.50471990423635   476.26911400209042  197.88617280745120 
40.81970191231014   39.86930266777347   213.84714258244546 
226.93449043250388  67.14270253870174   239.32798311090181 
348.15331760947242  391.64378999754615  122.04464762172677 
254.51430964447763  262.21086044297761  78.34026902193048  
110.76561607553860  144.12344116229130  -4.55606094314072  
16.76396427065751   333.64213284379298  87.83796445640127  
60.82537310611516   255.97087870584213  92.01497100368033  
345.05651661714705  131.50776467564188  226.54828803773444 
342.22240723018427  394.61382143943854  126.02555089415254 
17.64838803043581   189.38823961358031  201.07934907123621 
230.76720966513196  243.11327156455462  -13.27509588453808 
199.01780921483487  361.99656534386071  212.37371940155921 
92.10823463888678   140.18341536783362  183.38628383435122 
9.63901016846327    459.89531058935239  157.08097457723420 
250.49713123530265  77.41742570556366   71.50569387137064  
197.21211394564645  359.86884370659664  60.48556562605894  
93.65838301056709   427.47754209319709  132.74370804561119 
160.52642491275705  250.15543639339927  97.82957200961620  
300.93540088116191  256.52673723940302  -23.14482568856712 
351.42683015057440  268.13015585751094  196.90829757368039 
245.80807686719791  521.24757997980782  134.05153389770595 
138.71174723431366  386.96625365277941  111.04106454159819 
43.07363844072381   243.70231866219152  144.12772201703254 
17.03915328780289   185.97231911252717  277.05227855682995 
51.91656003716395   136.53981494957753  77.21847727757051  
125.18628668926522  23.87587186840386   175.22239310512006 
236.18278707609153  316.93646312087287  181.93796074068737 
196.01134528939630  399.19134450412292  147.48128683286603 
141.81219953547736  305.46218250143619  173.30083382523333 
154.76564991777198  330.29028589857717  -27.70911919625618 
310.00597305432291  329.92918851676592  223.67209779296991 
127.69886078677490  237.00757272849995  74.94758022338421  
38.34778065706913   299.78150707153941  80.43797076721968  
95.79039570612107   321.46182818111691  94.31399099338563  
241.16299563584593  200.99930530180796  85.47020979699406  
222.66923627914539  100.10217226947677  249.86739171454713 
232.58850947762969  299.28374509431131  43.51918954599780  
329.41012268527021  280.67465681306038  195.67236025347489 
18.04548984144743   307.17694358393987  61.32915537977955  
43.40689519931490   235.11812570255520  98.21333983780831  
28.66647374701972   278.69956948293168  145.69765913838890 
270.01823649418708  254.06927699227350  -16.30350849191530 
308.94351260193696  243.23195690220459  218.67488122168916 
313.48183187945710  290.32701810352239  95.16999494133746  
130.51382072349799  412.99096277861577  89.45150221792591  
265.67186467467667  184.81699172025472  112.81098579920366 
132.32611931480412  452.23769670359854  132.58187720324901 
226.76057572356544  527.81964369603907  171.50773779830385 
302.06634862384817  263.68146806634547  105.47053728653006 
142.61831328003737  163.41536132220133  123.34633563971053 
274.31807564517970  258.93455312017312  216.66770379375060 
128.36804594492267  318.37945815651153  185.67205056841934 
263.65481286238344  218.44456896384315  166.66253791600056 
207.90208056886485  357.75985510225013  133.45862487215300 
163.67301084311956  255.25212472983083  205.12387936352548 
327.01123550367265  361.41279697380338  250.73539451519937 
108.55140250648533  234.45401095334802  18.09362650673103  
238.84033161990331  97.14999887589923   230.90555494008063 
101.60402203598943  156.24433386118503  255.75726871958602 
288.14068646766299  176.38209333568668  183.99381807974382 
242.88163803998259  343.13536267935251  -1.05615837843379  
261.63343918505939  -2.93182698427245   184.77578534129825 
146.97691624474200  37.93380894030093   33.69142532176582  
301.43114724310914  212.81632575196667  77.26088597625021  
140.56735474477529  108.88378798382493  127.75520946689774 
327.37541331020111  100.61697302134803  263.05343184463243 
1.89117522733456    391.93941033753629  108.78444690762518 
268.70433554743613  91.55545646147948   86.34859521001954  
100.92950393714779  121.37509578637955  290.27370836132900 
168.95519892611139  343.94363933029877  112.15186298890880 
209.75143548487623  156.46903277876649  115.57376983580878 
132.16619012879377  319.42402448143548  114.78921676417887 
116.90307956110929  358.00567917500007  131.20702618373801 
358.96507945309799  310.95455805923393  88.76510438940798  
149.79915403911016  148.60641939971794  236.31200219099063 
163.07815139893737  383.87650185881137  158.69511066473368 
86.26273698963270   306.31435891983847  170.35410411028170 
346.05830296169177  413.44185992825362  157.42557152137624 
323.05823472513794  422.98199127007945  325.67503834572318 
141.89163791229265  178.58848509958909  241.39642402511072 
182.47219477449579  266.42967561115881  42.48054907289341  
330.25449966759976  224.45407820750873  226.59292477084085 
213.56240675149081  251.22546751179965  268.96580934207094 
216.72676090728055  293.75998464181862  146.44064329373808 
128.37673382015774  176.83598053208073  206.27480609841740 
199.92792847424914  141.67221126376020  -11.99759957407738 
225.21257416613054  376.25646961210020  166.10459200686464 
40.38605563564084   106.27748275744580  326.23531980983978 
161.40729216632832  211.50482582480313  98.74534595394451  
146.08904678143128  427.71534506624567  208.77930517871141 
43.07031018507681   398.39541719662202  256.39366227839525 
231.87301062638784  127.81211337105286  222.00099656803349 
47.67504241407023   377.83012309242730  324.40510789192217 
244.07180774821151  398.50437259250782  154.41146570755083 
319.78131960062433  256.72483293214788  -3.57879769807295  
39.23416628019353   176.72456025653602  293.73779844798884 
256.38230654061414  289.09833459551959  324.70339266874942 
254.88229914003213  412.78897379602057  91.68126171249375  
170.46394619471013  376.15486064561310  216.92611874087868 
326.90211375396171  167.91407847685042  298.22949567003673 
23.28314215602992   259.96603431844233  51.19738334915388  
40.76395425218365   54.65455252968115   178.23464627538212 
318.59211884451236  323.09723040947699  -14.28338766392221 
216.05174218596841  374.44058490895281  268.28528589191546 
279.43732063594831  395.43259953587477  43.01210469547591  
276.62243540444933  103.28928367731783  247.57670753288744 
289.98980001016582  307.37550030286332  310.29317281758733 
287.17812622450748  157.57882977293337  218.68832545889956 
225.08750997578773  262.88201527286003  204.29076600049771 
239.33348121388767  110.08885690796342  265.75639504950391 
260.57246582423602  359.35655577264544  135.94291981781720 
192.08630041052089  276.83105118169283  -1.54315704754194  
289.23302449536641  357.65909857672136  118.56545824200390 
98.20092049543328   488.83792779703845  78.07061367515031  
27.96540378345966   68.59894778750467   111.18403882846934 
35.69785178484654   349.49423128692780  206.08876067735110 
293.34604489600730  367.60597656219892  108.97424304010615 
230.88588761946411  324.39413348642847  164.21513103572107 
100.57552458816991  202.75573548620588  77.13418541343209  
136.01004278923818  310.47260944716180  125.42374702792726 
294.32860739879163  206.59562994247463  271.19752929769129 
232.89202892265465  234.07728737354429  246.69475677453383 
309.38075225885024  295.29325403256615  237.86811983411036 
110.58380216049626  422.12630525264672  81.14210855842407  
126.18526224772134  357.77040847158224  -5.03809408227607  
187.34337430602145  153.40273971907186  84.61008456609554  
97.58837098337533   425.46052079573019  138.40354420417123 
4.26580406896853    -5.29421951803246   173.39829908233969 
77.38565366714822   177.20408443533734  171.47336390358532 
174.45019820024126  334.60215421534440  193.71083761912470 
336.31342996276351  349.43485069273601  70.15312852554376  
265.14337462921782  97.16090632098661   316.75637297980268 
226.95422351683021  358.75031000625563  146.20971096861834 
17.91600848047211   95.27791827122567   70.71987182918278  
355.30558439259966  328.70700425266875  193.54361619161381 
193.23075875267378  172.67297063530347  259.74974934174872 
120.90507228844494  393.16351497995601  311.03885129166997 
300.89362540540344  465.25747882597909  159.34128039116305 
110.22526981626794  387.99428289842734  74.97074681984536  
117.65942942536057  225.96261513248714  206.20646237524505 
185.29333400212761  219.60610268418392  246.89290912901976 
157.39602544486942  398.76241950869843  302.18419976294189 
107.03585906773368  373.03516237992483  67.54198689902819  
262.88521800976133  7.58821814053783    310.69610585692993 
298.64677761544920  449.74385611167372  135.25837774689657 
97.24910806954404   142.32374622146290  195.72484034047068 
153.19945889134581  290.86083951901298  137.85250183773573 
165.64516809925576  361.66938228640879  82.25758464107912  
285.74229727358431  75.36958489975041   70.55630443231992  
157.15986084668486  351.00104254184794  15.59668286496196  
255.55595637322858  247.06554182688026  264.72318283100697 
134.60648447437103  184.80063813141504  28.34048263891178  
152.85801221510664  360.96613046947624  261.60480156786593 
125.50436506550705  195.59242824415242  289.28373574852299 
178.86022811394042  523.41724557087525  316.26259751711507 
137.87238227761844  49.80211753796820   234.50719842180490 
336.70681088497867  99.16436405460718   65.91598779834872  
35.55979771776946   488.48265761292009  133.24625888409304 
61.44632970624937   226.32296414777846  167.41595738661812 
55.67730685220005   289.12161530327319  261.25921738692392 
167.18984271455008  308.07827999900360  87.83432053609107  
72.01503014104522   286.66220023637453  216.06789846692695 
301.07482921834935  75.98856798602677   255.81374514377620 
82.54728510663891   408.55232528306044  37.61585986705380  
172.16442600576272  170.53336277903441  196.32846116982853 
108.20684434442187  129.32003118200984  237.88812788742791 
101.48532527501973  1.57956529880650    68.81678135181826  
191.62222587797493  273.95177320218261  178.70584336827886 
243.05406210142147  182.53395552576688  98.85973557771968  
357.28164477162875  157.46368726161376  85.02241998024617  
220.57933000561044  192.63947355148019  291.52722127249837 
192.45274516806930  294.21199731350174  243.03124818238223 
122.46367003062954  336.69485949223974  211.59577870864160 
213.06222350384911  481.07352003377832  233.72369123035068 
33.54742986706693   220.75612564697070  174.34527726314408 
134.07958741985368  255.72709210420621  269.63685569326867 
347.32011506881349  179.69968975641837  233.74688769809629 
114.10253138349356  484.64240020535146  161.28837401752921 
156.50309711766673  185.01763591062075  101.06327618878490 
211.74738155362493  416.60965169953050  165.56615496622138 
319.34664509074219  370.58072297222350  216.63953431742485 
143.92538472432608  212.13466612663052  180.16545724677434 
144.45202683486278  167.47301498313686  82.78060409970261  
196.75835457001827  252.41640378193046  125.89896819740517 
319.71987084219899  344.73207801964628  87.77501463043659  
267.25816068867721  221.04870368291580  142.15850196645880 
220.28746878845212  145.79048819125859  171.43147706846591 
308.63157316582669  329.55796602426602  156.91001279597020 
34.58806103325970   248.99495651334124  278.32156534836145 
92.99074405902488   457.69313684737944  103.60711666536682 
288.80347233357679  260.29395473350473  63.33076349220211  
249.13040587877984  327.64771405988779  163.53870739768354 
136.06456349014169  404.88856751055698  170.57126508854199 
176.39191935227578  170.69091835675619  118.04528296701609 
273.13845820222622  478.91960585321192  267.19101569416841 
240.54292571920692  163.06989573460896  281.75774771495458 
210.53587121064666  405.06355728328492  171.72567381223266 
190.78391650618673  471.77060974938240  134.50387839912699 
286.04535378524412  476.87108518785806  202.24015617694204 
82.07103363212242   269.38267140999949  184.95632692225064 
200.20821803449508  339.44257837372163  109.15677681683970 
280.98381431105645  167.82662383468340  177.28084848146312 
93.21957200803385   278.65105709867288  171.51563321638417 
272.68044770269711  241.74536660630193  70.56107368106903  
9.86806443496302    112.74545448060843  158.69993237594409 
61.36317664211749   529.52059811650338  86.90184939691918  
156.08145808785332  89.54027460228124   158.81609036205506 
187.44373021254867  113.31147984213729  126.59623414644778 
53.47431931799564   174.60540799259314  234.60188656706339 
34.58502478942562   230.37222556292451  170.33703034433810 
356.55270510979165  214.81869975933586  120.63837228210703 
186.04704735057408  209.55927494251722  233.75112709697777 
29.67848799444683   391.72622894026733  -18.61464190951480 
304.90566783241263  457.30497356673197  114.44487111662124 
237.90409163289459  359.08419431726611  16.36345690929599  
41.06166375294938   278.81856862232922  48.56811674576275  
264.69369470596837  272.64028031430678  255.31443985241239 
103.99106760532878  369.50449092269969  252.26462712768659 
283.91359130102910  305.09125491396685  84.85997853285738  
78.15107580156022   20.85079193620396   219.06403619229479 
109.18960507472421  138.71010969050241  131.51581821632362 
240.19553306195792  480.10601415027890  61.00134058817872  
130.07692478421865  290.14299229320858  45.33737369732249  
61.17454633190072   224.59373460526768  312.16586569975374 
183.51118638113294  377.57899303622651  130.68210124428282 
69.18588541888406   120.11426959656532  146.07560727066203 
28.18634994060401   196.75754033809696  165.77518192724563 
309.46128241945132  307.70894166133064  20.25820025191481  
192.50263788126534  338.60758145955765  208.08561356001752 
239.27138478872828  424.64940824997842  318.33445855596244 
97.36678529871891   343.94930515809244  206.58091885505939 
164.38136149738511  241.71518112652166  256.49874625998967 
222.48494345038137  358.73734333980201  254.13771987013138 
44.80934795022582   496.82895242351276  143.54654551427817 
279.70303267307196  240.60466291134489  112.22833125575286 
137.50500983139398  199.52215052952431  282.63602353460135 
347.77057753111114  310.32247812544568  7.93609729103321   
130.13018740230058  -22.72844415949993  202.83958119200719 
319.68113408305129  189.76937812373771  279.89531674897705 
117.84205541943055  159.01710487499233  82.45582721989578  
329.30666205143393  283.37295733387111  268.65911243565307 
233.65702096424445  321.40768560509878  27.27829338022495  
306.46429336021652  367.61575748579912  122.20886895671586 
350.21892224906810  82.94657427327445   174.53101630656440 
270.75269605001461  353.60946367630260  183.32762240427758 
51.71672712181567   71.96800718484465   34.20002831505792  
281.11911740438046  391.83345284856301  69.65349626684142  
137.78627555043215  187.98284626727062  101.60268053137128 
48.56874682572477   484.18126274425879  30.74233056944297  
340.02135327742326  230.90614042389475  62.30840954026465  
324.28165215666166  325.36541629525641  69.07313515804988  
66.41299346148159   389.36533237791826  229.38207608947869 
102.00129562957567  379.03616905750766  158.67546874832792 
296.46128559822625  197.95820417753578  185.42872229445479 
279.61619226778481  305.05715958816154  305.64819657970099 
11.00056289958147   293.18398908824645  179.98481246381513 
326.23472589511806  233.11024944841034  265.85196380026827 
123.21928299390866  258.74854925911865  187.16586142848882 
168.60178312214970  356.54107904792670  229.82741299619718 
6.95766129172172    109.91377247023934  146.56243542470361 
311.93674446738999  264.04160950001682  198.37742103760519 
250.87594072744568  225.62612803125194  206.47068390756687 
141.09109334467877  299.89222315050466  198.86263424631406 
266.90099290891754  469.00351179847326  205.34344727068515 
201.11157870813878  157.66909388191988  249.11626167281656 
84.71092336999710   303.81485121518790  137.52419296372386 
186.18668174389171  126.15011877194156  75.57541848488282  
254.90792842308790  503.89015817669247  84.66891982720789  
284.78322511122491  180.24896856176682  147.73831262168855 
227.10152831519113  525.43570711563575  198.45317791046261 
44.17562855486774   53.13442888032006   188.94035015757791 
268.21708461898083  131.45922117833359  55.81019759171727  
95.00502234619819   311.00833278249024  217.26278782162427 
271.51686575784510  419.95518236904661  272.22950680645999 
58.67727610258207   135.65705019818517  253.72543156424615 
28.53068030880646   27.15918670523371   87.46215206930958  
35.23628519052102   -28.17722374618199  36.14085294305939  
334.31854811512386  139.22529630430307  176.06604413710195 
319.20745099668630  179.74381069022689  149.27001970260903 
339.36505322034998  478.37186927179414  67.68011040758265  
291.34112510858165  182.01272003119340  38.63251027024852  
129.15718195925061  275.26918727654072  281.43578856319749 
224.69388520390530  71.61401789884096   24.34155528300309  
245.58464876051912  365.24326334900059  215.29766114536960 
87.24579994359966   386.31623902028502  44.69906816589737  
258.73837367331907  182.28362044216544  121.33362360721502 
140.03900791175064  64.67351888094802   140.59722454587902 
340.67522681908667  341.81221263990898  153.34223086651085 
213.00535152409498  161.14492513047006  106.54586014727685 
52.50210058296051   322.24475317842985  119.93937325792976 
12.93457698753491   202.35573990515735  35.90715425886054  
324.89258542606854  230.63062524211540  180.21754623430203 
41.56793014382074   336.72240867782119  22.06226468402168  
314.83882596715694  390.34334011313558  153.72903868328902 
78.79795516235495   329.54273472541570  132.87334765236005 
207.18852481165288  299.93366974127889  198.89170128555745 
322.02995399107601  69.66287591865603   51.66061239203528  
59.94694753787024   190.27788378622344  55.38834186463419  
32.24117634609331   194.13015936761241  216.03320218033224 
110.86204801563565  365.47817684934046  17.14055097374333  
62.86074077583337   179.61926040251797  260.68790992913341 
179.30913535132302  138.77770526606506  68.33035733114323  
180.12347207034745  447.49198498639998  79.80294073768546  
255.36297465660192  332.82707969603985  89.25708355251987  
306.63254100470328  500.14006821523407  28.04637497802551  
269.53506237724343  461.90432202631189  237.04295237671278 
340.29268110857470  323.15070236818696  143.91561697859433 
269.90100195247044  352.16251856884486  88.83296897921062  
172.58587602084833  453.79905592730989  35.56004603464454  
26.38322403630728   219.88575710076424  179.73080854236412 
229.76907998566952  407.40657403315890  85.03952504953473  
36.75273553745279   163.14165440316145  247.31107866669117 
334.00445788619777  163.03141391120073  220.06183349478829 
346.90604514469868  250.68560659015012  166.77043199162503 
152.49388933484451  42.46395715985199   100.57161378095719 
310.38528577907397  291.05747985398938  7.36452388810960   
175.33430964859110  411.29909919750503  252.02981865396833 
158.12079789259334  355.74063092030565  219.17206787120810 
351.63048591261025  283.44817780862081  61.87419976947355  
171.55162667163418  173.00854048492818  106.04681107133868 
182.58973309244536  199.81973033450981  -0.31202360758439  
299.58355285762138  264.72407224661907  163.14800005460717 
108.37585351928972  109.23566773673616  126.40121472678881 
287.67635272652922  -0.39321922511795   110.52241253444090 
176.51444019648133  115.63898079005136  255.23325280239226 
82.14428283115947   49.52353517630681   122.33244052288963 
179.66873593793662  256.75679642292408  136.51111662690710 
140.79011376576412  297.80857610734063  157.46644958894336 
200.44764639360417  411.54772244133653  177.82529687256422 
116.35348848557729  465.12676376451526  160.44665541854476 
59.70139584099748   255.55035410944527  230.73773083112317 
55.90460329012487   133.19982872728386  60.90747204582897  
288.55752186578036  272.09901601836850  16.26282037504228  
2.31307942676373    223.53030963143979  259.44234853773969 
210.69215742193711  345.31540921893645  31.46666340032269  
219.56901585895082  70.45192530540868   123.38800779960205 
270.31634664339413  277.10153840165833  24.02603417484494  
344.25930597180951  257.02470202488718  125.80202096632314 
355.71756705150290  132.44741574927821  141.41885219517923 
289.10405409337079  397.29880398969760  118.36662012302271 
257.00639871190958  402.13096312447010  145.92582283261791 
347.14743886462344  188.74651633144384  181.60867245818818 
347.58627167570830  181.15912745869664  203.04159140121203 
280.55455010366182  97.43981647524492   134.51734136065829 
235.70694036586130  126.31958828738395  45.98568337963259  
292.39242551733474  470.30658223872058  229.17433463682505 
167.60693742489792  326.58128057221325  6.24704080526081   
168.59974535207616  354.78315320454317  120.32651625077719 
114.08120958121570  489.00647971857211  203.32200929447379 
3.32507047096195    409.10352209023677  312.85699569400788 
48.23260790058090   385.22372436742626  138.42093750570498 
39.54271907660312   434.03961249704309  179.98143508937170 
210.99938950250669  158.83178497772468  14.82660075706036  
3.76791606833956    370.50948881189203  93.55736555971323  
103.92628957132119  241.79986881855626  92.26317669272646  
46.24314343072289   338.10045297329401  128.97274851282870 
304.46432903729311  179.90746619945077  101.13750786897074 
199.23318922034272  337.31353370264424  290.88753366827973 
338.14137314280890  279.61110057708936  309.28138846020386 
119.70770178229860  434.24675087711449  213.92284054992166 
35.30097558527936   266.07776767693849  79.20322182409940  
112.22422616350616  267.84279773758294  264.76182410683907 
153.59781717753924  128.88008755374142  -21.90457576365108 
171.28983337480940  296.74167245522244  126.80278243690529 
304.32353238601860  140.46743580127639  223.71453633001448 
112.72666352828564  160.00325852896347  98.47327980923150  
59.08325042470902   112.93109459451514  126.86787932193008 
352.13321842084184  239.39482421173398  194.99869741115410 
19.64997594619936   443.33237702393581  162.83725734126685 
20.46207198345707   211.49424340396240  50.78198967130007  
287.47809461802882  446.46198211825572  80.64486013987371  
169.15814316862895  144.40300419755178  77.35607464358479  
179.93256284952091  294.42111134297562  86.98570499639838  
175.60321134363156  71.18015564043989   160.05358917627154 
3.14375928519401    150.60694180796307  165.41824957531901 
298.52154562326132  198.98461574176056  204.19205809791310 
89.68202890763229   505.26746883765054  159.67240013845213 
309.63341903453164  177.21159149278998  4.77497550366388   
221.47743430368661  182.16627260400878  51.82242480346966  
30.81813901873202   86.52762213985670   256.27564371972471 
49.03817236729487   345.28101302517064  177.51996252640544 
14.89289190016656   190.47195715825515  163.43811542316328 
80.14803689422835   18.83768016460050   -12.80550204273342 
235.87682859141179  371.22711526676682  151.75835836669228 
256.98220372884151  329.67123528199954  201.47382970687244 
69.14819612664849   420.05193225332732  72.34406662611173  
313.75055999273366  388.63395870839412  105.64216656292636 
237.08970482353470  133.48540602691435  62.25526608532783  
140.50281991488941  212.05607224430065  227.84148929935486 
26.51990124025302   356.45025893876669  146.73453740122440 
243.59942878165052  344.17221026205158  77.99786671314034  
177.12110561385268  293.42914440865781  169.09472514460884 
241.93915699632225  370.96368539649387  118.68470720576778 
119.47303192200305  397.11173140191806  226.94367732665887 
226.40465692537813  43.20339743054836   86.03602770209498  
293.21230551273328  161.54182286580482  65.20138622745520  
359.91067945133938  304.56640262711852  240.67018180349353 
14.12840518417744   83.26507661769969   99.29755646117376  
16.71180157252460   132.91338966513359  109.55787669253689 
129.57754323000842  276.44288742885163  172.96347175395701 
87.88222497826953   363.94388823012093  101.08087190425279 
231.67116917918077  159.94437732756035  191.89551663619181 
28.88447540911381   297.46986987199068  125.49339212556454 
233.56446802317993  32.64982350290856   56.14261937886261  
85.82369424016748   68.49246826584064   -4.92221003357372  
221.08593147300317  133.51781295467816  179.26910793690638 
237.30286660285688  202.73172237992782  106.99975303335478 
39.22410688812656   194.67380215044597  142.98195981723364 
37.95032309286248   221.99070073188534  39.00452749794869  
292.21890082916531  299.46234901465760  202.61429643167608 
358.34283176298345  427.43404999449353  237.66465352456666 
250.61202492375162  233.53072725122252  265.67797321866408 
188.91889183310468  34.06100993370308   13.08886664749375  
265.72866996805260  284.70258856166947  121.22832607422288 
329.90169701713438  151.85242832756842  157.62955327992256 
279.54211349062410  224.75452746528345  158.93151636566645 
323.07064147010425  261.73086522303271  309.13727448909776 
221.80681811539321  464.10122032916081  186.88044076996295 
131.26205719368971  70.12340324290125   253.50979794381061 
191.01810298520516  91.94848643481492   131.16852557057297 
181.13424037065289  313.72243860642021  48.48885010358003  
67.76413261388292   212.88082170693380  193.61839260963836 
228.39641596047969  301.18138034141214  120.11476858104069 
59.09572439997654   163.73335238321678  180.65592284193625 
315.58747342117647  -8.33899720554183   91.95812866558242  
45.14288132105415   490.85360768142812  182.47938068581749 
289.40864835306445  379.54114094132234  231.63786133845420 
45.77280442755387   19.29680249768302   87.70278574945172  
22.53997828836897   83.73298043538702   110.85861062030878 
111.99984662280970  309.93243982701972  179.70138218494566 
151.81387442234947  422.32308044187323  196.55461690997490 
26.09913701330506   384.73770842276883  19.25322906578342  
97.63074412254001   371.16282298714589  7.90141744995341   
50.50459689519020   108.39195230148539  329.49130121215592 
335.83374770711890  199.01967760290512  228.44313191314572 
349.13287706592689  111.97636241086681  109.27037029078156 
71.86594421907982   52.83733695721850   209.24101071790813 
341.86642293369232  258.20790301383352  122.95190755749942 
239.03052537363004  279.92879025332223  241.10861644363217 
321.93662892091629  136.99301577546106  149.47900025558747 
142.82446227488703  456.86072138019074  211.68009138576559 
333.92632417470827  272.77491649863327  236.07920411941603 
55.38992927410933   231.27787100456629  261.80495073250250 
145.40495546763276  379.75985740913677  144.51235248132815 
306.94401587098184  205.69343492393796  69.34464598368611  
311.97806096326480  285.35313313992225  206.82133655124838 
42.74729828670992   219.20674473911987  200.22273083099759 
87.94749818800719   227.47298714410343  179.47586064732027 
276.96508081782110  115.83197364206180  160.16430371339280 
22.03679363437845   237.19401485379845  266.68860981970204 
29.51785419980382   260.14925220809141  164.18504778005874 
41.49095687980922   147.37994714124883  136.02836820188418 
144.21024074531547  189.07632347498097  237.04371483666947 
277.03824174252628  132.02805265357347  122.07982686382616 
332.95057741267220  255.10478091052119  105.55263290824516 
295.20397805751645  423.88339556248411  215.92847907798955 
23.93519939363673   404.86079608716841  202.03638713997259 
319.40509134259236  313.46572725091471  289.28335735935332 
3.27164767850120    113.84265879547019  311.45178971440112 
343.89134082063100  319.11231723100957  168.83264568794220 
55.73684478130734   373.30122636659121  297.63374316898819 
342.49763348551687  288.64024703051246  217.46517900279918 
39.60763173896510   80.44435634234966   158.83588075668146 
71.43451866146901   394.78574845508297  227.69022597446349 
59.87931248329663   17.34533047110421   238.93816945510235 
317.17483514561218  425.24164363662351  170.63720490728701 
102.83993754591960  465.25556496194531  229.44414385909141 
214.84520107936561  108.59459514661151  156.18223633951092 
317.91596887563969  342.27018247635755  241.68682077378728 
352.87947568510270  402.72797797688389  135.18713911455552 
215.05754341205477  306.06741415449727  25.04892448217500  
139.50769399424547  297.01389739530504  207.21247962037074 
83.08326084284457   190.15144086547213  7.77728304436516   
284.03959002955565  235.32060918368700  54.86107803213622  
265.87917384403499  389.08485687803989  96.26810374336002  
138.83638390823182  2.79314283045966    164.17974562615328 
78.59480463290328   185.47954232286537  215.09850288462195 
78.79943764545388   232.90691507544145  17.11745545016691  
330.14486249096512  291.74613756286868  163.20370234392112 
62.33895111033944   224.33611400876825  92.17339024838958  
36.57062410544613   503.47988607990885  114.77695975753194 
177.11943280635478  488.14653386928001  114.12888205210575 
266.51061249087076  105.05256456576927  203.05330852309424 
127.25013831369996  273.55837174288797  56.46103587675886  
249.95657558672102  260.00836360391264  150.65558648233281 
329.78839134492523  127.54719758240617  293.45479669856417 
103.27089606740300  11.79898822062768   236.01413908394198 
354.99096000601139  222.78258081477929  205.90173105611518 
73.36741184690445   339.53688421567711  196.81050122386347 
225.85917656763331  240.44484907256219  230.62608343396249 
352.27611828425034  384.03813078822844  193.79470827021370 
24.75188382469087   305.59089788978298  192.25311159433409 
51.16179371559432   7.88303760004689    91.13819851970922  
336.85903560057403  238.40253481477407  77.68295216820765  
326.17857578113717  266.05916705779390  244.98477788774341 
279.89153147430756  200.39448807785689  75.65870380863947  
317.50457719933576  143.25793526068776  326.41689141272559 
194.33310783671112  445.67478055450465  171.06145254475115 
142.03174735799016  93.68953456953849   141.82294107762380 
178.09247634703388  35.58500813336008   179.09880786195527 
303.81115274491202  88.32972304198063   107.84788083427699 
239.63705295309956  394.67786238229030  117.32636508165410 
333.84538112885207  263.60445005256531  281.46613058351215 
89.85106280073184   492.12451961482134  110.81903641383681 
286.60924439511376  415.29158168444013  213.59387799917954 
151.53809209511445  352.32488206228879  198.77154410431754 
188.65209801676312  90.99396649457981   227.34847697366104 
210.93687177359973  185.08352433273467  205.00884069372665 
358.32404794417295  165.31918650022422  151.15026934434360 
334.75861692737595  51.23076929378368   124.61323653880413 
89.86001543190231   229.26793442874549  165.69197074124887 
349.49071298821792  213.61636418863577  162.82155073492294 
338.41743679704854  110.08133159822788  307.85150780160865 
261.04835735273980  123.16645986242663  145.03674530431564 
132.90183185373877  435.55415635102611  257.79566760603495 
77.14322181876102   356.21146061697721  117.39470469428514 
0.88514220583807    151.53262146987828  82.19498077721491  
32.39986683532554   219.74386358482315  69.21815841734124  
193.94966402892766  44.84899860142687   127.71631286628315 
204.87062813080814  173.74246336917275  97.07252642896930  
167.22633105667333  204.04755190300861  208.92005167284975 
116.61523731967509  383.66491222460667  254.04382649619095 
207.93036153359498  355.95820908376135  115.64797009628435 
55.02104007749463   321.51304848572630  327.86180587849469 
160.41018700440296  444.48054762389609  258.38299044065036 
6.45170409260072    208.30654399814230  153.03795670660315 
327.32546418119296  333.18133135259814  138.43031110176597 
140.14605698783043  499.22626001333060  219.54113888515613 
89.79759644521037   48.89753532153915   79.97971254768932  
49.21478972258136   134.02188890136142  147.65073925323046 
117.78267142242665  68.04175352087043   29.73803267343877  
301.47811612476420  286.94475362427841  169.74588793251124 
200.30920496627786  177.43061594189413  281.01048711306714 
204.09252523053979  277.13278133139045  91.35892069471653  
83.57409487968646   110.00752906306639  15.89103587587815  
10.89656596174926   2.17160924878002    20.70926867844167  
62.98381412239188   202.23464797275983  160.77755128796656 
241.13951378380787  218.95770104679261  55.88340552408474  
87.69022627322218   169.66501338057830  295.51475936650741 
57.87879144624790   19.39061698817591   124.02365868993608 
311.97102502684294  121.25386633805547  110.26156654388309 
199.18360942120412  378.70456266387680  130.25671670382974 
26.64122182833509   360.96876128219708  114.21429783270806 
227.93773215468821  311.90866701351035  216.11404523967050 
90.22145596898902   444.27977091444706  122.38782040997469 
211.18879299562366  261.54051562488900  163.87941983425389 
161.42385130980645  61.49311942347217   189.83593477457634 
141.42387239013976  218.92433898406753  213.24464000278439 
337.23382396902798  256.81247054550323  76.46366634931501  
332.07768019349083  89.39313260770913   296.91135341456675 
101.29752396502303  363.03415718292337  220.82372373701281 
272.70657754537893  155.34767578147387  229.19328682116162 
319.85925305204188  224.16468515699199  166.72519592477840 
89.64864607743873   409.42385415170867  207.59338080846578 
274.27367518970146  275.20486860866589  182.76248887815439 
113.49997431976885  222.27456181896264  104.22753209322991 
222.79974315616562  276.65886208514235  192.97037848245915 
275.85974790320984  393.74795953234741  224.80369814880453 
281.45841560686154  467.98418037497515  213.92691620131660 
204.62599762900638  74.51857008122269   59.13763215019729  
77.28446316606062   292.63593229181578  174.33286344438531 
215.32015855654714  42.44023769964647   230.01386814024897 
285.71949937395527  462.78263773780543  79.55853091109536  
242.85100752500574  316.43723974436375  124.40135680699592 
95.47745401416529   183.84251742720272  66.78411404518201  
266.85458271819829  190.25085345746061  205.60682860201038 
232.94694878619592  362.33644370257593  95.33372601744048  
330.04257303725183  295.18192133878546  258.05454944254842 
329.26190146312007  222.42413925740826  233.04089834331478 
158.30299996474994  243.97263666657818  161.18808037160053 
253.55989869288405  353.37016882155240  36.25422287408546  
254.28627125466073  32.71473193000617   108.06213607823580 
74.63186465463249   209.35757737600468  189.01662255713737 
54.87652995481390   490.49857588680709  196.86960805315428 
299.43851851888439  274.57940230365404  164.47346674612504 
240.10429608518416  375.67858801993123  67.67155391529180  
275.72346565075713  368.91817012403897  145.57241985891096 
295.73832607468182  312.26436916851253  70.13245690239413  
230.98154072215837  71.01210845536406   8.94058620006001   
26.41835607533606   69.67211698444308   70.28156850276017  
187.13363478824530  444.31002179344324  64.71927690957402  
11.68014070562441   329.46180204454060  283.17645124194223 
228.28664211064208  321.59010963312369  104.02518834946048 
151.84794533489071  8.99635967908077    272.75184647435958 
115.26621805621222  407.27177508719490  27.07487281939906  
200.88199667274205  370.51934545726618  165.42268386572550 
59.65630244721716   210.13524601749134  232.16113726212967 
198.22543789120252  421.02009536412089  131.36681223367509 
19.75083274775920   296.74810222074694  272.96779918812172 
274.30611294510572  302.13575960333048  35.40325485882555  
163.57141569880270  397.87256118994958  299.16128698701033 
277.94949639605193  306.38423777984951  45.90259183947042  
340.34357950901068  188.29937513821616  99.22444091825551  
137.42828264807693  471.78855737831793  171.03498692438882 
111.22250613296576  222.87465868087054  97.04730197179313  
1.07878366849097    87.82671349802698   110.91805044877790 
22.31462379278037   462.45224189969963  205.48103637676249 
19.29417369565072   46.66787767349447   30.19201374366079  
254.44617612239318  163.74453832436467  209.76421266041763 
329.89712054961166  -17.22236896299876  161.45459931613951 
19.82811353407362   177.04835714475161  184.19804069976962 
15.04698152674905   233.99913535574512  122.72512980824474 
265.32573785276639  100.49205697124589  292.44985341319676 
250.35732084298078  231.48533664856723  35.45896744453105  
299.18970083605734  -8.01192840990535   118.08909713117022 
312.65222740643327  162.08874782613270  267.11612035279450 
260.49370472719920  113.76302649904227  154.83426042122724 
121.53513719904497  187.37042019818824  149.85554919895222 
117.79039434836396  443.91921055169382  48.03700060246960  
163.04921400328232  236.12851159625490  156.73823839021708 
52.13366921345138   130.44527915272371  211.36964282288008 
71.95843935824801   -2.85152608224101   117.92098032122668 
241.90807796044305  484.47910039235137  221.94954863418815 
351.36012071381964  164.41674662368894  113.82343681203858 
300.56483571821752  32.10985393260310   206.70692875799952 
290.93090287522091  246.25753998063274  212.30553314562141 
249.71067252397737  175.09694961554032  142.60325152361219 
253.27774363250393  148.10959595679191  126.70840098867491 
172.75065822240154  300.89326324616729  191.52626128525537 
323.26925612039969  176.79364571819244  69.29263667822440  
4.89130340699775    209.30351850870329  104.29491522470877 
71.04288024395690   443.78166907345758  154.67391302475073 
316.06800519683179  282.14586863300485  220.48176978576453 
83.04833220179628   278.69896706399322  178.60920710152911 
72.10143891454059   138.14341130151445  187.62606317672993 
329.15968635383808  168.15612144585160  222.58142902681311 
144.00540426076026  106.71610345420802  138.45197868474571 
253.69673920919988  6.46919093893553    163.64422791156349 
192.87196814173282  313.11076048663938  242.55640201083338 
160.65659133574815  98.66030081931376   140.56245545963503 
142.77758379174634  371.35558000535764  150.20037037288384 
191.77311174829649  336.70241891862094  152.35857332360393 
196.86684556914594  266.96720516085259  253.70927144396143 
242.29007471137544  464.77600193778846  176.60083090113051 
266.67047752891716  400.71283412966000  110.88755788084116 
230.16603036845950  340.38783308574631  66.94701817487498  
305.02784790632791  279.56667233592151  13.52170553014039  
29.09766575095590   135.84279199215976  131.51144181085442 
290.80459190579040  447.91413049776060  152.92887482963306 
303.49875179493586  245.33717214915754  280.06420695126428 
186.82855858300780  223.45236133756833  79.24119455623340  
43.51832379313415   167.04295054470532  62.75318395702018  
210.01337087988219  318.95614871840985  177.63958552146914 
334.27308300798086  287.03951252043078  181.58127115097741 
334.90335267726266  352.58068843344404  217.48851466902937 
310.21902922498140  264.95566599946989  211.59932598091322 
260.74508512054632  330.22748906556689  9.94549060458363   
338.30682602648085  104.05628752924099  80.48136145052531  
306.59508103494716  423.19779048728003  89.71907827222640  
37.63553999346350   53.66841979198693   76.11883050985919  
22.34043228026006   431.22519891457694  57.01764385456784  
104.65994130191316  311.30574817857439  204.44696616948804 
189.40088858823250  241.50763672729244  132.18530742059926 
38.34170426621868   351.98792653969173  108.83831718183808 
12.45634713069609   325.57955844592334  104.39500406762966 
257.02632251412268  247.31858277670159  104.74637755031611 
246.51962419803834  500.05488020277568  58.56990748687149  
319.53013087577654  305.36558065094965  156.01402366125612 
128.76538425821673  342.03205407681543  111.23267703377407 
158.01430138833049  99.67688169062154   158.63410397784202 
243.17630262034822  193.05675134427241  99.45536861976018  
203.76014761290838  289.38247771332203  88.48035133918280  
345.39400387579138  288.12440447736020  185.36359690139744 
32.44667199147767   183.93447086606693  167.76009522981352 
97.15217598525314   463.04841201798274  151.53020489731378 
20.54173147882571   106.27837487102261  168.01832322579995 
98.65758661063187   182.11238215409941  37.51402552713211  
283.42295775076155  308.30135848204344  283.69444011792098 
294.77488455018954  106.07818314479945  98.39225028261183  
343.89469386683402  160.00748155611507  111.90652162357844 
272.44439268006954  254.28956972884137  199.84452169945305 
307.65163702544805  233.82141784959813  293.07879268182501 
182.93430434978421  164.19099058871035  125.28416870856557 
334.21301924817277  275.19485820802259  95.30022495497391  
210.04819132750677  277.97822403332617  141.99825880535326 
291.60898410424727  320.41495650082959  97.00716936368667  
207.16399066086109  529.26025509429178  97.23974905805460  
157.69491692430176  507.80237476474309  206.00969984715451 
4.25871364574745    292.69176618141410  151.78350530129219 
87.10768754496267   381.57663768304536  102.14626392753908 
95.79285781540153   376.77604216677344  69.24149217754245  
46.57622792077814   -23.44275694668102  144.33677083222264 
180.75891717227961  395.58252810908846  252.78310488465888 
290.95224615993163  201.22495697993890  240.05825845672294 
331.72555373087170  201.78306929653766  239.94740407315891 
227.65280204280788  433.06846026835063  105.29386394315739 
322.74228937361289  163.06688669722618  145.46911411347668 
53.26143900917422   317.81713938650819  85.90129029563737  
135.33293531493916  198.61115858772450  175.09104239582041 
185.21691224901244  251.68841384601450  284.67357589187287 
351.76256299171325  214.20306273471704  216.12764868836416 
346.82847293224592  246.15623810334563  93.78508421852743  
283.90126613466060  251.43486898136555  179.00943126110019 
146.86223344945978  442.08881206282194  85.25703573254779  
241.93225858320216  227.50942552505521  324.46138599174458 
250.11148950209437  285.07874658229986  209.22016076974103 
209.56313154590376  50.46940338058943   95.91098156956940  
197.22139711337087  360.75513628268158  298.45004909165630 
83.09428583359872   105.24023751418738  -7.33374126396055  
19.20242650101876   98.79739827544716   168.35269221542453 
323.95762643819455  399.81067807668364  161.49511304730686 
187.50625285754299  209.25328737977151  250.04962587701718 
323.27500600438202  152.91225186751845  25.81796942463323  
182.84464822226684  343.82469612625556  187.29709845361012 
293.63272136826316  207.43772395287078  178.63633760369555 
173.19876160773353  185.85950259128251  198.18368126805620 
44.57853921866391   238.14523050881689  137.64473597926337 
175.78634569156605  142.89792776685869  141.53276664703245 
231.75849653505045  469.34021134646287  89.65807291547799  
117.49911554549315  482.89942457235850  109.84905628634820 
102.07067095585997  303.63921912387758  105.55911240812887 
213.23170602337757  164.22796057996652  294.38858142213098 
238.17026870899201  137.27516497969737  51.17313263795329  
150.32509433246875  18.50092512763459   157.58200810147230 
352.50837972106109  334.36797407607366  164.22341355258504 
343.63684116917085  116.14170291273817  190.42383045317823 
197.21705034434970  214.96419427851504  236.73909349198402 
225.72457093736026  475.69805927102584  117.44590138373204 
293.82936687364099  367.00540141601903  56.55069786119317  
271.01971446034071  59.03840409332707   9.11937492502008   
177.99125611416761  293.78092533174095  252.29580456755724 
325.21851189351514  281.18419130090854  96.24647936224933  
14.99480343732178   306.87025545470453  73.26139126250666  
292.29287662312913  490.57486218216945  183.18343379516693 
292.75092005033730  179.63138434857237  311.69879640108508 
305.76508926593482  214.49317477007912  197.94951316146137 
37.67424250653754   141.73817526511937  48.09749364165711  
328.71326674939240  311.49542143775648  178.82222500475143 
248.33592467270455  329.22003483568068  194.52389552291120 
36.77029804569452   45.23060551409307   100.49159688438439 
58.60638996732544   38.35757379599926   70.91417650440232  
334.13087701426286  263.95224339289280  327.86151522757564 
349.77462084479203  -29.42624742693960  71.35000068075811  
133.83704181896067  349.12971048979665  169.15859470321109 
89.12803867671958   90.34734058082279   102.98014773340293 
29.87647798444614   386.99801968388340  106.44871736772373 
116.63730145937599  55.42213175718842   218.81121928638237 
359.90698772110187  143.40141841095561  196.25986343867675 
39.57561887994065   475.64604711288985  163.08727808296598 
