226.26984370020509  193.30121875421193  255.55240391107219 
282.58493935574728  247.26097663532988  171.77820236850897 
332.16952853716526  116.86226628373640  478.31965019844472 
272.74731392563353  149.07057688884987  161.30010038250390 
161.52537695319364  262.37650601860128  69.23292397533658  
250.49334041413530  156.79416920302992  74.72202167971543  
240.57287124955255  162.03579635700839  143.40418489871641 
244.12735335477325  183.94466214255581  521.36014629132160 
189.18331333272113  206.69495038164510  186.93622696391608 
210.00709690818027  158.02230551051235  507.02370697226633 
353.57694896185018  96.79161967743882   82.14270606848689  
46.07615130393412   255.14578416535750  396.75384577467059 
15.77518352591541   14.51237002234578   359.30807274504110 
64.77218250716466   10.82641774684478   393.46681430586824 
358.10965625436654  -1.00231953132328   334.62717786639718 
358.86032055620473  15.18616894049273   78.74515354420765  
26.52711010704309   192.63603055982267  194.00009241111451 
150.00619582710087  121.64526092400871  67.91483638083642  
300.69322420322948  149.51425266393514  243.47570404687710 
112.49519317561304  67.86402611831474   407.51062971443605 
289.99499941089044  176.79259256463877  403.34458478129034 
11.17124393455927   133.70388180730674  429.77408397924910 
167.73265675240435  172.93202668193180  139.15217314293631 
287.18889173728337  191.13629027264378  174.09722138120395 
199.18072329064935  51.29095198274463   523.77636924733986 
308.95715539330041  132.34282526241950  329.49955120651435 
263.56051297439922  77.67290203090600   411.47879079155905 
82.35928177551587   247.01032342333110  118.90094194286164 
69.24895066544447   40.58594779708756   315.12158636745005 
274.98060468541877  61.89368071922114   215.78654450312743 
131.09861432113331  147.87508831626641  -7.66113395463151  
57.13617495147803   98.15155339531665   -15.43588619820918 
78.85621787877140   38.61911779136889   183.77939261304925 
188.67269782526614  217.61641657708523  90.87461735517155  
250.57530755922465  141.67159605520902  380.17086571791435 
188.23819657799504  132.83218385395409  232.98527834837222 
244.53783855181277  70.77107684731436   77.24100190459126  
346.05473626559223  49.32491496362447   472.58732189025704 
75.82705847791874   68.24147896354488   255.39862985004285 
20.68898998505533   128.03882790634302  140.42613143414383 
17.71463059666107   150.58224513309693  404.06951955422284 
172.53719193483141  185.60104346035584  378.64298425859670 
292.30994314171562  239.82022054469468  185.61637009507450 
284.58276688522824  172.56618216113878  458.72076402314246 
85.69336991803983   139.82887347671786  240.73215736270831 
46.59016044309708   -18.78873558195414  349.75175295850539 
114.90931753654438  185.59046591696500  26.97839919113201  
235.24526296844627  66.64178555480891   241.19923725378973 
345.55744004595851  58.01764312524003   89.09272967663600  
265.60870899222107  13.05831166195665   271.34714319700026 
98.02881589887586   159.20857421030027  186.82869732768359 
178.24383202954149  109.14525514929753  239.33794312298915 
197.48412018456617  201.32005900079434  323.99780277700364 
187.64782201385469  272.53875953465564  229.27338130844311 
300.66077552328886  64.06522253423867   230.13412768665907 
104.04664248244717  122.65733218198559  312.41934987238119 
333.26028092122118  212.88450410926291  58.06067363574473  
359.23884316094825  121.07231186703217  372.20783509771491 
270.38854504876588  84.91326428914982   234.82978498545515 
269.90929684242889  66.77876337659198   198.43647075901799 
20.73115711732843   124.03788147040308  35.88681756764797  
223.29533579207688  69.91969263639474   320.70969794702057 
229.82276055183252  135.82286519312595  159.34037256206571 
15.08833021171338   220.98675353819550  159.09111463016944 
263.67472609489340  68.45191678804495   329.72473820284250 
310.37673683340432  99.92408652977609   148.40175629056964 
212.76220234706523  56.80676055353577   153.09528109473609 
62.45978587070059   179.92086044596485  498.61978924457560 
45.16485239783835   12.90681766577580   282.58222881906494 
47.57956241126811   64.98679180644034   460.19866975464345 
179.56569897665179  70.97236048841465   173.05120934314297 
106.27673032021474  238.48885477857101  114.72607889394115 
237.32200980699116  175.68922387357281  176.96124579991019 
174.48013338795170  91.49395980515064   186.36804531068051 
300.74913408816690  60.76209959690026   362.40400637958305 
178.93786410292410  238.91067262851669  277.00767276363899 
50.70705061288474   196.81816269643639  344.66369166131363 
317.88449048643531  218.70164071476654  347.95183191243427 
7.89398887228776    230.10879031548623  326.66124956853491 
337.15004195346648  119.05155357876006  103.76080060632881 
122.56473528979568  220.87877266675770  282.94893759694003 
121.54516537954220  38.35467169129443   267.42336598236557 
306.27152844797206  51.33531456323588   442.89550672782366 
1.27240270309505    107.70973672703323  27.54047221390093  
153.47031971341684  167.92923382625798  104.30257061857984 
80.20064963889234   62.22090600160298   262.29722296952383 
38.11930763442314   127.36323495787023  177.33858151486754 
354.09598205742935  95.62465772038314   413.05016814193743 
86.52434327123468   225.88349980028721  456.25925976142548 
49.73596049070593   203.39199105020751  330.21564927954296 
293.62670144662093  159.08378476683026  252.00978837621881 
133.34448599396970  150.61378660871929  367.40393493195859 
273.94507240352141  97.68298120502342   281.03205660435782 
346.09510481057379  105.69768684535811  194.70868365164588 
150.68975384792722  173.89371933453970  224.70941936402659 
234.91294123484997  89.70872108636767   181.08705434355542 
98.35064656634366   235.85605049307935  413.97872550233342 
46.02318472756771   -13.43417022631451  131.35420612406776 
156.32021034566483  290.26131678402896  281.20673925710338 
88.39954027368721   178.20482954439922  158.88276194150995 
120.80289521062853  283.70849156446701  198.29565903777743 
194.20888326239913  7.67136752599035    473.52170076711172 
81.49322228652609   175.06053357965317  201.85608696447716 
322.94183731295158  200.77674324769788  363.73852964622148 
26.17565674889345   145.66635216829312  187.10843520379777 
201.76475715888841  153.28293321400358  148.79608298577654 
269.84948648040455  62.08877783265420   189.65048136940817 
276.50940326812622  247.78500001354774  302.71243587403609 
204.18771607844963  142.99574687363730  162.44913078564613 
334.41533662247133  322.88239595571906  373.39329853691186 
247.29433158081937  209.93342107333180  120.10517262953115 
61.69447116945071   229.09841727645477  515.25528023553795 
340.40319361745765  15.77345992530371   367.79063212729665 
328.88693451748298  174.78469285971187  107.20603241978736 
211.19203718875451  65.27240222885538   321.04318844893345 
42.23426967954420   233.69785274786926  395.30543505482166 
18.69130961814671   234.17525445665376  281.00235889655301 
320.20738681247991  155.23991975737601  358.33839864974465 
235.21542286893552  97.98325147089373   120.42049270888762 
87.97787597536271   62.33732388388108   298.53405223720313 
227.54626619221116  278.58394497697714  238.06659532397359 
30.44333461660162   126.61859041173574  162.96661026759028 
157.70415222937325  125.42007003959401  333.50049168651333 
285.79764460652734  -0.24460770985490   241.80253400287052 
357.17841889640988  216.41220793856965  386.97260542829417 
59.07821212564675   174.06546335100208  417.61778004021642 
276.17199833230569  130.22542980418496  369.86024460293476 
197.36636422681070  201.72725106296022  330.04210213599094 
305.85258243269737  182.31058437590531  176.03840087912982 
312.23814448749226  60.39714815400056   519.15616137181951 
152.61831462794973  186.19017966962389  244.81893671191241 
84.83358790449924   91.85876498192587   376.44464020318907 
39.24884083749192   117.90446635025224  176.43945651650054 
269.81483192440709  194.53123544990348  58.75982171199485  
103.27154104596325  289.30682553926277  111.01565419115394 
166.65517982179983  112.54499551349136  401.29184154145685 
252.90579084492185  194.57972485745574  345.05254901479947 
261.65081187755925  -21.63101452534929  366.31642253896416 
45.74449397743879   126.79124575786128  165.73152114052516 
228.09824044257252  267.93126260221885  166.72727752779485 
194.89251925393222  6.74636701232595    284.85042494253452 
290.30280109542156  190.49935772438735  266.47188293392844 
229.68046977988249  232.83417139519517  79.14786188349456  
293.59703712585809  51.36921248488569   312.54337104647135 
158.47158774427874  305.59266897188434  458.08783757802018 
104.59059228580254  110.81290912594375  388.84280114473660 
12.73723705600370   164.31879493754207  68.13017503270231  
228.33429723263023  303.52003299574687  351.44501017787979 
185.48960868355852  263.40989801565058  353.40212192550337 
157.32259045400920  228.74896817977697  143.16981785666769 
223.43414200720349  189.78698456140245  228.12618948917429 
68.23664996343838   115.05507357835332  380.73488767620972 
181.64579866256264  133.93718857669791  241.16873925597568 
312.69023633471977  156.31695430657365  133.08891326130387 
157.68074095272451  31.61241345168656   19.42391229378256  
266.87398784405298  270.83710608804898  412.81094116033728 
304.42130769631552  176.51015412258684  222.10630273732028 
230.83304432235482  -18.76142563267092  320.91383713708927 
67.77555584660658   61.33183058652871   87.72819460548584  
301.24401672077016  283.11716904428840  97.78805101828266  
336.13867644192612  307.96280124968803  290.32706546723034 
5.16335156610572    175.49878309858701  140.34223660927296 
174.77447303480571  73.60058560485942   130.91355381523510 
38.84428013705887   62.68302952583933   26.79741215779754  
50.95109924857694   234.06755849257451  103.10627314340627 
109.89009984626323  157.13490392980142  241.36664526220389 
78.31067333548576   160.40258540101945  306.22152254094652 
57.38009340599167   150.12257906937072  343.88931095643329 
315.84165504009167  182.57619095116814  432.96113595032000 
178.22602721645944  240.83333186469719  157.08319588690540 
71.72293514447934   109.36901451704669  251.57479396867978 
20.02822973383391   197.23324923543584  331.33175402277982 
218.79077315166526  176.08448074771718  234.65231726816023 
170.80688552817779  247.29237699919037  -23.51501301414913 
342.12345948152813  93.91404107285669   28.89526057373826  
327.71003161900114  57.89371011180111   401.01853213913819 
79.12030031160117   191.06774151793567  412.28225562065086 
85.18350176119154   183.35923600195105  446.19534933634060 
215.08315476195639  266.54028059106662  59.73490803204189  
255.79505845750577  182.55246526270039  187.93542826241892 
248.09957699794592  91.53773709187824   411.83222609384109 
167.42128503534565  79.88923398581790   260.00207369341138 
340.67408079058328  196.96899822651466  392.75833859265674 
62.25411616387548   31.33943087034289   207.60294677856086 
179.35878886452892  245.06567438584727  382.13339143008682 
340.04058200731407  69.40876223840912   181.02685300750665 
25.13832705707012   224.31178326303188  335.59551837448947 
172.99167821020836  36.50062899764563   187.50160250492024 
257.49622452710116  149.72145341640928  409.69522609100892 
103.69676567959560  109.47900453783971  4.19346086543069   
278.03924351437615  135.04910889299870  126.04386825230289 
198.62711191573999  64.03583082426805   275.92804507629160 
346.38913333276895  273.33614822092159  406.05394146282447 
179.90511433024312  -18.38313324456968  409.16152470670136 
144.44606938730340  169.25395964099798  34.54651131064719  
54.23912276790801   160.86140067936495  -16.85409824813581 
169.25364021747163  268.10871774613940  399.86336859104432 
79.79957632203953   196.66894249096629  223.96055058703195 
46.51548944450938   243.18502874747716  215.03537969786629 
327.54518937596447  127.85857696635443  311.33323414840140 
276.40378977547698  71.97321498755795   382.99358858984351 
66.65699106536225   152.59041806200395  283.11987132908655 
311.76957717068177  19.37321545027510   330.71735965268624 
253.19644563122063  173.69286714547127  216.63569200182729 
3.34248389140458    192.03088893146102  407.45532268236559 
241.30305478928079  173.50276426179587  242.45582609971873 
15.65151720560188   30.25517532490221   239.52109771052093 
75.07917540521305   -1.88187517054757   168.73729752736233 
164.61982032480032  223.05512145812298  -4.42364217257978  
234.53843250702784  61.15808062282591   212.29439246787172 
319.67190230610663  16.16017728078191   266.79161802157381 
135.41917823051682  199.81140609768369  120.01982795445750 
327.07969573202263  93.63697875307841   267.53463669465970 
302.99757335720551  242.29255122454038  127.06626859001246 
123.80926186385055  37.62068856352950   197.53983347060208 
336.56038484248842  166.96519943927655  387.43838739043628 
66.94438394207805   40.58888669326917   239.65803605686821 
159.09958622932524  205.93482866370297  493.89985692118239 
23.72409475689519   220.94572528135944  338.98873081122110 
46.47847685669331   195.36719839809143  430.88792284236990 
345.94460245448494  130.68135564693429  97.71296156888559  
128.98750579483132  78.23964143150836   475.52209182382308 
177.72382962113127  73.78583911305979   199.25683943077615 
304.87810700098601  223.88424015269939  383.99158072558834 
342.06684442853611  70.94986516928944   392.35468029774404 
140.25657485905913  268.77280345185238  74.15905655139113  
121.22031141938749  115.75048298491114  192.34728141587297 
18.15239836860987   162.22571416377076  168.90323163817067 
189.99378951455620  257.20492389976914  368.33963933377402 
107.32920675419270  16.31364364201355   280.10635312452780 
227.49226056099133  163.16254118080673  436.21630623252889 
238.25745175065393  270.88286788678585  237.56597457366669 
5.84049000062149    249.06210586975038  391.58124244064379 
126.13541145671526  186.59796725842352  91.01948596579308  
310.48373749164415  129.95609676337594  318.87186933631369 
329.06750301051829  282.59151406813362  337.35597763102294 
174.11194379839753  73.78323637558921   329.91288074111242 
173.01803774161564  52.40247595969288   355.97720560044030 
299.64581904122088  78.96465485320137   218.23550946941751 
182.65277130540406  140.34640772035019  213.44287209068509 
235.28534143578369  212.86351399061249  338.26666702994123 
86.12885408021700   53.02954027229606   139.03617116202992 
251.91908607524206  201.42138436592836  154.39517976676365 
156.49436810632506  171.79505870459380  149.33351078902365 
184.17067283628626  214.34094415884701  307.79740186257743 
192.36867232055539  223.74172021663520  231.70921161698163 
335.75789534616501  186.96772511068198  302.15425231263072 
355.38357968390943  72.60856831711327   22.94998681888336  
254.31835235647907  31.12866260056271   341.39591342438911 
315.59194747214599  142.43304827693996  220.11551298947566 
196.21338717118192  218.33559252563657  217.69937697228437 
250.59906256018974  40.28851453125520   149.11368019836618 
249.07164058290599  305.53640584276832  108.02045016829413 
167.82446446160881  258.52439421168924  169.73465117173370 
198.44141391173389  282.33713965930383  5.30932657164368   
113.81003245314668  169.75408865206239  79.39156864836181  
296.77285659243017  35.22750475276021   194.63879962696566 
252.84674478322367  152.93484682336867  85.34205886949974  
121.07043489717250  205.70632270203092  70.28598708864666  
307.94235900852993  243.72154756601998  300.22577023188649 
93.96712255499332   260.17827476450691  153.04490168108333 
343.56922693545812  75.01402658894834   433.24028183486462 
222.41072063615940  233.68020376933191  88.01977791867279  
233.12639678720748  257.57492607547346  302.90531657106908 
180.37174717539247  274.56713397742300  241.37113643147043 
220.40742871643772  180.42793310534233  173.64068006492863 
225.04163545369192  119.91959343073516  194.50593181815515 
177.75127122920276  165.75159930016551  70.61440330041731  
145.47178580775974  157.57027872501922  266.20308272861860 
226.05629481785485  214.84570065982496  421.91078357490989 
106.36926333666432  187.78060514311676  335.61630458847480 
42.76976786100028   162.13378239092711  277.32189699968757 
300.99822611758219  256.99953625195548  204.58233028236560 
261.62701269130349  88.62403239799556   365.83238831932402 
317.54821685226750  253.76346194991024  438.64300264992869 
219.44128869485633  88.54409857280700   95.32877676256567  
214.07014262548552  183.56702090803813  176.97512176006313 
25.55652821137652   92.98998466049915   363.09600988218085 
110.99195689994443  24.38574592758080   352.75780625055882 
30.28812189359160   214.63640055767434  231.64786272471375 
27.79507518510074   250.91215232822719  517.69075862942850 
283.39594861598539  38.94757875957292   152.14382297073871 
337.77951290271494  128.15505668208655  229.72469033267569 
195.20835082088294  88.68666576600555   254.82225348880996 
174.88398363151225  278.76825954635581  184.01606495782562 
181.63371820826896  49.77294693949398   361.65961634739159 
123.77024555674227  263.12264088461114  51.99658792360802  
43.62763874005604   74.59219539844798   247.32730148411545 
21.95163215123120   70.48736665677532   277.67450763865929 
71.33865563480717   123.06326897130114  186.43664759984739 
330.29285691088222  214.91122301707622  449.14576581899684 
142.36181951265942  101.40945121862759  379.67972347178670 
207.67539935838948  228.58269271805617  182.70102501657971 
336.82493815174047  94.41900121410946   249.76537785673310 
191.95753208357888  85.97509673786945   14.55396155409679  
304.41807332559387  42.24284909693597   350.70529595865014 
237.91212117871285  105.77229671037625  341.62460323594831 
235.09502059214793  88.23341186568945   265.78183587017099 
130.02272080700266  152.79412309511349  468.92607633520299 
264.63106202333120  175.45272617991230  57.33606857413437  
41.35926507178225   99.10801043404183   23.83561294758161  
25.92045106110817   32.34765250982389   411.80114083041042 
156.10376640033084  57.39860097786635   474.28534665292477 
305.65555239093459  93.27360227650689   335.91867955188582 
25.42999715613391   -19.93228255269608  44.85326584066866  
155.71269101994110  184.64793748906146  414.42332229750076 
211.10501818118416  25.07745489125257   203.59674606486377 
212.47447714153327  320.44896512663752  106.04894271227747 
338.47319612042861  262.47483517917760  463.64694366574611 
125.29979089577515  135.79477670693558  132.87788153165243 
40.09874844182274   125.86347853339718  346.03187495842502 
45.00229537044000   154.63468983866059  90.80400492323616  
306.22060749892307  176.41919174116748  304.91440018597871 
292.58660555845353  265.40448653599151  421.28548935812245 
15.98277034866804   279.63750478398902  150.46536073215850 
129.34437529574623  218.02254172430546  218.28038380027641 
356.93198293278510  95.38351529551642   234.04340228062915 
0.98030135108035    258.53678839528544  6.20627076109153   
119.13222566221104  140.58909077477387  260.59721800182007 
95.99062455949188   277.88374167828187  59.71498796850128  
43.56324192019761   161.52171726169149  221.77417994791563 
277.60000443221662  246.29159807966778  218.11929662593258 
101.15987297901309  252.33717425586158  213.80038079085057 
327.71330784852114  0.40302987322838    386.17021110689063 
228.21677503685075  207.51922832980136  151.98216907594161 
345.43151524613154  221.33412227638814  310.87177474625804 
187.85192154716708  124.47418853123978  133.04454360130393 
113.38857443128988  196.31736944948989  129.38348233670732 
40.41322223685333   104.32042503457677  79.42699084820839  
299.02269900506752  83.63572502041950   39.83124468256165  
324.66682285062927  208.12407243015900  202.53345626922314 
201.42647539206300  211.78852486962188  325.83342729290979 
140.46879299919257  138.26901389120306  134.36410152971200 
248.35034336847633  87.46725047150136   90.13524703131941  
96.76354517664257   195.54291533212341  414.56680244687595 
240.08563496811814  81.91243766748246   3.51283257189880   
262.04573319961952  44.16292732033280   400.06154090236976 
306.72158416735761  243.32573324519831  364.23869276001238 
159.22787834214998  188.00617797676333  41.91359466716506  
8.20493978689705    235.28666314861732  347.19110817578138 
200.43708332372876  296.90930040898468  405.79935093415884 
41.35081415527359   162.90230223900943  326.47570078129820 
175.75442094120106  292.47111762771141  192.53564161024602 
115.86693023475085  172.34576563360801  317.95273158499901 
294.48328070677371  204.94290445243914  6.70854916718315   
266.19010153859693  195.81992994989690  267.05497564098357 
68.18012266638770   123.07887434421404  65.81220674837886  
44.74039305474285   17.71357877349686   417.58731605667640 
277.34568613831846  158.48678624743346  276.32818395442348 
353.49566756526212  151.44066058065806  358.75447821915759 
207.78438032140801  137.42389366136348  250.01530247468474 
332.87726818654835  120.84193920634340  493.13323926151065 
75.29066435328674   154.44323009077857  385.63811738608632 
135.68942179785353  87.37032602173049   101.89438829339076 
207.88398105925256  124.44189749693859  177.62410020077678 
304.42154911992753  103.04135396753014  519.35131001894729 
223.88199104753181  198.19643994452480  21.33453204321438  
204.36874510067960  93.98569371637399   335.21749754766597 
92.57762166120713   139.13358248859561  306.90597640014335 
254.54273151797963  199.81681363186027  90.79565418916107  
156.85127154169223  54.93067719426361   450.30760329490272 
70.40908766538926   255.37583381455659  57.45640402909603  
95.02055616796208   197.13945898354777  195.45544436740641 
23.03916946119137   165.02998490993508  432.91407536735812 
147.31267312292988  183.95865286980506  198.79648676265970 
73.21448818148150   53.91533244170638   312.12752737508623 
186.14818411566355  223.15812220522037  57.62596179090303  
310.63927817649267  308.94203190240080  168.64306395747548 
235.26060589475483  63.17810399467835   395.11407567452682 
216.60531721711820  246.82082775485802  112.89065185436655 
140.97776937031060  47.46537656172057   357.10548318778399 
251.14061798489615  270.34725064907298  332.71661457424005 
93.61730303043706   91.46037184682379   152.66972714749818 
128.82909018888779  41.38126850910835   155.44584025760540 
151.78079999283011  160.70165575027283  223.11790656973227 
303.84570914220069  303.54171103597452  160.21649913479007 
7.41858787557781    189.17363620216383  178.75359688025952 
140.42780816889780  96.00709977138570   195.71940975131292 
158.65357992553092  193.99499945462674  162.78216022571712 
299.92547600457095  232.08652507652542  121.86961369403184 
132.73262480730730  163.76404958087511  224.61727093149733 
221.05693147796200  206.08915873594498  499.28174345369348 
358.95894265875165  217.67492223119217  316.88015984777837 
211.65172896616659  89.18742273190445   287.12850673250921 
189.14269171643480  89.02098399612171   81.12316210959224  
178.45936076135268  88.35100182248900   304.14243251242101 
276.78249611742802  171.06638692110093  93.65548828281612  
258.84708981974313  251.53854382702758  119.33235831594769 
325.57691818495942  22.85627290918953   304.37425880690904 
184.58690157793237  182.03097218055376  78.72653873586060  
142.87186020451281  242.37435628043653  310.81544992602181 
330.91268376703425  46.86436651355666   191.66571007699170 
27.61109668926462   210.64296284183879  111.88604236004244 
238.33613869952075  278.52906180720868  108.73389867016419 
322.28668378745630  159.72249832615518  235.56315904170654 
141.72103883284598  115.05829590918678  204.24461928924794 
206.12231251757501  85.84617836239269   325.52217091322996 
43.41450005612091   150.06159702875681  177.88209716035550 
0.18470244773535    176.43784935500273  444.67842864834603 
124.23192680505034  268.28169783570308  116.12743245177930 
187.68507654454052  193.19324405894247  226.14315308019550 
95.51054549422156   167.11102128933410  232.15332794957780 
344.87314133510887  89.88111426398461   281.74628991964903 
146.96947767921671  49.74512225913239   105.90951311618463 
60.48967046846131   238.63179973685021  380.91283850599160 
203.33158531134396  125.44081152511390  153.32983458350105 
26.09928675754982   135.67684844378195  256.98801425626129 
58.97590713870998   107.83398121731594  450.92201514348352 
284.21415383464944  144.69347151801526  -20.01733931923587 
258.57522415892208  318.04244057577648  111.74030161312407 
12.74762759916869   289.80588092045127  375.47025008294708 
330.99494426610806  120.88464911671845  515.64007620653808 
250.98749380638606  21.57311417857696   373.38075343691776 
161.98230430107733  158.13810591353086  411.06937105228758 
69.70308776128344   -18.83757798114874  403.28295818278048 
20.40517260406990   169.13201213703624  335.74740996626070 
195.21132656266312  204.69003549599529  47.23622977467517  
320.29644385568349  165.40955536576519  227.75728872193503 
81.86126149907324   85.70961292058291   278.33093600117178 
293.01647819049924  85.02180362989716   275.41735735822874 
162.94344269042884  215.35687419450247  231.54529311029700 
355.67594606577273  176.47622278849164  277.83316030898629 
188.37377848476760  138.20804228393200  193.00259456898240 
215.18208280251085  135.51725774921661  244.73870759433714 
336.45370105003121  199.62757403836105  306.12155643278385 
124.07735944483431  133.39324709785757  275.95984080535374 
41.70854496798959   176.27462004024088  15.44900705009988  
23.60109717353903   173.14375675750330  429.11427795773170 
344.61726009346012  -12.69233587000755  456.16546719141274 
216.15897403152215  60.52549474615908   149.18152312282496 
119.49660001860460  90.22431171526569   159.90007614330605 
278.15137604000120  113.73380627383020  292.33490482956302 
213.83138456871785  141.38313337370511  253.12212232081941 
129.30208928073452  143.35379176361721  239.93423946806971 
281.32545369159197  136.35710024888024  308.69117197590668 
241.20227923242922  168.79320523374236  421.36592372129286 
166.23291310316822  189.74936541724398  352.47033859889643 
129.01604799499327  204.35169868351713  339.06366319026927 
108.10398495691760  77.68143784660650   170.88417418818293 
219.99491811200244  49.39732313551910   369.91966403615311 
29.08238155736430   213.09509335673008  427.36881370248614 
184.68353728449020  138.55771951555548  311.37574015660374 
126.95713827578801  137.82075810482689  164.33960535765965 
350.92258475121918  206.15584322429882  183.52810173149916 
212.22806954272323  203.03934982333180  272.33955933005831 
203.32333835148819  275.48801204241613  357.16551219771299 
92.93937982590759   245.11076241810031  319.57872755547334 
97.53986294773394   154.67882846835946  158.63632310342825 
71.04221412758729   87.65548805524573   -13.15789427658291 
144.78805747932290  122.65294620129225  429.44673852025056 
356.95793077794866  129.17021021664027  275.40280452813772 
354.47650916292031  35.56505490498209   407.27903174469918 
94.88715401738564   278.36713842213550  254.31767611046303 
202.16929149132790  83.00227666128971   288.26380254098166 
51.21569909412570   32.31360760000354   97.67550024927104  
207.78627459776663  192.69074474039454  320.07441515256784 
14.44346111130607   49.96389322196030   88.95562705156519  
189.92855305734352  207.46633948750369  17.33028021287976  
296.84840117395959  195.48849595477344  211.28064842954234 
0.22499690886409    39.74368845174008   317.25376172406737 
89.41172261893927   187.59281531229826  404.34106700422836 
103.41270686687689  46.40869455013988   184.48964175994723 
342.71024978809027  40.08247648513100   171.14603715385459 
86.16832142201820   216.24511060081281  194.95258796809748 
66.56313268278841   260.71029965098319  191.49425064543294 
130.67124040952973  201.61754589600278  462.52728035850362 
282.77458579247082  227.79491598256971  430.06388426636090 
139.50577599942338  158.60948933858347  328.52944793651710 
354.99894217907723  165.58828669666127  453.82493910706523 
207.78861871417655  13.15079997517333   265.29283317629239 
52.53251796807713   10.82802223705534   93.40598108993819  
340.25423836909880  251.35913223264032  40.45196436816562  
81.28194627691701   105.95950574656818  397.74756639626986 
223.31597588143282  131.72975391515985  42.06152554595531  
108.86968757999198  14.43270303327103   436.67780574178261 
84.70757434428235   188.39670194118588  33.52384063571103  
166.84883185496491  112.31790149721010  325.77584578688260 
267.49495144871770  62.06427750908587   91.71321454830235  
149.51445159877704  193.15042300355344  183.90112963926586 
263.07402387126410  43.55258235451160   132.89596058868102 
23.17712714138766   133.15392511130423  367.54221786735638 
105.12858060511961  52.59758666573505   257.42534694074470 
300.56164959141984  -3.84225081993313   427.20242174050952 
163.85739237453643  111.38679322292987  186.67622799854556 
193.52014004007160  130.40841666322973  236.71238768007203 
243.34830878300002  139.42108334808705  248.51584906872895 
192.04279510436896  79.54675612588046   245.47144514288084 
237.36064880016562  193.83799309880519  255.49852318226215 
134.42510993538562  170.34035349779401  194.43527210221748 
219.48950930631787  250.39981359711476  303.13056008371609 
251.95551528008616  146.08613767809624  265.69665269767575 
68.17175468358930   96.43920327975989   257.94273508557632 
349.87769056487861  179.99757768995579  356.43468970697478 
333.03992399014629  217.77383375851440  64.89602564358984  
267.10255049646599  232.58426633319016  123.25713991978961 
309.49147753464445  99.43256836796425   317.60933091744056 
85.79005545149160   165.86953144987027  181.96422105728124 
82.65564060492551   132.50792385153616  117.44120967747321 
138.29763916689362  230.40827718315089  201.46038775158758 
28.80021998618425   76.37362169953722   273.70724317287448 
41.86789467588412   120.25282711538131  363.25576644482572 
81.78471702438375   138.39958786637757  317.18225924180882 
183.23472475080544  311.22250387996672  426.40359724131315 
138.64969464606543  170.98086020435315  284.54383858314458 
4.31126661303248    53.20100698326021   317.02465489485218 
166.19268195881688  132.52822665553256  99.31690025733147  
231.78885645503456  309.39325943134486  350.89453794012968 
91.08534900434969   12.67433987821249   301.51362314098890 
333.19752892585581  198.47200453826886  325.85483969196707 
283.58028385734912  129.92337849655485  165.33515494062465 
87.31895472593588   99.33850171651218   507.21818140902997 
259.09465140466551  106.52924208873779  207.00312214585421 
343.40374797283062  130.82287738303219  193.45923667661447 
45.18548018897508   95.11389395854985   253.48979741133473 
280.57761977959484  198.81687762303056  168.18040565284360 
135.25411837782730  48.41408623209037   78.17185061879260  
160.14623693591824  144.47556005571747  61.66300692604511  
158.62041794999075  86.45554601983559   79.24825138714198  
213.80484820211117  146.02493691531117  13.21862766286927  
46.01159456291449   44.15839162183224   160.60520608917093 
157.08919129522911  181.19883676106517  48.84678923744929  
294.77096959179380  130.91704995952253  514.48929036736672 
133.21741019889544  171.67993507155776  119.97741316829863 
302.63519450399866  156.56064659650121  324.99778150388477 
56.27273884946371   160.46177374379857  129.84450891181706 
133.20483965412654  222.53833679150011  322.28150208340230 
180.53148676757354  240.73928853038291  268.91740762139318 
105.10763084724033  205.07787597306751  118.06216731351847 
313.81546800353135  43.46872393608395   243.12504907899671 
116.99635491567872  30.05944949240238   177.52951597066257 
292.43242560317555  111.90461558129786  292.61699190125785 
202.48735727301798  207.92153738866833  8.18538127001344   
162.10418187922863  57.95140387698153   234.51406550016395 
59.11426602693901   303.45952926496716  193.03085588928096 
301.65613801406823  71.73352793067212   191.96837659661975 
140.52783884160087  196.92397163598520  107.54112700558835 
354.16983356569773  123.07795921262246  346.32744612275962 
201.18762618212634  138.67428703906495  275.34368437393152 
190.55413252721604  90.15358233162571   336.38637920346980 
27.27355230293328   114.44076250222174  53.74826351483085  
142.28847713864619  65.70645605277727   418.45535742219499 
70.65886377022338   69.89660533456102   182.34755864518525 
76.16266544449577   247.26292969700035  179.73925279348418 
171.02539480460192  192.15269801779917  285.83765566605427 
105.00849982540414  19.86887048337189   329.08332106147901 
67.26822897454664   287.01401778617168  373.34599954100918 
337.05107006373771  40.62121469144660   164.45058017929682 
58.96998407541898   141.65389794565945  362.68166497022582 
347.95512950064852  180.13541824912070  229.57817524069713 
195.87487130683022  47.96926064364551   -5.80224625420499  
79.35257818526286   299.65275770637015  397.71475604757211 
105.26433195581579  294.44289032860809  134.51337047193965 
226.88774932672374  8.85974251650592    308.46968666520507 
127.29261683418348  135.64625167648390  269.70446223463728 
332.86993198965138  124.13078259573271  307.18238220898343 
188.21703768051415  82.04279013792286   377.73665502735946 
75.20175885863854   110.63400908430181  256.04299333215511 
352.49381970011626  210.31523698655738  404.57380574075233 
95.65954920338943   163.18717131589449  354.92860193828005 
291.56218331342427  141.96340367183984  380.81896405775262 
107.01559708718409  138.84776784278225  201.40873218897030 
240.12953356129097  327.06032967402240  149.39714545629587 
195.86924059130436  258.90389224113159  150.49367152896428 
231.75270496658649  34.89453369903322   510.28319517184588 
170.88436832781599  234.95599709779452  389.70735623270184 
165.22401449798346  39.47617645897579   406.92025017326534 
83.48907125542939   120.53340114894661  130.22240118771691 
161.43543501225133  110.95089483059489  178.61028775514552 
2.68565276983063    -21.16396475364044  134.74490586413117 
59.58334803866690   264.86594396647490  196.75881765551733 
143.08172928185917  257.14144357795703  449.91473536803483 
128.03140418454456  254.77652265177136  193.14564722017019 
359.62789482712657  40.44652498491345   377.54640557221035 
42.30370166500737   148.23164686897894  134.59782304547764 
93.51324603523318   155.50500137393482  400.44258745357445 
70.90812953130711   80.23696747722866   217.83435774776530 
32.19051825471260   180.95288391773539  452.02117418957823 
186.57975977743942  78.06072471045545   237.46814873473525 
243.12899312426373  19.27588859303603   308.17548919430573 
169.97930553562429  46.07206148906646   236.86851040357237 
56.19345596113172   97.13494822287352   201.33424861363812 
271.14020968998193  201.46837677734806  362.14472213370112 
292.11535464980545  247.59504648950926  228.69628525955667 
243.27421265241756  184.06001730000543  364.87854436795340 
153.56821240607559  185.61366775373028  466.13173372558595 
320.87102975241419  14.56886544265382   258.37100932810120 
99.85104670118251   181.91018298467674  289.27748005054900 
188.77336798902118  141.84107403603889  61.13514714416587  
73.30487275446112   104.08728992301670  310.88931152209256 
258.99304753092309  131.92786404932824  55.76982753083180  
181.59530731706869  214.78097129605720  206.17532942035268 
81.79497785473362   54.81517750913387   70.25375531387542  
12.71769367099458   105.20357113957576  318.92701488305732 
180.85329515365106  165.14560316763115  159.73034562513453 
120.02213624627490  74.10495247062514   202.71397118013454 
316.56578345880217  273.46141974710565  312.27067157988103 
96.63010293423685   20.95045627041523   452.27428191858564 
68.91516668693797   205.63372756230157  296.96105734214240 
11.34111060109232   123.58036540616949  253.93632179581329 
201.17269680586566  320.94741525072118  309.35702715179872 
145.65068117502085  221.36265230505663  79.20381771803454  
210.89578788448028  103.03035303494919  75.46039017882583  
279.28009108757755  91.99259015657327   467.25808437662477 
251.69975653254539  -24.00584851886850  300.36247658547080 
1.11120622460528    210.01745660084362  298.66171663239902 
236.83577716782111  255.39393191622651  247.94124030317317 
271.02951715599096  36.35069248213912   366.66039889895706 
331.54572033487909  216.34191765210733  236.21912692486148 
5.59910074987671    80.30876552659818   110.76014794840052 
127.44393154629283  188.86222651638201  335.62464051230779 
158.63630011575958  110.44309577095753  274.36222894048018 
38.37305023121378   224.97986051840456  62.58600004366397  
158.82750176458757  168.11975501197509  282.05417183638247 
312.05046632519100  19.31590384269657   337.37568156984975 
150.14052067977704  206.31718703846596  292.08755766528134 
204.80236255117813  151.17082149149095  5.08177949595358   
344.33078969855927  259.11184479060881  221.41973656511144 
101.67394137928750  287.77768654014312  452.65129840348118 
120.22325542465902  59.78773822898519   108.71715175884898 
166.53456275523041  119.05035663186683  175.57514896883970 
115.56542768470067  195.03632386538459  133.51870062562128 
237.09702966841084  105.60028143176748  63.06376856959531  
116.18534346583354  60.73926608853810   -11.09070309752559 
296.61427265429444  68.88172671894992   367.64406841742078 
182.71215775459612  87.21347789591127   233.66141778485775 
279.61049934711497  155.57751139548466  332.25047537834865 
207.13809199576065  -7.86422396384580   347.57049670506478 
227.00893520077162  77.92307813415930   419.60107321967928 
210.39082512622571  180.60933264963333  386.55474420888163 
50.85017059274101   245.47563441779948  270.31550383218621 
114.16164472485572  274.55160546781667  347.84607739310900 
132.07020882127443  269.45215799375995  329.31999736414116 
233.39825047109272  139.06952591580719  255.92164608988676 
349.15722336849518  211.29051461904410  133.91686056651682 
332.78117928514820  108.64348125190229  228.07323858923445 
142.93119799298498  155.93909212431521  166.47393270757965 
218.37357452347152  187.34579903481009  234.30765421627387 
152.11702796317090  223.03308272873414  351.65247553286486 
59.61895725594859   103.13516943194574  -3.64519323922727  
342.41848462572250  91.32255446243062   198.32763921330704 
294.20696965921093  193.00515430357095  56.94967967464265  
354.92903778214168  101.01469539987386  297.03918220386856 
3.64417628613198    67.33459618737828   219.43481996783441 
315.00612895514149  110.62378843980673  261.13708745034199 
70.55359416722555   86.23054314580816   415.81589461967474 
129.41950171035072  123.34841115134334  357.92533807935490 
155.59596092272574  255.17055780499757  522.57366036117310 
314.14808392509258  214.95471237020632  482.89224033484464 
65.57932525765973   220.52462536900475  -1.65874926155578  
277.80866572267200  180.50791492179528  315.10940133184880 
186.34301924605330  271.27959659436283  407.87931811741817 
114.99480778557215  113.57931844433730  433.10148675424716 
294.30452275176020  247.47206889025455  424.71082040659729 
302.82181592446568  149.67254018254869  64.36690299221749  
184.14926458413296  46.35780197962772   416.90931949424771 
221.49528687534658  182.97375266035206  243.98045049158685 
177.82942691854041  99.23716612319375   146.29051262167587 
355.73122771519985  249.03421146946488  182.86200707747213 
86.22425281345662   125.05233938039967  8.61425774499935   
44.23395141909984   151.76658412738598  242.33831128324945 
317.55735160661015  77.07920864881133   80.07118956146786  
101.90363727165288  169.04418745844103  300.87394596837117 
120.39618684796591  148.02417481851853  370.23671529327783 
83.22682392030916   182.62918379391874  -22.80905909045669 
273.11201498329484  266.41828840684150  131.85567400438254 
104.56035048334245  53.49386607208469   493.17233559290776 
227.85079107399235  231.89633142731793  302.82940196300598 
30.02877383611962   159.95364928090507  38.35863036376909  
85.86987333207789   255.47137140298679  187.90434901047050 
117.41021814569721  1.03495212376487    276.89494065975987 
169.04899417071610  249.12954413914110  121.57712022501252 
306.60112566961834  -27.90733930679355  254.84447592862395 
191.34486211873937  101.66337219407366  293.61894336980384 
324.45984220856445  67.62654019722267   180.66519601899662 
295.92633795932568  1.13312984549924    93.27082975255365  
332.87362448573782  236.80439220989138  75.09521934289910  
79.45619014265245   97.00116559299127   264.16281293379905 
191.40938146867015  200.53858455140093  -15.42917216742308 
40.41788068555280   326.54660484175668  354.17141544016880 
43.59235511309358   310.67458209217386  435.63444122544269 
231.91864846627556  237.32819069120296  56.07706720556436  
60.07816656688314   132.12338568171606  256.89338392933598 
202.98124422388159  257.57569242025363  261.06452397917849 
247.63381945542943  111.03922633526358  86.76093772621047  
4.22967945158624    204.59788858099074  195.94667324498036 
220.74366866759215  238.71973130228594  502.17384533852305 
40.19768737551002   215.99344577016711  254.69282213727183 
240.50124272673256  208.69885289943448  200.52238669668151 
4.91611681299739    258.58077978880647  76.76621736048460  
147.86666081974252  151.76411792339297  101.24886959350761 
137.86689724892020  12.82100408973693   130.27500422831935 
71.28053332438704   118.61235288411117  195.10333810947134 
217.39173729447398  261.70699182095109  104.08099658448475 
153.46396007665712  112.18338483521052  334.31138992248225 
349.88657161301757  57.69348254902887   192.75482709011450 
134.12601933896019  69.62781739916889   79.00411227612599  
214.88852378368608  225.92234738507995  214.40151872386704 
103.21905083117562  121.44371669224080  450.20636378895824 
153.90727442936131  125.61022587785082  227.33367990026403 
152.03981266006195  50.49531323029282   243.13309367841967 
234.34750610644323  -4.73482016220547   140.81248735633494 
138.44727833003938  188.06863656415521  484.29262676409246 
104.12327207989121  298.82680216158576  308.14036183297594 
327.80249347603387  176.48954688962948  223.34184346608498 
142.97179127229867  103.79868678422521  171.33058295634311 
312.00067099705427  101.10852482530376  269.52656269490188 
296.72065264590867  110.25214048572900  232.47005437099278 
113.94757036307625  326.05319486645209  21.71655512876271  
59.36242415926492   166.13276345137828  390.51481716208860 
169.63710584152471  173.70784912401436  395.47486739194687 
326.84317163179060  102.84841281712411  206.00606295894070 
29.99816739594591   185.15312682430670  165.89521682410759 
97.61253144739445   61.98580567943100   173.58502542204877 
313.88771035919655  73.01683643464921   368.48926608882175 
131.04321659813240  7.02671477071820    208.12377100353112 
99.16315889957505   163.69750563450464  174.38102387241429 
267.04965316150827  209.18424909075168  429.37862125764821 
126.46055805037859  212.51705849816329  165.84057326832118 
86.65683528010560   115.69073338072442  484.98311628743170 
355.16372044275113  194.91117315653926  188.43888465851941 
195.14521328781805  40.80848338486307   362.54668620825078 
266.19100321526042  155.37767013904451  384.83368100612739 
163.92252409997752  216.06196764655948  111.51422023719235 
328.74766002195599  -8.06358798146653   381.99717433586846 
38.32826042372808   98.44664041461799   317.75994228683862 
312.12404907895029  91.00478976727484   375.59943238213975 
325.03132652916145  138.33283380617726  65.56749650644912  
227.97843635491566  129.22137003514413  309.95432135081842 
264.22164984814856  153.01593531542559  87.49754766587594  
263.73340209752666  266.88957018504539  224.65406867230234 
11.98988989328715   224.95798060526909  401.07942797984208 
155.60219867836173  105.96314215397187  153.85937467402277 
268.10629586527028  47.69782558307323   237.82370760787944 
251.80249875054500  234.09907830233084  328.94584289541979 
196.38135839863452  86.85819367547670   122.84357591170291 
184.92024453485794  177.77105305119846  160.05157580603316 
59.76204284757759   212.78278937882826  195.82251005306443 
319.41523142169490  292.35609910206523  236.75447557964191 
254.71413134922616  155.31681643584150  127.25624780276851 
6.27534800513957    298.47389278112792  156.05027622883006 
292.33289742496333  209.53906444815942  402.49678266527212 
267.20533771479649  242.83734124480515  515.13737699677756 
13.20109085569144   116.51276850551932  463.21026036343585 
49.52263987029104   168.76719167607024  366.35560739289224 
29.38547542991246   283.92352555693640  327.80755784102013 
1.59760466954339    136.35176589674577  277.53642355732927 
299.62863522987084  121.72484480672696  99.94260719311501  
122.30051862899313  146.76653726853272  216.41988810763681 
86.63099708167013   149.04522161723028  467.30037992506755 
92.34900856817377   39.89589897050426   476.87797104146614 
133.07809663367365  133.73279175848458  292.36051342414913 
337.23018329394228  216.83715438040420  123.23495663118783 
112.29933550136033  216.08304482398745  151.68040750204295 
347.83020017160374  45.58800600677100   391.97249505484649 
279.60613922153402  10.60570197894225   168.02433368701412 
177.21070745209738  278.22628121702019  137.12114250392636 
27.60319379329523   195.60634697091652  317.31481440069535 
90.60704387606236   297.54375294857613  274.29553523523157 
104.59356170634683  234.26520452275025  428.67903222419852 
238.71385951684488  51.49029464389119   216.52432281868363 
117.85529257037284  325.88631566317673  262.95484782398256 
213.95582057704107  -12.27945950636411  84.78244671560188  
171.58475464144558  102.29350816082868  220.91611134746933 
232.22307328897412  195.24515945670009  352.35417752190779 
172.23677008459970  233.26575118050988  211.34403837637853 
15.37912761241231   152.62135016408155  263.81798066259967 
27.48845676136715   242.85981236220110  52.30806591594347  
208.21324889565665  165.19115649611757  228.90155423396510 
341.84370420893089  95.47464644485544   293.63928510074652 
232.24249206635236  140.29882740475108  -10.36633532023745 
216.99060988975666  81.78580037121469   354.89150298758187 
262.15757345977295  29.10462819097995   388.40729309347574 
175.96474771726889  124.61999072859071  349.23412333527341 
268.61953261054919  85.71259469263637   450.17254841558940 
156.89661545071920  102.24888196829637  153.44542964117755 
271.63137159708907  36.83034425762102   143.68049458674770 
338.47521994039914  33.11482230799031   334.31552933983914 
134.03327428116253  106.29541265133425  54.11497334431030  
146.63683094136783  194.50146270079634  462.90166458650037 
12.13059974772421   284.86131299844021  96.97732222609986  
331.80479489944042  235.26151090800721  402.75852995836578 
51.07786518163790   173.62751691580326  253.55606014943018 
161.66671109762157  212.10076963495175  335.21361188174245 
284.33416826024552  105.12199148966641  237.95206368215065 
156.63090594870579  109.25095374439414  215.65876579063561 
51.13286942639688   282.25222967761863  227.42913436083046 
45.02032235910374   200.05924081898922  510.47659261146987 
354.44741601014510  286.62434582646574  282.06701347293091 
303.14733673525262  8.79647818231771    92.93892747665888  
300.07092135136338  147.36677912233679  231.67877905641848 
303.96675188528883  99.02445542226639   474.68166796049445 
248.64229888985858  163.67848721999351  194.90038382356536 
32.02286902992105   147.19002753207425  221.38825989976138 
127.29603034160380  56.59714821538124   110.43032818860638 
90.42828400427766   50.32132928549149   228.84111562516398 
41.10857070331733   238.25907250119957  283.87889519574514 
190.32976740015854  218.35239522145002  345.41487507128329 
182.34553814171016  90.72550928149563   448.21684748332291 
120.80620626839455  170.43495708285269  179.87318198259226 
152.62422185536394  171.63599213907872  201.00222578765357 
314.13138145995953  81.65516404757645   82.56515302088127  
197.82295984741020  35.78897641251250   505.93327564026606 
67.23579554539218   220.69567499382180  258.16378321632328 
109.56942131350567  192.53865878558884  389.03427606075570 
75.35101060837333   149.06857112648817  317.02251263093672 
296.39313069614252  96.80253232304582   314.23006936435189 
336.30504872536625  111.37360010022239  423.00366838405063 
270.35298606809067  5.04914352690616    497.42228632110590 
78.95821652453766   294.31629993068492  397.40068586798009 
52.40080037447861   82.31605696829628   262.15966288098895 
62.61297257961647   200.79935270638592  74.81623876099221  
101.98118063351862  180.13036562058744  499.24412643874109 
182.85975785814895  241.34721880287054  200.80641220003037 
77.37151447360743   145.48740164284001  152.96478694348110 
130.32621698679006  -17.60847010599210  -7.46614698698107  
145.87459453428247  188.51644753723608  175.20496621137744 
348.64709583990935  163.22869161616080  225.53657444928808 
164.87581710291920  14.83572521298035   202.35736549994533 
122.16932449857408  205.15390272757699  354.98013005818558 
318.87917635917927  122.60115892362771  291.02560893080727 
308.96749899225733  164.34959563749575  220.13935363108348 
219.71974606552325  184.19997225980356  223.93146711964243 
342.30057778093033  120.45272306000862  135.43129622207360 
218.39117272408569  144.34665112081024  126.69503068557141 
193.72258476876797  107.62083115950135  380.26873392987346 
350.09461970858052  55.87339286171729   200.18578740663014 
60.92276859391043   122.14672343124106  126.03726111019486 
19.04028091379882   30.93431876947739   242.95420643013932 
315.91936364400539  176.85844496501730  127.47625007292704 
15.15332385443522   158.53860612802609  347.36097746866676 
183.00854884939562  154.36508567672425  100.14414559048359 
287.43231572635290  205.16669999419213  129.46170978530589 
29.53738308234498   216.38636095021320  314.21953050322816 
127.07345447289939  224.60189917591674  402.21870888637704 
115.02669537606238  187.50517276836163  399.50646679385113 
85.01009854658481   106.32163223088608  55.57018699511090  
49.52197663083864   122.13106332205625  -9.00889564898881  
74.01441523756212   214.64127105889085  269.00544872923001 
155.66371503010018  159.33631376584492  315.75484466629632 
46.26362764749754   270.87749125709115  24.20385341774727  
7.44704203515514    47.99305441295292   20.83492664953596  
334.55103036456802  -4.55627668734658   231.55213702261000 
86.15479309296521   61.42387253609211   350.04819348499615 
183.92398062619640  301.17996180362059  164.72596418653788 
157.62297463484788  158.48812287375188  229.45213408275131 
138.59258797377703  278.11768065890055  103.76201563498836 
218.47564356166870  204.24779519375741  167.56845540186657 
132.21096619792712  237.57481599072736  286.53547964964366 
313.08055601046948  180.89083485920250  250.62966598606678 
224.50752219353123  87.22574345133046   198.81908999224109 
79.58018718306569   96.74606697137604   104.49623198678850 
262.72812243069842  89.93578607515802   365.65994234518200 
259.53516636501593  35.00573406932605   314.41268595793485 
60.71246649031232   141.06766926325281  185.69542944159457 
355.10080814828876  140.90003554558115  33.34827310609793  
198.70938981866189  96.45644482648672   374.26281400224610 
226.95871431089574  137.58061022220966  359.31943394191603 
122.90740942825430  284.32289322465232  323.57790675821229 
22.90692789133351   148.75339287316055  410.59257569539716 
174.30842579434002  164.67438325379231  311.67669413239764 
258.07042639229201  258.86991033275518  124.80579124454759 
195.17656080321515  197.77030543448416  182.06393175863781 
62.20010957585560   137.30879331656101  393.22445000488625 
305.12555546697189  114.34624008840547  253.09720046856631 
33.60475419775889   143.90273695743667  161.73384798373075 
75.44604234222375   204.97813949927624  186.56605083488958 
301.68185965135444  282.26611311942088  230.25557223079792 
334.41769562433518  193.55578859987892  85.64811990267438  
73.28214877368924   18.34050736339407   67.38163725835682  
153.90672442219707  44.39667697800567   129.45186322701335 
228.25303471541591  222.46732257789029  436.24918980909320 
155.24642273862204  119.66265789782645  272.40894765004828 
112.70540138539526  221.57145742873217  113.44986482219269 
11.46740499532202   185.16289540755380  242.73592354315016 
69.83639507712353   61.10994039198810   102.43430467416061 
230.13737592831180  134.51588116461156  191.65540358678359 
237.66681932078285  177.69817327130212  201.42423407636232 
73.68397245194383   105.88700430188493  121.66823367346072 
96.36638341169321   288.03373687883419  304.69351492103829 
321.15466417570968  279.17376914544934  208.20915877540227 
24.12544815296683   281.85377938201509  345.87408811652074 
176.37004556729985  132.76628167378789  460.93878201310133 
40.61798178361475   34.95459066362959   150.50588164276337 
62.40165423464327   22.09127444342012   6.19431341953563   
110.23635006920270  57.46172295459579   180.71379374804962 
178.54201282627068  156.60764384268836  106.95460137656650 
220.61995482463448  127.63496918718842  242.78403955615707 
16.22047968021989   216.08490283894832  217.88922193981932 
329.23257723486523  167.72402203618154  442.61614400510632 
287.49432738442368  54.67377107791798   411.05845516383010 
266.27254113869492  100.75623368121006  242.96673186623610 
277.04270578636209  87.55719409242474   141.45190663761673 
327.02790694501635  175.25941603509301  218.57543618307031 
113.76141375579462  176.51973971647919  110.58392301955908 
16.40897967428495   86.58681128529994   109.91263903299480 
292.46223261546362  204.62234601890947  306.24610563542183 
332.54898012686618  194.86613062073673  257.27768057689383 
240.02588001410177  62.78839139595721   221.39935228820218 
221.03422717970054  70.07841539242762   259.58662147070640 
21.08362734414702   85.53935574605018   297.12224851785641 
305.68425968946184  128.08072245822504  460.23728143623640 
177.68378216818718  282.03647445081401  210.46898468637002 
157.09808640788316  141.15978377273649  323.46310856586729 
101.17933309070771  193.89236101826259  6.95382195831570   
178.53937058396966  23.18178394446883   125.76300741833656 
32.32274150218585   264.52557335601398  434.81228961519150 
153.95285384606530  246.61707094073199  156.53330739973910 
114.56285883707825  197.26612731747511  431.25613009799372 
41.08311993872739   -5.19842201196550   358.38825971249759 
66.32450376234553   191.12040330718813  111.28458935432653 
52.20238097829701   297.35683566860763  380.30837398855789 
330.44585614122343  224.12646222850518  378.81304053177780 
92.26438531126058   143.22719933353974  222.99844149799117 
282.91225234710294  100.33958167078120  469.30455796528503 
324.17292754186877  207.07504047556688  69.80792220362591  
335.74947958379431  151.42820740753274  392.54979619595474 
34.20363884387445   175.80277634951298  504.17188653482901 
295.00185835880757  203.33057240534461  366.68521193910510 
96.50172542918338   116.33260131124811  -4.37702845237516  
314.30163811263589  105.27859774959369  353.73847807801599 
102.06830130041826  -3.15629005462154   99.22019442094762  
230.05673357635624  127.85381933343722  369.98468556388690 
219.35404560919343  166.81339809501307  259.49047216280076 
160.79548954528312  29.65527410238008   296.43292658133987 
286.03960408733326  272.54469299976017  208.06023245305411 
63.70890565223254   108.12344855511856  88.30989836359120  
158.78098134347684  167.93485014671515  155.80083543947279 
105.73443312057516  180.61042021937317  323.94474779058032 
193.35435786069019  237.08094203932478  166.37634118338588 
2.94764585715720    178.93433806004157  84.96482462343789  
49.29197497694251   49.93606663069198   209.92872150484772 
157.63574329006761  198.44412152079403  114.06903829209543 
171.51361873255232  201.96223040682810  390.46549599473860 
245.37131084954447  147.35906794094979  446.90419454824303 
239.24610048457401  80.53924016044415   42.41660552093276  
233.62879749467410  159.59656047255672  422.89448600980734 
125.34886648101178  87.40378858757614   265.52436171845437 
109.53619712262379  139.69590355871449  292.81386358389040 
80.71748430091455   111.50935890961647  235.48087925984294 
205.09396295101752  75.40321585642376   115.53040937827848 
190.10254139948040  99.95787849602092   261.65572398263294 
157.22768852536183  83.35562621276152   264.90363797115424 
284.55065155449421  152.75753423721568  131.98437477539750 
236.18089377892568  270.33009055973559  251.98184806910757 
318.46200934046936  89.68674525201986   379.26253847424039 
0.25582317315679    73.88559614225312   223.73170850892569 
328.68245050254490  270.14926445196483  78.60967973806993  
222.65533650403074  52.37721199589008   202.83783816728069 
316.97437542208218  -16.53361365784639  246.05296873178693 
27.41720659448875   170.56683843259017  360.12528187157159 
104.32609761411643  235.65557286913750  310.01160768034367 
72.69504284515412   137.36722525252807  395.22419324820657 
112.11049217091571  117.80193619115643  123.97781423843990 
308.01546493020294  201.55740616569221  144.98692957356428 
68.47322520304228   53.14142353013114   143.70642978001896 
35.96141251713327   242.51958188102572  368.11192376179980 
320.30126460118720  258.14448244868942  236.74899673697874 
209.52715634556245  80.63892501794049   261.30744828366278 
84.69012991668691   152.04333084141840  148.52547770131264 
5.13754185007621    99.52205920472994   149.59043354084662 
39.47343466791918   219.08636808167972  316.32363416618131 
281.90551718877560  67.05559887108063   185.28125012069015 
128.72900893364707  205.24309216559647  272.99762886725733 
110.88371998867811  32.99934755289615   169.04299029348718 
334.85216055249344  92.36387014400478   128.08424105191438 
233.92783043835860  176.77787583694158  293.86120070936039 
186.11599860164966  49.94938666986607   271.25621275017926 
158.16817096934537  177.19147269293811  104.29697617362552 
253.21253573928166  194.85983783627714  266.63415117732808 
227.18162465186572  83.39245733696845   516.13768632176652 
264.39178791729142  317.63696328152014  -16.74249359184773 
254.73762364970554  282.45764440994094  226.64306259611016 
242.24049350452844  61.15886250748230   346.89227428290712 
286.92616969823501  93.38124957541959   67.24927181869202  
307.57620612288832  310.60853895856405  385.64612162263859 
47.38662113309536   105.88266642624814  221.98980767906875 
211.26054588143933  181.98537777202307  423.23612819674838 
165.18165162656410  190.73201816533660  302.97093951828799 
191.63011580403446  193.51209325558449  321.09921477157678 
183.37017056896286  68.46920359852945   196.37922537085311 
230.91951809971650  131.30304676453005  331.64493808108159 
165.75216627032086  134.96423063889108  265.99786205432696 
258.25899575600829  104.28940209096882  360.28341220036179 
276.63320987202462  132.39184394172958  165.08347106073566 
229.16305914429742  177.57405331478941  274.59666759749575 
138.97060178413776  313.26955904752668  420.12862268316781 
157.64926781097387  185.78364613482074  161.38270193198980 
343.63500311074949  151.82002541436850  26.50773245985297  
36.32121075609463   70.33946349188180   220.53682956099425 
351.82010852514185  166.50081403557624  158.93464337863230 
228.56333199762958  94.96855346393411   373.38266490211277 
135.10036994104505  31.77894529440010   205.19320457479344 
264.20160567212184  144.37624789917223  231.37567754020236 
301.46345318201895  220.16865771987830  147.18387318969104 
228.92569060345980  140.52251340803983  373.57652377106604 
171.80108502878741  149.92286508984870  233.05512567298871 
291.74058350069089  318.00995009848396  54.36141851197425  
304.92586017220526  123.99156787110407  314.74963248835189 
285.30408694794636  182.86254173055502  90.23382813148612  
1.92269258191562    174.25291086937085  389.61911062965964 
