65.89102070555907   131.18189157520897  66.90899466393978  
136.06761028059776  72.61774189831122   217.35593605143373 
231.83268455216788  168.81629011408589  238.93762406323142 
316.80540821397847  161.05344622925904  59.74355253182156  
67.22718501648222   92.80212359185688   311.64598854560143 
12.89152229901420   85.68500620733720   167.42745519441124 
257.48971641259487  173.43709111197839  190.03579972178440 
265.41895165290549  165.48931003371092  -24.15834817518530 
163.78398652430363  242.60041244783088  146.85287895047722 
74.33594814727122   127.04963451981010  153.38029337662951 
143.05058880638228  253.15569396026189  145.37027481905983 
284.65943517144393  169.79697745425551  235.52249573411933 
253.64510829699046  101.84926485971349  64.01308336324679  
227.25634824741329  127.64609461686811  329.49060051498594 
356.62919792890034  81.27058191194223   202.01778181272158 
279.38510192982801  -0.79774231771441   151.39473064996287 
178.34354094690809  95.40657115744233   179.51567262888528 
134.33861260209468  45.03003862560544   211.06159674413510 
169.68942453387564  132.40719492288605  38.41833322589258  
183.32929930965156  141.28135998211383  111.20306933442032 
175.31914221177016  30.64140356557139   130.60984293279310 
67.65571697339408   -26.44516720174741  310.26273791914173 
70.47148078129894   134.49093638580035  295.77699016809390 
322.55669450033815  143.84215742134037  69.73035562014937  
239.43805856603711  151.35435821734077  33.72304510856546  
174.09189055700381  289.02199784390689  205.08234362349799 
35.09288665161569   253.47519551816836  140.16676971721026 
162.61158365035075  163.43455016561430  28.14540778323564  
91.66155590783602   162.02128981768246  186.79459612943654 
174.44585132882892  214.76303837646267  169.97450346962350 
82.96805416127137   145.74025193867527  113.02355258429296 
75.08629646004412   271.76745787980821  221.09343199352978 
31.60070189594815   35.96104411771381   100.56166639115428 
325.42150603558912  69.53846087351123   226.18397314436447 
283.90277335520545  325.08142060507629  214.62621163767943 
254.83262916048020  237.10417832536177  136.50948006469491 
53.97717081141067   126.32355514323399  46.52580391708869  
122.10318940028630  169.04058029955897  161.15688350097565 
89.25854851047977   20.77011991060726   91.21409483373637  
41.88791468588586   209.90556991977266  212.58772077382832 
127.11747635944536  134.16252425930784  20.43413895212643  
109.25937594945424  168.66650424130250  55.48124365724576  
206.55860354908120  44.75790726486514   213.12680759769719 
233.42216811424410  -11.05273676873830  192.60248202417623 
343.37804348257242  114.76785450511441  228.80493722958266 
296.79261060490393  -20.31163722110657  219.25849844198081 
302.48238473620171  37.59473599946659   324.29664231188724 
312.88994670049004  174.89789992432082  70.92269084393386  
78.68463922966384   176.97460369070924  162.78683853983725 
157.46873410102745  19.21859690760397   17.38930247309111  
43.65143267599947   220.31313014602000  129.77578740171811 
144.38424171702022  192.88634786972040  186.85953938391003 
70.63848515977202   18.41467813351551   266.14669400337459 
313.18564726746627  117.76810813491036  208.34373282340957 
313.26374005026321  205.13255287475397  73.33188809719738  
168.13033072407146  232.73181744759557  131.36331510691409 
89.17285318791413   179.74993598392518  202.91544470608795 
172.63023130991164  279.02411557566143  301.71146141326426 
205.64696937429690  184.07829542519474  184.76088448425969 
331.67715739927530  117.73074261572376  170.12614229699474 
211.69138715222769  241.65971986219364  149.79798810445521 
159.86552138984396  174.81779897636488  134.15823177708816 
313.21327195093176  175.46023629625057  222.12497132506735 
322.83412871853983  84.61332279855760   61.12737778422250  
278.60506462115114  87.89366245784777   159.68631599936123 
89.58660015762105   164.27612648244201  93.36329813931930  
174.07392107999303  109.16409360290253  116.15598124282673 
16.08721965635922   163.63807856731518  159.60599217927412 
257.58435625290406  152.72579321661269  12.58095897309911  
203.40147349465579  200.08478247170765  160.92821042710267 
9.59157791105853    141.31776931275095  193.01773839201380 
1.46097852922666    125.74107757595115  167.19433158769692 
201.34327098704654  74.91156058202928   220.29764678866596 
148.65575136256808  267.42994973671500  157.94585675578190 
207.91987675828841  125.50889121013498  110.64016928364899 
177.40476412426784  196.98595319945588  124.00806839077701 
103.45486554947934  287.76691909181250  73.90436216865787  
145.03706559981740  53.43343063537760   91.72980130419835  
180.97309107290243  230.40408507197117  129.99928185612887 
260.23809844249593  46.74873933020916   269.01681156624937 
275.28103141004294  87.56126832243183   148.97934388823873 
275.30053777516378  141.27655731688301  180.95533968541912 
268.69508703325641  197.73750006508070  40.94114647606229  
108.51782451237098  253.16882444609024  29.33994570061465  
275.02476407090870  209.78580088524831  98.71784649669121  
117.10482367576989  80.68415714335178   238.89912548970460 
129.66524028416416  245.64044326155596  182.09154576333475 
245.57502548818087  29.50019895829813   155.42165665487383 
188.50167707591260  223.10597956586025  264.13780156561791 
293.57657849491858  242.82204287693520  73.10417229381024  
101.75628076520556  243.09575960895830  145.21649909172089 
14.15207877232201   163.28722460924411  178.08213022666519 
135.71089226676742  187.45294866108799  88.90849749276335  
218.88493217038419  114.67211148557715  133.44924134833840 
4.73298119619816    87.23699427516411   210.77585050802773 
10.18942859605393   14.84799102219989   87.38842838856939  
83.56003378894214   54.55803006805918   196.22537393334323 
110.02139446191867  120.45864219534836  315.48061562488692 
192.16052189511268  240.13553956207062  80.30058892533664  
140.94924110711796  179.48198925435958  248.28086338050775 
82.64587800142830   144.03201104347102  58.78451899344077  
5.36561789541061    171.43574733296393  221.90102932927007 
176.76585419663178  2.65446530273169    128.49427452258405 
335.68536842681647  31.67376721249667   11.16454832367791  
328.41563432440336  4.05673319464543    164.89428129882816 
204.28697057050960  153.36240261127705  147.38051619625168 
179.29307306407048  146.14811722670041  76.97001210674945  
345.59760954275185  99.82402118860705   226.09684097026417 
120.47831688383400  254.02380259882844  169.22688853039531 
243.16947689622870  120.94125182442366  245.23364589471532 
179.79892929638240  113.65401473410761  227.67378577366196 
63.87094797040797   104.16686985219357  50.87993571278412  
156.30711672712937  134.98781516198406  109.73576066479271 
195.10362487657048  70.43067797582047   222.51104421818920 
145.93848396437110  234.01947489752757  132.70153748027204 
143.30875405703222  289.26378732060982  187.09960185100249 
59.23321348156031   218.93204602251129  114.66766089501712 
209.52704366116532  236.00007904682661  202.36958066081291 
66.68943809935331   55.41778474825986   150.16884694668045 
358.51512201751314  191.56144573443467  122.67980782297435 
97.28732199287950   172.58160941320941  46.14130891886698  
256.49840317164643  213.60860255322692  178.62212258604535 
307.75683105140200  187.82304132503202  274.23248054174223 
270.40207707208612  205.93899526637392  259.29387930378988 
294.60075848786909  176.99507973185780  110.36660165140060 
182.46338000429134  162.20282016937125  289.29776601417194 
30.40782208107530   280.94620890734052  271.57963086010102 
14.52647051455052   156.77246683282303  139.12702301196825 
19.29147095046135   157.41923844397684  117.38503003246770 
78.22045078105533   293.35457758106099  221.21285045502106 
106.42441374459108  20.99742237043347   97.39677498920824  
280.85642830216312  134.56969844082056  172.84335858751317 
322.00186696761335  215.09041123329109  19.22309022467886  
123.86443032189466  230.17687901390104  205.80101494328548 
106.60653655700479  116.33305902770786  144.24753097603806 
62.16932160951275   148.87439999093436  239.44927686275531 
359.36443002477836  141.34793859138765  190.06892253640905 
352.38052009459210  132.49849382976006  269.45737147974245 
318.32672002344606  59.79592247395266   71.98050815784187  
312.36559522263326  80.32343939427500   166.09482210791379 
173.40313439370280  237.12238560415190  217.85009615069663 
253.06993112505512  248.79894851678162  149.96520787976525 
90.23091336791944   10.14004744384914   230.15666713106503 
121.39440522433352  175.07481044150734  181.87208673492174 
31.20740083477162   226.27097046820637  23.18574166574500  
265.39373505220351  131.75202367683627  186.67516570326433 
236.10732086723641  27.42551110503410   232.19663933202460 
300.70551421655125  229.85856614764049  146.60484081706545 
132.81868053274252  133.63549040390893  -19.55667362255411 
68.12814958784719   137.98902428244776  68.80274295527300  
110.75720017239559  111.76936614698988  212.56682958897207 
95.46667024717144   168.82675216874290  111.00479347154281 
342.95819173649215  194.83162854322578  200.08294766608165 
193.11905060327959  49.69117520219832   77.91903682239416  
268.28921580088604  84.94356978225552   34.34426845279948  
200.06885890519854  124.71806383782625  231.87098302084752 
305.40098702100056  228.60051774488454  122.09234256264102 
93.61647642847386   107.40545787193159  74.41849883363346  
57.30479111043727   202.70225611956437  94.58423259700740  
159.22493417578244  52.20325190254985   252.56533071468877 
14.87895339085049   245.84622829492375  114.25170838650126 
151.12727920997602  218.37609046927531  -22.07253392448840 
33.11707863855228   64.66871946673125   80.58272429918499  
315.13615095293818  148.59256849038559  65.75963856185258  
300.74025646207571  207.34984044688287  269.12364181646251 
230.96865741302483  14.99688998551181   214.02932917102709 
203.14465195241308  -1.52385368764649   178.88916275895542 
214.76218232488006  227.29974614735738  73.86882513179260  
90.23082098797175   245.78416174525299  50.64768350266667  
175.76740385326684  94.86854994455835   188.15487943874894 
322.32202178962905  203.82916105127515  184.71001163197573 
48.01828752243593   89.65434510806163   177.46878497585399 
11.15391610319003   302.42413934278670  73.40160918259585  
347.41828073366452  294.65938587466690  295.55584845697035 
29.61071486682000   14.05120720507077   299.93662673371068 
109.86676777588301  78.26562378064430   204.15033666210533 
72.32749229769030   76.62368656545398   134.49110840057264 
206.21789118091959  229.95027494005893  75.01468791595769  
42.49409695781055   239.05079221662760  188.32052033509243 
116.20395074270915  120.23807489614123  65.22783219719746  
229.36110921112743  258.62318746127812  42.99871334381962  
296.13688912031802  240.22086047162625  108.94034647990617 
212.79809951048870  148.03267636139520  197.22899991060601 
260.47220672318258  161.36706689809196  271.46120322362077 
305.94105448707512  27.14435957972135   250.28164486002748 
358.28200587587924  78.43837281896361   91.48541311063748  
234.69014901205918  37.16171720179074   196.02851312293632 
303.92175549762112  122.27093418625435  140.10774751012775 
269.01729580779363  135.75652692201456  97.60309575741150  
132.68756520965272  171.20289516068345  273.78834941347606 
347.94031441219147  195.56320141628117  46.23863612736830  
355.31705112062565  74.24306341482429   177.29001319564821 
290.31079002950401  128.18151352278875  266.82612221203982 
78.03049492173015   81.58016100179653   83.69076311319931  
290.63551299096360  268.74692118660789  224.38947423307914 
281.69421920361930  217.80548025792487  206.23332095781291 
201.30783627827020  93.33276511748409   236.16798431270044 
153.80018279859729  73.75456755294684   293.47415106678920 
166.43684676914856  64.30877559480638   189.49560057573777 
190.95552395917423  147.85210536059509  108.76773202935226 
316.25744159112077  134.85384079278370  55.85624964574561  
44.41401190471381   167.51517696629253  151.36575568684404 
172.97611627805429  210.49617311294526  194.67979615934911 
341.20541631537355  123.13505045704994  163.43986314875542 
140.97890694037548  174.94229501821792  154.38664300461960 
45.93399073127993   311.93307285267065  162.48734672915316 
178.65722461809500  68.46345123632105   265.79062817530712 
229.52674913210686  241.55602040198193  275.04119078086148 
230.06254511607776  122.41764828671782  222.39459870362268 
189.91956039670396  147.83665040131555  168.95021415936188 
45.09749160251821   158.93453699387661  162.08537190781482 
275.24569334167899  88.04617809610801   133.99583717914001 
142.87383466585410  58.36301328912236   324.89709392409662 
353.86783982259453  112.34602200986981  279.66943199299334 
127.23862346202247  293.13839501594475  258.10170321240918 
175.95473673073414  137.30801548374092  48.36854831967644  
179.41345728668131  173.41422251793929  183.88617095464471 
335.07753222641253  142.60459770498082  5.36218594092659   
295.28824700737221  212.20772634951916  75.53042900869103  
326.86741074226836  138.40204255426437  -11.73131256366642 
332.29633850618319  41.44764112596047   108.21568089292948 
102.57904634865451  177.77995065698298  23.46185878867119  
251.50918710969555  149.06448716994035  79.79868783462126  
61.63732606371843   63.96413926340389   186.37346814446616 
58.88017927256772   218.30980366394573  136.90417726621351 
299.46638118354025  176.47697929174248  150.11338644674910 
271.45973181511454  264.78457494557426  292.29866381797302 
113.38092988376852  78.49516838042499   130.49577293024851 
137.72309183898602  165.19047583055945  228.15215472553336 
189.44786492457595  116.23513493565633  163.56800620096379 
303.04360903821203  308.17083380355092  123.70640189622291 
170.01270329165547  155.84873969029940  72.06893290466655  
359.96947656490954  63.56674108021645   89.61535052489839  
209.13966731072699  23.37403520484358   -24.01833797684560 
210.30389385145858  146.71090873886706  167.57716254289087 
337.86742479208306  295.85043697474981  172.70230045152670 
317.38963141936534  289.02819967917128  230.93600854876516 
320.89185922483324  5.44288877686373    175.41017820271560 
6.64822470108233    128.04055262417620  59.54382341710516  
134.16264986865914  32.77878849518932   207.07215677964305 
206.89225826689258  117.46097458728053  87.40165129757627  
42.26857323597106   23.41019978886102   257.79860882891120 
259.24428410764085  123.06292003470026  132.60788501735590 
102.28873809504113  233.45580932290176  91.52170195398205  
294.22891748999552  131.22337811599883  144.25145426589478 
137.05056411041809  145.65275298565803  261.57118557316312 
79.90964154688074   51.34079830623777   205.00855072805902 
305.67135306673816  18.10025243883152   149.65450014876808 
127.49817446973999  138.38168997064489  80.32623139183482  
171.91185233476506  171.26459363532203  167.34965280750697 
102.36236207837250  90.13653651407765   86.40149967985502  
316.90398731920573  151.83173673307635  193.47663503063217 
323.68190190711175  229.06228451646626  100.42751596031201 
208.00638649426358  82.46588167760594   83.79987638356759  
25.25623994385801   149.77114221426578  94.21998451739945  
232.78744996815027  45.08125696764283   175.14708824658834 
195.27704234817682  243.14908114790325  91.66953500070059  
318.77234293834351  177.87526162246428  -22.69291476878749 
17.37690283920824   101.41975539837404  120.16043128925963 
104.17053962127173  193.71772130690960  -27.73660649080986 
38.02879169359589   62.11707062332695   104.43256918715522 
200.23769019722801  169.26059196617510  91.63171051965250  
242.98547878489609  114.59194110612997  229.49754124116609 
324.01373734785994  249.10970096134614  229.65746401360786 
277.35115535184667  65.79658051202794   188.85997932850364 
24.18189332212877   82.31929002399528   119.54233109443253 
226.64642956929413  100.65394665323981  4.90495092203139   
63.71074174861096   163.95283875009628  273.35714095879723 
169.62957254373833  163.61215640627867  113.58739024347247 
194.41742495463873  127.59414272684798  233.45751211333356 
189.84852485538053  279.61174619577127  226.87463133866453 
88.03472425093832   237.76749131880496  157.76507360577924 
223.10284649513162  179.42729273766318  248.66057997911111 
30.97117831009371   218.08858957151205  179.00747249003908 
58.87545086314755   63.82151005816576   116.27269760922397 
323.64138397730466  53.72862628966347   196.03516499035615 
212.64540993196940  228.81881958811903  103.25063286368862 
106.41426532942801  211.09802908675294  82.13900317559822  
61.45463962948474   107.23301197641396  130.02444375030873 
153.33354582600521  102.28049126177686  262.17962790144242 
191.99673378543886  106.17746710084464  61.01951012029396  
31.80275763364261   96.80608698541570   54.03601703889655  
94.17240822224836   114.62115462036871  0.15368530031063   
248.92476028291904  127.45565469254555  303.93316634087864 
90.09917914523118   105.12423604284876  132.68592142944004 
125.10650800456622  258.65306502860005  129.69929888329358 
84.38192094041504   111.48174269907710  29.59121716554002  
117.05661771408352  163.12372613542161  289.55066332332513 
38.03252871184278   221.80890863423704  203.19705365760933 
29.19812670035648   56.08904257153570   19.73461815456520  
230.19567870380283  9.35995309569509    61.25279171920801  
137.02462438259175  106.48911248750819  274.32589166432092 
287.24037436523037  126.51994571860824  204.14185507071716 
79.42985876629845   86.50648501827786   216.68166937507840 
99.15726860052909   4.74233014084007    98.52548921781181  
282.71621457052959  134.69300565569119  72.05796584985453  
98.15656478439149   162.66087978870596  159.45476915573894 
188.57870433302034  129.37278907774174  240.69013006616552 
98.79826098644094   79.11637634193349   151.95140128997537 
96.51352968786767   259.30975476775018  144.40038121716179 
126.82856509365078  192.54788328982656  67.82142195738993  
261.22857348153741  235.16109411138817  213.29056239147891 
346.40431056180603  26.72924224003756   201.93963288723035 
205.31868663175072  254.52397143503319  94.69373484714041  
177.64034827526459  86.47690994616937   167.75607045223703 
317.39908009966058  216.71561063086884  250.50868526308182 
295.61062334287482  164.49619464530574  143.27741891056178 
248.64286130999622  21.72766874212155   126.44736910833876 
142.27344725730649  163.64212042089787  158.53150424918604 
265.77763091401476  151.09044600074142  2.83799501489159   
234.18953166895156  199.18763782823601  124.38529457418822 
115.28025442072075  102.67892709056898  182.93648774114217 
71.94989859404019   226.42996375685311  204.33009078299966 
274.67417670579727  219.70096267531250  151.49872939268653 
272.52980640211842  201.99902251661479  157.73955417309605 
238.14636759894776  45.81214799163264   110.84454295374655 
325.69665394943496  78.06878086602066   247.41148579786017 
256.70891310893046  198.27795576081445  210.64659509801282 
67.63259205163730   102.35170972215087  40.55170888035647  
272.06852888453858  219.79497634075742  173.81281120171971 
182.41023530769186  87.05448932273512   247.74852175192677 
20.40717308618886   167.04687638276476  70.60207293878349  
64.03627641462512   128.22131149273199  229.51671116866936 
153.62408441539890  211.66589527642935  192.51872431186160 
87.25221658382162   68.99074593885733   176.58428044678277 
157.25345681185044  184.24895114644255  216.91213854831611 
153.03389925414555  194.96689647204778  138.82121269307112 
21.79169244990572   124.87932562835429  103.64150299778214 
101.63368313221491  179.24693179130003  76.11526786820278  
221.94245482351221  216.97806987276408  293.95819577600400 
60.49629951329045   178.02759045419143  72.56637634535041  
281.81496129416877  169.47209514840517  3.06546012075424   
253.30528337506445  269.00730666989676  153.66835495213255 
250.06933468977562  149.29006790775722  112.67066526836160 
314.77924123428892  45.38823099958310   321.60021228621963 
55.88970162971440   262.64627840984758  252.62960423314624 
178.44010431648996  3.56862635528717    127.16456041350446 
166.27137052554710  147.97700777971281  66.09004895208598  
326.24461189441359  152.16085431231005  272.60963502336608 
326.42980174861498  25.20638615066071   163.70698508721978 
240.88042860628241  150.66737123560412  259.62041194149623 
63.60891698736572   88.73603317649001   201.70517593798968 
261.29747958759123  207.16976898333795  61.75567695800352  
359.67472080693449  161.55306600883472  -25.85219195459629 
227.03408954331405  85.16050594871783   266.70813914030344 
7.45751916892654    134.88920297828037  26.46854241580473  
270.56884712707551  140.48480246276458  166.31543929164820 
151.06943969630777  228.18030426356199  -1.10936091966406  
198.03051931323600  132.58283538154348  120.75459922314406 
60.63844841928272   65.57167858776830   308.93851062000022 
105.40428184479921  236.43563271254078  87.38868193501148  
270.27983508219955  17.63007372972979   81.09898187270895  
320.72236596894794  147.67713549642528  264.54429014242345 
40.30838411362207   152.81510488125463  87.20038666213540  
97.70049503521174   232.03290619706104  30.86993523478787  
42.82039272123412   106.48879961187865  242.76137257308704 
144.63158011878460  253.65295602261449  45.92062106305147  
51.01697173261182   44.53875198234108   315.06894951675577 
240.67811845571686  306.29369948483469  212.54750540578408 
127.46321609808892  29.21848916591715   147.85168477290134 
176.56366969968198  189.66853263273259  204.43441449068800 
299.37764507222994  111.08896725045592  146.69886379077954 
326.76893296717219  17.15187517207090   59.29426847667725  
182.97228769767557  104.47418232210758  159.19414545678273 
284.46250210521436  215.03059547966149  134.82439987944443 
70.98060256769884   160.06156383664376  214.66142440269152 
34.78483191461066   216.06030540890134  140.91741859465429 
6.40531630269291    271.99133200113420  139.54103294078371 
163.18507535418016  169.27710433578849  122.06709734674619 
135.75413440054271  159.46691066521996  110.84868685565480 
60.03015527016431   180.79159694672015  296.48261079064969 
305.35914563590768  100.66660349411103  154.15760655011672 
102.18971895065393  101.90095812138313  208.48408943729117 
312.96078437701118  181.29228229668266  40.00467582241109  
337.87370935849401  289.18959853089893  -17.14112166909200 
62.22201568707955   161.77611815678148  272.98059800667590 
121.55982464982151  166.60203716314362  89.76803951041471  
30.24835979488832   122.46181642200858  250.68371345219049 
353.66743667480949  225.11861062423711  147.43967299616551 
165.10864854400253  176.24113656419911  181.25160545670931 
15.65413665882593   221.60248669197560  247.38809460292185 
212.50330354887305  133.12836559622238  100.25869166765042 
152.98287895662691  142.00117886023395  97.86542800011674  
103.87604094237128  207.19326149525961  265.94798354819142 
144.76867068348827  285.39121001853857  275.40146568854829 
35.62376630693619   222.38979569643382  283.55168752175405 
178.43745765798178  175.43668162273335  240.07692616034086 
222.32766729548970  105.35303351661369  108.59510634352731 
293.00546635680854  10.54508409788616   90.54581362384450  
355.54951927317205  322.91991401379681  148.74497138391769 
336.15856082683672  232.26098156058583  201.15935050714089 
257.59979009288259  -8.59536390182774   201.02443615830225 
4.67724628107596    89.96138902163558   160.23577013458177 
222.70501726300409  120.36957195259149  152.90653936283300 
83.55377461852702   10.52548632633795   100.00245920224245 
64.34106151514278   -6.59772887204315   277.38615315823796 
243.53193849151623  114.43480952476123  270.35393112080880 
128.96650129563281  21.76332335192382   205.89301436742508 
303.09717922861478  7.97965889584873    147.70273043033558 
207.89899354244562  40.38004137990896   206.87602254875944 
133.19136224714674  235.87228977111101  160.21024239287527 
309.49783756039420  85.34106702206630   164.60146031416426 
178.69967842867300  239.92080690717415  106.90497361134527 
231.81159707039137  60.69702575899424   212.75070896503684 
25.35634730326559   259.36031686185123  98.80707267997731  
167.62999428320123  157.57799699672717  290.93455209221827 
225.50283271329386  148.27915036755377  110.16982376967607 
18.38120019155133   250.05474189104024  153.04768595089561 
352.87995577648661  85.67408557569397   214.54573461570106 
109.43859156585683  103.22422006988859  292.42111358324848 
121.63686922064748  311.26427350036823  156.51992688704112 
319.77368552275107  275.40945211057158  46.12940407731681  
36.94295429588604   184.95182240907729  223.63584371612473 
295.89039797631091  104.65289378384745  166.40738113258220 
155.09603737728494  184.74321200747167  267.61422521795225 
229.66071893693538  100.10034113513382  129.20514757166623 
301.26382830479179  178.69291251021394  311.86183645208587 
48.22390428211680   238.60641992419394  56.64534764149266  
71.54704147923530   230.44773833748599  148.51337274402019 
100.92782740477250  204.10685229456996  101.43531783909924 
103.97755120476879  105.02602567686984  243.92440749702621 
186.13734487106419  309.34029658216502  153.15314293115330 
89.47571660758443   93.17663246848713   84.11186999381862  
212.98815863911378  6.27559891753086    87.70863111022459  
89.79531806631914   63.21187068109676   250.90700047751341 
154.05046005868468  80.87653487397870   49.48569136926423  
217.45846566557304  147.04378563925519  127.89012478159059 
22.44791550412328   185.28393557716456  280.52699406331891 
141.30767070486056  102.20128008292770  240.06286711249794 
94.45714369820379   93.34681995470105   64.94066244938269  
272.53358745230065  139.72423180288433  103.21138982477939 
171.30349581434257  67.32720410298528   162.61995347451605 
179.93253925629796  210.42321952946929  94.35890532655338  
332.46446705617626  179.99513712692493  215.36122172201726 
335.36556238619278  111.59971044777546  195.37184681832247 
99.60793419787144   53.97510502275433   197.53492638010940 
91.57081661413872   207.34421534206473  146.03901693916202 
176.53935293897447  192.95584830848307  130.45161233685172 
70.87629935743182   104.60344821118170  83.39897046203363  
264.06610319826638  256.04245214455932  288.20310592746932 
205.78427115808373  133.45673146964813  10.36646875733484  
352.89524352356796  206.39020989989075  215.83942260960259 
244.25758652473499  46.75956920535300   100.79596018644520 
53.56494783271550   100.45178715641219  145.72811699118125 
208.59796081995509  18.52147340488207   225.41422883579679 
13.41889731811055   53.44314925006178   56.09882873691559  
213.06277566356925  232.72202510350988  144.03314220610869 
294.39503890893769  108.44726378319119  155.16351308129148 
194.97415376087667  185.71722600029946  51.23197717574867  
137.49913900726119  107.39806036566574  80.45334924544375  
267.84581203626152  123.09378802601707  210.58149819098588 
33.80430558961289   256.28371924118608  286.77958726668408 
358.06987940146354  130.84591823133249  285.78984173110837 
27.18820334472843   179.17736774644655  236.70213793428289 
149.97990068207278  141.06408640775498  40.49405184233170  
19.01728913031601   235.27113342462877  222.68453230261622 
62.77161110939688   233.66162773599444  146.73696926559296 
294.77168552897001  86.72873889805442   125.20447622837341 
213.42543297394081  152.09990747062758  155.69785024835323 
23.40333701034775   106.82824971728678  6.86549357699815   
91.46723756522147   234.09032368861699  175.61270222903784 
291.08978247458828  114.49967738534124  158.74501552019544 
268.74321769793482  84.96981636472432   328.53659715183016 
261.24709504782095  133.92299304129423  83.99495371319063  
181.70499248939603  163.37279727799759  23.91997085777075  
278.54783834456276  97.86496313574416   78.89115770632029  
341.92216341310990  108.32448283647719  97.22697879186433  
156.52022488989110  101.67224352085927  273.68920385805131 
3.49944531927947    200.63647750968173  262.08754356412851 
105.55445392902399  55.71365003923948   138.61323913641147 
208.90182760823237  99.88983438094121   234.81831523997266 
76.65510996229298   195.24005988429644  105.21424818675828 
218.51240975195000  159.82763711112162  143.48667914724786 
16.26172410092024   33.42928447990577   53.01875327333667  
34.47442273317294   140.69111446369396  83.94446934067294  
212.54498595868250  178.44826477126026  124.44005600112492 
189.23864955603912  117.92855900054587  147.63423731782427 
288.40302384309570  157.93208046849008  125.96223671803382 
11.75754904743532   125.09809046087591  176.15339732446270 
135.32570760191598  311.71515350422044  189.78155292292502 
133.74468255428854  194.92309954840897  180.64769962978158 
162.03187336488020  218.91584774908290  188.38847967924457 
34.87578002316179   195.84183644763141  139.80214570351842 
359.82338390281808  222.07030747944617  150.93079795673131 
156.68529973549298  4.89825361140996    72.91974317186177  
149.90230532904766  171.48867659919114  261.07952796022170 
283.70169181417253  69.56471115870627   264.19982780506461 
244.38007156645284  61.21518361989598   172.53418873472503 
247.28842023874992  79.98424190561126   166.39589865995492 
216.46931682639431  166.85224667113997  145.42738133967620 
161.27484325402412  209.23382169605838  139.09415405670541 
39.61190253758657   100.51371793445590  257.27440674252682 
330.99593908594727  140.10994424178747  250.40972884536217 
271.94524209767036  19.83951138988908   149.25159702299337 
18.95453574798433   167.07748389936779  65.68950757913269  
230.73838836704059  98.52629895413102   258.04932538949663 
8.65982057978573    199.78007372328329  134.33623396970034 
20.81811433463401   217.84509152833959  44.83654416602782  
359.49557211962770  89.21801676112605   198.95838693524468 
147.07396209256501  207.28022519862861  152.32958099451614 
0.04201610459713    131.79005470835341  201.95604447573675 
32.12457142904406   260.42435416238789  131.61081820904946 
162.34019143083466  129.83972666030249  69.72985798900379  
248.21608227353025  171.71744088300483  227.37478465812561 
229.54235270120145  223.83874024791101  118.82948693858739 
10.68601203000405   160.17944745230838  241.57489330022145 
183.67611149060218  -13.60537634779638  85.80380258314858  
14.62302948253769   156.04995732380664  100.13909270826416 
117.24102981666343  166.11177562179546  227.83026126621382 
213.61835166063298  51.23474637013774   198.41058827874150 
101.56908250431746  146.85702751875814  168.48251624427286 
233.80544612277973  91.89307560849844   120.24406777841345 
26.00972257924477   289.42125457900573  195.31920121339621 
120.03203854031440  82.67669328562955   236.77906840164437 
151.14135992640294  256.98617374182425  148.47123055150655 
133.37252063239029  103.37596722208372  137.71932535084960 
155.12931463817048  119.33236064608701  142.65029712272431 
215.25290625196209  220.36430252449964  114.03111134273695 
35.74542527351832   146.47835785297929  137.05104011099081 
208.20408876219463  75.47561171452625   39.39366386580126  
267.24228934051632  299.42866845847306  202.71323685286956 
81.36096967489226   156.91030119545871  243.97525816648823 
134.76380407246381  153.63224729099215  139.32252357091363 
352.12412901068137  214.45151901838085  207.82727795257864 
251.78620667262260  52.97550387982173   101.07675047937568 
213.97944692892500  152.21449786391079  289.38613496019002 
321.77298379349116  148.00055345769221  99.40256821124328  
211.07045772059863  176.98739321477649  252.51677461425848 
207.43632112603771  26.34258084649315   60.31590136701182  
196.54248226121393  212.65600929050652  203.10998004473808 
269.28847495187307  179.03458696111105  99.95152653618669  
241.16341809749420  95.60344525190094   193.17562486967256 
169.25465340203075  318.35909817849614  154.30284864853388 
230.58186068050841  33.38269701555528   79.88577705785626  
276.23309327935806  180.66145719435275  184.30466336370020 
306.26331235543984  95.35047883100890   150.09405880711921 
19.45124346488678   120.24596048327902  98.52688843251218  
52.30964076318040   151.35182232202209  197.49734918081967 
207.00747399655603  49.64225925391169   114.94759124500546 
277.64643227777299  37.72443453012160   43.16585904377345  
238.28979414112078  91.69618320209841   80.15427697078657  
167.23933416788475  68.01521159939951   116.51070124798636 
223.31741266546030  -1.35705266983516   298.29485073266812 
66.65758907660181   216.08845802056430  229.41141887053368 
133.67529666117281  251.66077219283085  212.81384543797270 
301.43506491718182  101.96059035548279  113.20316375018945 
0.47494401729520    205.29174846010528  45.49758191657165  
31.89996577369852   100.31331113364801  101.77808406351238 
170.16492547216217  139.72081444963911  34.56511007255159  
188.63949714220988  109.72299951541802  124.11351168061684 
226.07571109973807  135.35984802866815  139.47279713542474 
161.29118530461540  141.85603373007697  291.90847535933295 
11.28400476951233   187.35449356101316  149.75693897251483 
77.37716732077119   32.24146316442311   198.15152663510028 
153.93326699100436  259.68019947524692  134.33906245172227 
252.25066652156428  36.94081444461453   244.61740757493044 
151.02734423464386  190.96450944605488  192.69001114170516 
79.72748218987287   38.08608242385898   141.34913666773605 
141.66004994151734  195.17980255670687  37.40659680930388  
237.36304222132725  264.69263023540753  94.11713815308744  
152.49723397277197  217.47337651013561  67.91483635458361  
34.21742548969150   167.98727635430544  183.72217967759198 
254.81882567280411  180.52908776094603  -19.22076928439424 
316.94446854373194  230.77306349607164  219.08427891050775 
105.52332970869377  246.57877563871517  119.97083637145340 
120.13612641689986  -15.76581424718597  131.53043266161822 
68.34727837199756   196.43570472666991  179.03110378920883 
275.17155877288729  82.34309439156138   42.68441386546908  
240.50933164137996  213.48544046750067  172.45066940065180 
81.90480948471262   223.19988163428150  173.46724601267786 
281.31935914357683  183.11796749599182  217.41720185474136 
356.36758796326933  164.44931341159051  179.77480529455886 
357.81264951505682  225.07331783578636  231.70226114608664 
106.04991932492700  109.34880062920094  214.30708709441262 
234.76813144468250  132.55596706476300  60.72128391814502  
327.95473599703990  147.92937917385896  124.59496395411826 
98.95910772206034   47.48568821361964   156.92481555167365 
27.92707380946372   109.53286930300752  174.80753676226388 
7.46177770804144    56.92668202392863   135.19762766551489 
114.42814233565910  257.89782133471499  93.89249570421808  
308.31874625549057  194.60132789988637  76.33627385932078  
95.28558643833122   58.04431563077853   141.76030863186978 
39.78993475118333   128.39194225219197  123.27745464287561 
140.50253148178345  78.11366329739158   135.82636146098787 
228.30859953039715  152.53613490378663  132.18814110905720 
218.98950797840720  166.93694875494887  172.73466933130157 
125.91415230420212  159.76181514868981  136.88698393254896 
14.87678564919891   136.66957723035821  54.22072902744807  
49.38790653549663   238.89812194770167  121.21839548520899 
39.92410606365254   31.12695591121637   158.54869946799099 
87.83234879592257   53.74778491142368   94.30366951581763  
160.53005884189000  130.44382045109495  166.03959603721330 
47.84345571039830   189.08280912397854  224.15925481520009 
202.29904766686238  48.80599872976657   91.07123384123400  
212.22467851972721  183.20897362526898  192.60799776885585 
95.56969279866335   181.76107349123919  81.25055978426246  
238.93713113753586  100.01621231631303  196.73720269242540 
45.71352976854231   45.16977090118561   324.79567685197389 
119.23515591396023  109.34917878311714  136.24075188113389 
13.08780512131106   190.99744728303335  191.37971068904952 
320.77602065739222  219.21994917315499  196.87631774444023 
153.81071932016704  143.55903683611720  216.53920656454352 
259.33539413700146  64.02916152454902   174.15526837630625 
91.96025717425857   111.41152130893352  211.39686500971027 
74.73624665649324   151.35140889568294  177.17350189913847 
14.20156640936632   65.98707972679227   102.36626460629100 
19.12467550615680   240.41348406714974  41.37495299774582  
48.77568174882398   234.62168762149858  188.61561728253284 
34.95263950297726   81.39391972071076   275.53397396667259 
149.78190360313582  24.23654335542781   226.24965861690691 
293.23644993202640  174.23386863087168  43.34289039612806  
71.79505994620236   221.79313571419146  161.86315506960034 
302.11867932045732  292.87985020271196  292.01820579559904 
110.09188944758966  156.25733891136892  148.13302481981083 
0.15166679985388    32.72047789285303   147.25723382699439 
240.68220214131583  86.95453076967280   127.33104471697294 
87.83238373325308   106.01699383105455  69.15761642284788  
113.81754071662411  40.36553532193768   130.69343874054937 
26.16994891991666   193.61697828963995  270.94473444703283 
197.21942909248773  114.68994832913177  225.59172278170678 
64.45252154843369   204.46853687856640  57.95530606954060  
140.44219271512461  86.07411632968919   175.10256030503544 
33.03401639599479   45.49200050729780   178.75007134336246 
137.32667486635881  136.68059739793364  271.92018985469048 
321.08939877904567  95.48591117750884   204.00581966111554 
218.32050742219019  92.55502402042556   104.88362981117714 
287.70168899339501  157.48044401908024  158.77239737478726 
58.24360945858055   235.17698485789086  51.95251793921085  
158.97397357364463  239.51575473111501  244.84241838078202 
200.43505486790053  221.81460455842793  87.96103850163591  
105.42290873083017  114.03063829058624  12.51074397374160  
347.49439870029113  242.79783980539935  132.15977081457925 
113.81588839698264  34.16583534483236   163.42854396366229 
215.32327710785816  154.05912880345468  170.52014860257378 
230.65625551295071  274.17325176899146  91.97690870265866  
253.36387516203780  134.98974008692730  235.41928493931744 
11.84647143493216   176.32646694691988  100.00344803998169 
83.08589274332329   49.70361181262365   292.21957304755932 
42.50366477944772   109.92646608923967  139.07625048710881 
115.33210530441711  153.96614352769384  261.25275620224721 
192.77774950806210  233.08500309589317  109.60570020840018 
216.73383654789112  81.52302921620050   197.70328277500178 
168.19573630437580  144.21198497119354  123.54810178275072 
86.25875134313912   82.17011935671728   86.61930078682543  
225.96837764967259  73.21505077905456   -14.16404637090204 
66.98251496343778   91.32929778543964   126.99846392287189 
173.52987563505678  269.91033290632117  17.18860905726470  
40.83507701410291   139.20690463656345  122.32498570640377 
253.83839628490693  146.87378185624237  192.92139766409315 
193.77657591791660  117.46220902578625  118.64884082693257 
282.40053213212366  63.76759755359917   114.20324398034415 
299.54928402750431  144.31068346103010  65.27378418613463  
245.90993681229898  180.95039437687865  109.56205888639784 
119.21834707352009  310.79438711827294  186.98128122380160 
299.85116748534813  47.70407007308455   311.36722323581614 
31.75972007269294   264.78066732958177  229.80955550231479 
45.85239497961816   120.56806652037035  42.17759501251288  
46.13420803634219   81.82174802091667   137.62369468098868 
265.15092015310626  287.63820310077017  104.30352426615192 
131.72032138507572  204.72774532832850  146.86319059427746 
199.75128342598450  195.28109803907563  85.17592448168730  
150.47589940941788  168.08312718797313  211.23737079044474 
26.29880361994893   222.47992588138192  157.61138262652139 
150.16374530037947  254.41477346882010  182.99764463862874 
68.89162161377162   108.85697378015608  210.75897825927913 
262.76000546547829  181.34811368417240  171.14034448751914 
153.54999041332718  131.92631783163739  161.71619022521406 
117.48783420426341  132.72230905543512  60.25133192396109  
355.40777482975778  201.21783305726308  70.39506603010614  
209.54634072186923  159.64550000831196  309.82375536223697 
151.94922963296642  224.66655532601254  69.56343442331344  
229.26427715474020  244.11941546689519  77.03475690304484  
274.47688020580745  76.22979195480283   267.71062532944984 
351.12914855043425  150.27087356439677  47.76226573511680  
300.31921350244266  189.98457448835882  221.70935859887322 
19.32821709733599   100.99957652514557  117.53398360080973 
40.23216094666513   70.91052428677220   30.17100493565975  
92.86487940235584   60.08421931489825   102.25751919145293 
274.40868701885830  276.65779903954819  77.79024471135264  
42.27982227131480   107.43168449252082  138.40875834300624 
82.38223200669786   156.54706121731996  45.92434376145589  
275.79175996152389  11.18672747666128   76.68732104434636  
101.75277813500492  266.27890531493028  222.04027147427303 
309.41947822163388  39.98040480812067   50.97788355339918  
138.21952935746876  242.06276014605351  85.33911717314487  
306.71140788126689  25.78402174479463   128.56251480043611 
259.87376653826090  13.28354071061588   181.90393944907763 
113.60082364791812  309.08027182099710  308.16013155140399 
218.72214499994800  162.67794257601960  134.29482391344953 
54.58450062694914   180.63270691176223  232.11576680068180 
81.58598682717492   261.90364507667255  93.86769469792847  
21.43002356462240   136.02729442050639  43.53848628681681  
338.15973460388722  180.46929960724941  -29.54625053527198 
348.61431895616988  96.63144378097647   185.61664003755197 
297.55871847120312  122.94618947057157  284.79782336647924 
247.15652506278931  132.70355656328150  153.03269217414493 
78.25643655523696   38.17177169767676   186.56499688812917 
180.36532692594363  143.05940072843990  62.23443821796391  
60.65046739492286   -20.84555153695337  152.48685726535746 
308.74836315077329  78.48091450299029   140.86717310571910 
83.17541471191011   186.18136446132837  292.77562651492883 
87.54010782054225   225.08458746579987  284.88433779316608 
252.92359555971657  223.84783344200270  263.27432520607135 
317.75899939370618  119.00447732992794  189.52260508138997 
245.70000611184159  187.87730127374243  103.81732872020957 
196.75978628245326  206.13556862558852  124.20380562934699 
108.98484074529949  169.62559925612203  171.14452490825272 
148.48467091756288  171.17893460724272  134.38592177875017 
9.30441494780444    36.09770404428652   212.31837415397078 
289.02518496274212  38.87870924064313   77.73066853765492  
210.03076334824385  225.81992606549406  197.15746339509380 
339.04758743535893  124.34348414219915  139.25790658332537 
283.16669501994198  94.90026157184684   82.37462296957202  
60.81865791242465   36.62753101281687   72.32707175841003  
207.75337415525266  120.59399288060477  49.10284868781022  
185.94485495120821  76.46629197552045   167.41585658812852 
356.48796247784833  196.60819715098063  37.28865245051774  
76.35262066305599   139.31904772628440  228.19513432733544 
104.07803758461209  188.16239895973641  177.34188678629891 
327.66625171495889  150.26768263147119  254.64574383222157 
29.91229818337914   69.99055933740374   192.60558939627285 
134.79529611697683  184.90049266930632  314.25273768913223 
177.10289880567709  192.22115550587330  168.61559470568844 
252.93441628032016  3.13168248626121    229.14229387957337 
344.31349921589998  105.36074063736015  147.91353528743787 
52.93358007107215   131.26430611052606  134.88270762636935 
348.55055068467095  325.09368882613427  257.80811570389523 
160.41951694329072  26.41711224363570   244.41910105355294 
302.32699158391591  283.66226940314078  77.35856537132092  
288.55483380810091  -7.59032207041739   -11.80479656574184 
40.14892921341888   184.76430839082980  219.35084677623331 
264.24287893953294  314.40135175723185  183.06522956716435 
177.12526468146359  35.93358877549352   200.39993802281842 
339.62791870794456  118.21173483169775  30.46054437006103  
321.36877702570717  158.81353447422578  185.18422460354122 
233.61789212727155  8.01032820856594    134.52700083253796 
146.12926097527935  136.26825870433169  171.52937084139219 
298.41612474747166  220.28452632763819  195.28335325087397 
324.80159067726925  254.66973039380213  -28.15273643903211 
120.14193603568562  116.67032369813103  208.48996974158482 
265.61016944595389  74.40142657686911   49.10478940032894  
88.28869901889519   307.16641568746252  17.38579459429991  
343.96476960527247  112.51627118619697  128.35638994834753 
42.12907655648864   139.39835822726232  94.33603425692738  
214.50027476025267  17.32677496263088   64.67933045735516  
314.50790968734384  163.31393771770360  226.49220806335137 
332.54918895497457  146.70831952630189  251.52303835440196 
262.16338526341201  87.42397132792748   136.57007255649435 
140.47735944951853  61.00227596842350   171.01890478510961 
325.39867363712688  132.09855720398249  173.26088981817853 
77.64486008726851   85.83085352214337   112.99045439520179 
129.16779400044717  26.96938690772225   107.68494751855263 
269.96107358968379  236.77131352744465  200.26461245131273 
106.42408339673764  201.94875669089595  221.67571762544480 
256.94362904631510  216.63473084204219  215.99758986225027 
280.01001694982108  35.61404834027610   92.45945545498066  
349.29702882285142  165.32959420924340  131.77892218701311 
208.67976424938308  223.65054032782123  78.43067998471572  
278.93224033320917  201.87056588707952  255.08269610809242 
165.21132077059431  67.28373975477265   246.85314840613302 
342.26457791432915  229.42721874970405  226.16274024481291 
69.71892073820351   149.39570101773703  206.70678515824065 
159.71723472166991  279.15104700322877  127.24319868225612 
109.93310122984292  133.55506064063320  217.31966834049757 
288.27810525157196  108.65711470656080  85.42560645306924  
56.97613484471304   145.52517229075039  39.92812986059364  
58.16779795430876   171.68126970925306  135.36990754082166 
242.18417406713860  -23.83907466126769  148.01618890479449 
233.21253236066880  88.97247338902211   317.99153277999739 
96.35206527831640   92.36861371890055   199.32990023291214 
250.97001632380181  132.77772476445028  156.43346759275758 
276.48379546918210  136.18001748081039  217.39182262220368 
32.19621138118173   76.08612204338502   133.13214983437322 
81.60944162666718   157.96843072302542  222.78144626077386 
351.18510581076885  242.35913676988213  67.12778872863746  
5.87335650039135    318.52326834702023  238.91514239277598 
254.01774499142988  115.73909575832650  59.85380849599591  
101.05557096405001  165.01663827778088  185.46148086945166 
256.76984900812016  204.32348061678607  107.35417801512861 
167.29570402500684  131.61587043175666  250.81419381417271 
48.16435601173819   41.82672477793220   191.40079523306210 
252.21189325982283  97.90529595323771   132.73267839085327 
110.92146681267005  255.97083545206607  63.47738466990147  
252.93118034595872  221.03750470261036  72.07995865650217  
236.45554364289578  283.99691963672456  235.02453028633084 
2.27837691665522    68.72553906342907   188.98198853564884 
207.60003812667114  243.69092005741243  237.02871478914247 
338.76014929443124  136.72786447030217  215.78449816163663 
158.88244574756811  153.94658644801140  261.76673254066895 
121.43593224250853  155.57375716389635  -11.36379674026614 
89.79316410270523   232.15262781533784  148.78363267167390 
294.95186575191298  108.34263602213173  137.34199559267168 
287.43108919423651  185.21118179758014  270.56235680821550 
5.31255122231258    72.78084098702487   60.69159930716344  
183.68301476255365  211.02884254885564  270.65028693686020 
82.86022617499137   9.89243097879751    209.00730529742273 
312.54459695151587  256.37500959637327  78.72367367281954  
212.84635920191647  22.03733289588871   155.56094666403337 
79.67795820358724   251.40564292985698  95.87424032875845  
107.27326739335280  144.49869169763116  297.55925297471754 
94.86649712733492   226.11756903786892  317.26414207214964 
199.69779582577283  177.16544429359823  306.52355960550909 
63.97700620186448   185.31452509075430  155.52028175945910 
284.75434885497754  283.65586735514819  279.05732429933244 
348.72415859428435  -8.67351956033227   258.48324922548511 
228.59366154994646  248.80638357491122  262.47375151295103 
97.61863982749738   101.07273056843583  33.21151558355457  
90.58056378558997   119.76236402981468  284.15111234621202 
50.93103378476695   181.76384909263862  47.95899995705213  
205.72544207385067  13.79103278775068   163.28288399334841 
302.36032000625823  184.74131410408586  -12.20715842460902 
110.55507485218945  131.79779812163835  206.44363032022500 
296.74546419049517  75.46177490855011   27.56249364006025  
355.41527710890415  117.35849850240098  84.82059864308357  
355.68691609816455  100.58219307461960  289.56615927828631 
166.95131183947268  206.32244252140691  208.77479808919844 
339.43690894480346  280.64240691685927  296.14868190913921 
35.14539819214229   218.51418533094923  191.44430291735839 
127.25695580287791  136.76776361249401  -9.84610944515882  
81.55038026960533   204.97094467294278  192.41805793220394 
111.80841631371601  -6.12498688303583   131.20581262828918 
324.97141729008604  72.66355980646621   48.59820449681779  
35.57317695409049   119.00888586773883  300.44193014674164 
281.55629582854186  155.38172549223580  26.87196068892183  
38.96666556482997   -2.67935101996534   174.79295348529882 
199.06493669053648  183.58648639264698  44.98119494255261  
205.14096422268625  304.01917294244663  210.32479396506102 
209.71335360905260  14.06338814086274   94.45755303515847  
181.08767360920274  213.45045710988646  105.31500369986929 
299.35942753447142  81.83142781174314   108.30522106239923 
174.20616284182569  112.09361927386705  75.40910973131082  
120.87108825177665  40.16482317053368   104.56303475789738 
25.33840005146888   280.21319628195681  97.88262136566931  
3.68948538621577    69.25180705099838   210.77865134172760 
208.02947744740194  170.09353975681594  254.64871318313442 
102.00367744450344  116.76857021455086  187.26698001485587 
157.68705385642230  156.84100996405854  165.73351746988894 
349.22575652487797  281.36083299375110  226.46869656308914 
322.31494540893033  68.89877195420934   265.03657322066096 
301.11509578108581  251.23755596002110  124.56890424865060 
12.82113038841425   138.35002145989773  10.87269792935885  
265.79130534549978  310.68404535681680  247.90144592602923 
150.25175256800463  47.30539137107915   295.97997451499634 
74.44487200603291   167.68726265882776  289.80583877680272 
251.58307738374219  106.94979010025907  126.28554769035762 
97.22047664499482   34.87934429410390   174.61079310710545 
170.91004371887192  288.66677205240342  14.01807732229489  
85.07980080163426   80.15311357659080   186.35579490025918 
164.48674457978092  196.17656677119498  157.02688093566903 
61.89738043875504   214.35214195377040  202.05234166868667 
218.83784052096055  131.21882337832105  84.15338285814946  
90.22822351094980   132.77104999943271  191.30572637102694 
226.36479559256401  59.87180776557751   124.85311447899812 
116.43498404131191  142.31846831840645  212.14984689255519 
225.19588191100297  53.43936810045096   99.90842099477962  
210.54054587022193  156.10019895194506  224.91524045983411 
65.76579320266254   138.61625640375081  148.27871311776039 
126.30345672750468  113.05435984845280  82.00174400066581  
4.09594822558970    218.76013817967572  293.51656319650738 
334.05104846400991  81.21323515510106   61.57725265288764  
337.17461686371894  181.72875842054822  198.25055101739559 
135.78204903266285  264.83077133807728  257.44859292863191 
194.69458126826282  248.73024427256752  238.19690782280884 
296.68215371583608  208.58547595027267  90.48493624581266  
286.29585452860925  103.72865026147565  232.09331445181340 
224.83572681124795  204.74414165524519  31.98645626380299  
135.01810651966053  233.67316691100513  75.39924746668866  
127.70546513088514  78.32588545838138   203.09503479598362 
279.76546302990988  40.59307618320494   178.19019611580259 
122.72030845935666  128.38972390279068  135.07161575365066 
122.05184971757168  20.67125249092857   231.17383109357320 
17.62204728265537   181.15141521315815  77.13546028684132  
278.45163094479403  305.84463422950625  205.12080938448952 
161.99021668935822  30.17752967125760   103.14895387256641 
262.96236749382200  133.34206438553426  177.13419388816243 
301.57798174881668  262.77436828319929  94.56122733326268  
185.57947134949188  203.31793306499978  81.81480960735534  
310.36813712597507  201.79102459411232  137.57293034319702 
5.36567537172772    86.24601234931578   312.61687440377364 
81.50460699070703   233.72169728130913  116.51257918375127 
174.94891878939828  44.69517460027261   177.73392567997112 
199.38345743454516  113.99573873747249  100.39671751712871 
158.89434858823455  306.23677964105605  279.10515092461600 
90.28572982271166   253.73606349079523  301.38076352519874 
143.30564585787192  176.28659327558253  133.92710241763399 
1.12869997762874    174.00016983478943  188.95192209243169 
103.86616614397593  215.95846201349750  109.05764428079695 
182.45606919885159  216.07918716558399  219.96297899073039 
23.34327346358666   46.78235336768562   176.20877646739956 
219.17623465269213  226.76556276492497  133.42263443617938 
276.37810942946425  188.51045692066572  47.15464121446530  
157.85591196397186  234.31073528831917  151.74958743042009 
222.81416909440622  72.85722364265229   198.82687642261351 
326.72626523915898  20.86521335028098   244.55731107337266 
14.49515823099306   102.43332631588285  185.81685047788909 
4.05736827058942    144.37658781192516  41.28725117818324  
66.43617929739247   146.07612347535579  114.11320503782353 
181.66644221565713  246.97603153512446  241.44608919818725 
316.70716147788954  79.15606603204193   160.53885531384134 
32.43121255017358   81.59883806596802   215.84640372614530 
152.31796969210021  227.60642263147440  194.51596393345505 
258.78119163857622  291.68704318489512  132.21969314166310 
274.87155437177836  -21.91267054776557  288.34914956156035 
226.13857263261983  298.42444385833232  125.21002425696699 
277.81422783326826  76.00337380950140   114.79028000804433 
293.29060161732048  79.70052331488353   138.74273270074428 
181.00870311799247  71.66422458794040   99.75913343780645  
192.05237584079308  239.67917851629875  135.87507554172697 
225.31385351389466  255.91941337368655  159.98251323446755 
308.15777839669892  293.09620397629033  255.98496953497437 
208.75609413244845  29.21918946004752   264.22570698995946 
258.84922231875379  236.89825773138693  205.54127169617402 
124.42091967344663  2.98932272669614    133.98804660691741 
231.40084681788142  22.47440648829058   162.87531755451664 
295.57885153991475  115.77092752391761  186.61943961984056 
228.33061426657068  66.10258514476750   233.76026563908795 
75.48547519267557   241.24730521912792  163.68123417423834 
226.72299357401019  65.05130724575565   135.99465492273532 
52.44911869558656   217.87658863892239  118.77466604710536 
282.00476114339506  88.50459645166433   135.76590162968949 
69.50556568489023   87.88906030762968   203.88879265884910 
111.15767545141512  143.34590537003839  153.25024529634274 
157.98734187464203  133.51570127502410  -13.65167672894432 
198.38980050696068  212.13886760040867  83.87009539823433  
111.66071387044708  85.05067280307622   38.81274296042042  
8.49095661368849    195.89497495671742  283.92440565424170 
72.53618568614512   106.09673999452400  160.49504363997536 
17.35625439395585   57.49347826762938   327.16644043326244 
105.08698207112953  119.80791695481912  95.24225382671956  
151.23476835470925  182.81455344480477  246.45755281408458 
220.72914620806529  251.29677341550507  169.20096170948105 
199.59302224955289  103.26180254781600  102.23260463009520 
127.38486972004912  42.08520993762507   187.25765644152037 
213.65266276665443  8.48128716540876    -27.61222836117730 
206.95573316982865  210.67877118929687  160.20927189366671 
170.29149038833592  166.23256880658386  173.02970849656535 
68.86046235519956   168.05411222109524  115.50275458184439 
286.01041339023203  220.98581184616748  170.59477485934548 
38.08721649547658   145.67770724565031  86.11239025314632  
358.85187517820384  142.53768839044713  61.17371822756562  
16.03543101077209   100.12594982704509  207.53324924927415 
348.30796288112947  52.51726954583440   201.69888275075604 
151.35818148899668  310.96493942753131  1.32169818285007   
112.97314742883360  263.90788771977668  43.68337176726519  
11.33991905322063   170.32860786971619  134.43057729342732 
61.97954593365500   131.01754401984414  205.53550377718264 
105.79099164006770  130.97577241918836  58.44711604919792  
288.82283075590288  253.09023601377515  155.74331617203188 
355.29375106351728  43.36004064653334   167.47639979363746 
65.92005417162306   107.98014212811039  188.91836993239565 
145.88819670754145  177.23948747082034  234.49225017294054 
101.29972029371824  273.85613087765404  175.34256112187859 
33.25733943044408   87.51575272818378   150.62298068199360 
64.46788238870718   -7.83458764249252   100.87839256825927 
302.62799138811238  73.86150612352363   71.38490967354771  
312.17159337902046  175.71266814728358  238.50065768306968 
197.94305936482243  98.56500597910019   98.50481509642464  
268.96799329820738  112.70753507883956  195.10168501581418 
205.15533098262023  206.21405488743341  174.32529695520395 
223.27283632799882  -29.88704203686765  93.56722427198119  
56.31567411964289   113.93309558053309  192.12380802002076 
58.53686752797948   68.30185054253317   64.21449813442507  
317.97841006861012  240.71237358594345  308.54537700858316 
269.84776631914167  247.19143902128172  96.64449981586722  
191.12961462670637  157.97969944380017  163.23551535368611 
156.20287961529300  97.40366595645787   129.40366257485493 
62.44274816230175   36.10881886377810   227.01743230662748 
68.38125535320980   85.71746495375076   224.61424950118101 
300.16429883710668  165.34409991560105  204.88973781123713 
130.67356493054194  106.50475071788665  129.12031752329111 
219.57624341370675  150.85903450186771  232.30479635995266 
135.81124195715878  100.77015904691223  140.21937349556691 
93.90660107573019   83.70867247498946   85.42183726828691  
67.12392593174864   3.88508480133569    251.05221763527538 
347.96756219656226  35.92004766432071   121.00931128116284 
263.74532967851161  79.47401681607329   118.77922164060375 
84.70907823494264   129.57374178419514  190.01478287552837 
259.48203732146476  197.23122558884060  300.78373133029930 
54.75063218589576   212.27267866655345  -17.16330676450610 
271.03375999795435  135.41981357823025  85.78760024997844  
248.04826716646011  153.91134799853407  89.02534707403082  
181.99099102495515  50.73532166694106   179.72819187729618 
221.87940016266623  146.84601356457210  252.15116310679349 
167.06449502972418  125.19083699005324  41.82028857592306  
214.74656063672569  202.20041312090379  126.85646871766421 
197.00149207809940  51.03934149877392   134.51912536206797 
243.69399539391134  83.77907193806114   114.53279474153109 
232.77798161326959  253.31430512149916  81.14392198809105  
251.39031960797442  154.40157603704165  207.53181818427683 
193.07985253803488  117.93205452495704  248.67098678727524 
37.45086949034194   128.03607526285333  241.50081151844284 
108.67764305616497  132.60517127119240  143.54012572389985 
284.56272440431451  99.14934243671053   154.69810553563264 
174.37965207928195  -2.27537824309397   74.33771666060717  
123.64620479472502  117.61421864309000  255.40258216937377 
318.98306730139899  84.16616917597338   64.26804283459805  
77.88198956334989   5.27073520882939    282.22591472453610 
9.19029264221683    161.98266239214684  199.17597917842201 
93.75563141663859   86.18440404994257   49.59233540997874  
299.90673315580381  320.40213610149817  96.12426573362727  
