83.45593115730016   20.86301271649972   163.83290909526889 
310.33725474369794  107.76187858457882  66.45076974903114  
223.09934614829569  321.41485577400687  91.45061225225614  
266.84234273472066  86.47492080770036   310.59073375901835 
93.21410333876078   5.51425105720074    98.20175063442814  
150.53005339410433  59.07960350600018   304.71868435174918 
344.21837513514583  121.85350945029134  109.81758955848008 
312.54089694830395  382.43926269632698  234.15758316165559 
348.02821124919654  380.74862314722623  314.42378159604590 
47.79988775654427   228.11917292776619  409.77942917144480 
111.75729196816685  300.11606729585765  365.46760094808099 
331.38438653411299  70.61814479285306   301.51756679553216 
269.73220679821287  304.23104701716932  299.15356138003733 
243.11168383288606  129.81887919197345  42.04957093581646  
183.15111761418484  25.43703832559723   19.92480039145846  
241.00419300143125  207.99642266025785  -20.30867713539325 
165.24034001771292  37.91832027333083   313.89705737429642 
275.28009220639956  145.20309010659699  339.51796899147178 
19.05011002812735   109.33351664042041  282.79721251290829 
144.90489800756771  200.26116554802115  185.41986862865889 
253.22311235987672  257.03762528231931  64.23885847107888  
93.43286901968092   25.94363920427924   253.02059760505605 
6.09955324085448    8.21633943952253    100.29621851591516 
272.28443434491351  169.92200926379664  145.37955293087740 
259.34187199840375  16.08896935382978   423.93736320956521 
257.34858320612642  372.96436957504324  73.61236245450152  
49.07196403002834   285.22110180705386  220.67471377584695 
87.85346162364647   174.00102427983623  348.82371113762235 
258.47700520031293  141.82497975803366  203.86703020137699 
270.60092025528917  148.04260026568812  420.03473349589819 
169.13170095661732  201.40895297539956  319.21365085540992 
299.28508959641437  183.26671266689911  177.87904408780159 
216.92938962986241  220.93103814956001  99.61807172567538  
249.80370128238997  207.39235860999020  210.78286099471890 
348.50303283344624  229.85432753365885  209.86025587377739 
141.95475187437535  202.43967531247023  203.05222901591614 
205.67343826726312  259.88479436936126  282.13951532968747 
18.19186891158107   246.49168523216849  274.80514318287970 
163.84217216895891  228.61376129173601  167.00271737642251 
255.22566323676381  96.17451076172104   176.93539301198456 
81.16814725725112   191.38043032174730  275.47877911886718 
230.12525619397104  104.72042879274078  361.71180585202745 
53.49951478242621   340.64007300687899  108.23973410669205 
269.04182208479733  266.35630414902067  281.80229644930915 
2.03525061683219    199.76094062479081  59.35014279156664  
333.48287328800035  348.63923049494986  189.04895240364007 
227.06193645006567  322.29568289480972  152.02567089827431 
185.08566285394650  367.01002252057810  1.14274081967022   
200.83341120318246  30.76031276825438   180.89982148860733 
124.44705918595399  68.54526934640111   46.50389181072228  
82.57721332020571   134.91801405029972  92.89776989697985  
5.97652081044139    239.59810534639135  204.26717562272208 
231.26751951569298  233.22435099086101  201.11402835904059 
84.71726177397574   132.95773760102807  319.02124090192996 
0.66891499414259    5.34356564800740    355.08088345020155 
71.62779392861847   36.74431644873269   193.73801042771328 
194.19554889918106  154.65500500412713  263.58323202882957 
125.24792531470156  265.18063147245306  332.84631904356888 
15.85547638791651   337.55886958936310  306.10563108899021 
342.46949839426668  299.60883197539204  9.70456865006213   
185.58740755981333  298.60418507566715  84.90603184159789  
53.95588715001872   137.14183886295271  108.66981907400012 
118.75779985642436  331.33638611874790  61.66255627747884  
126.36280152739231  161.89132556515040  109.76648373798525 
89.67475724366679   169.72615878062010  207.27561379528933 
304.18673953080656  413.58438590492892  300.85480353663593 
265.49414973334029  279.43538441345356  56.38214246979982  
29.58043440403184   154.46501080519005  155.60536754700985 
102.83628922543804  67.93216146437032   402.44882773529213 
328.73629132962270  212.56006686674360  259.72083420491037 
117.78359121373377  112.87959467140419  145.05602882371224 
132.95596133156965  270.67892940496608  81.03582342019546  
207.45267769295333  399.17787990569019  371.39488253802057 
209.25974037033868  115.98904469519525  120.53565539401784 
282.10330581658167  327.38258729354482  219.15423084612723 
326.11688584601131  308.08553352681224  32.80721575425557  
256.51613020937879  266.94187332923741  269.96506061792741 
221.86821644526358  166.72054048887253  89.16614835088879  
162.31031149035024  56.34967017493244   -13.13345833579453 
290.02961127376142  180.96643541192515  -19.48590805382059 
128.88017252068130  177.06461854020304  249.76539491302802 
51.27442826390108   298.45589235957840  189.86158064106186 
158.33788472643843  41.46704040224409   63.99647266856172  
74.56369155429890   283.71283061931865  129.67094304332210 
207.09418032326874  132.60335135853808  404.16372873673390 
94.67580222874813   179.47424020265782  131.13315169333526 
101.40729803573308  247.83667395133881  362.11791630547430 
268.46646565722222  354.99794586255177  61.55289303444806  
51.85481895555415   174.39781730439105  397.55490577731098 
289.56999545885532  240.30255972981024  258.66602560797378 
111.87890082602586  272.94636324868384  149.41384454674284 
122.96509119622638  408.72163927743958  170.61361314305856 
324.77426866797106  237.34438732688830  184.57535290627379 
285.31875692096349  237.72015933963471  135.20197647652060 
22.34136186299289   162.88529825713175  61.58200042630048  
2.75459734208821    305.65581133990713  265.61299873541054 
227.86970742133579  128.57394786236284  192.97761613294978 
162.65152616311676  -6.55272832786684   216.53267809570525 
253.45639821923808  76.78732089892756   20.68344649606559  
87.42552991146698   377.71647564813344  122.16919641203711 
48.51948388958791   156.65914196928753  84.29659685919941  
252.53374944292463  45.16902561498893   134.83565417159031 
153.99115810530031  317.25381662881330  101.84200228970462 
13.32366247828742   203.83648021788272  223.78077937536824 
104.24491008575019  157.15696528901910  350.93646329059857 
20.55971282981589   193.72950317666684  195.45360739038850 
264.73557947776516  227.13508932802097  191.70961996192725 
11.76834353349109   149.70453005188170  160.22191599323497 
253.89682913975778  192.78544340718469  70.71466787167626  
248.58005518157682  240.79717113781101  91.43636582938458  
112.43305754046028  362.91548145276010  286.86199764017033 
203.68588923402859  100.43058663445304  223.09993426625607 
6.63088698458961    89.71254552546785   178.30812357497987 
286.12851654243866  378.80119984764934  96.27704849204699  
120.97347980533473  243.72704038526069  309.22141955812299 
4.40302054293738    363.32746451894627  188.72765293649843 
283.65187245812723  70.04787315274848   113.71104548076026 
255.91755238164518  194.42644079093242  144.80206190533329 
71.62895409617141   78.94483568137949   127.73885684378627 
300.60893761874075  42.11477205804920   119.34483551405137 
61.76630033153452   231.29383617944143  83.22415387687241  
333.39606677680717  145.48758400034956  182.02013641771191 
11.16081187331934   98.05569101537186   130.92370731513677 
246.20895072454198  237.93134158923294  118.71138647376804 
42.96326390719226   287.64536493004880  262.75200269631779 
127.29576226109373  245.61700208674694  399.61743614443833 
48.37897493232578   254.36283717774870  275.25388441150284 
153.12303289980275  228.66375490072244  336.29742920129195 
154.87320671335652  275.81546319355363  155.93608392501525 
249.32343267825141  -16.01382054785748  262.00508916275504 
309.60941283523658  -7.85804036260444   111.00170514130878 
97.08525057953545   170.83538361487345  207.44490241854379 
133.27004000450523  177.04073689379354  166.69127857270365 
292.85194824557863  153.57024694025040  298.82147308638878 
213.71480726135988  65.21550239241603   186.98944261527919 
25.46551787608617   296.36402367548908  388.68154007467274 
78.85992449759327   381.24741014418368  252.00741960580845 
299.47458635443127  127.69601373796901  293.47118611252807 
182.04621603943008  168.65521824046351  239.97754412230356 
16.61736239543661   225.75940009567759  425.36052381141690 
102.31997275937769  52.85892483757209   120.05093684760891 
197.22220190283269  70.16130529269896   309.87897418092990 
142.61630260811074  109.90384672265020  167.11123337546573 
137.51331773736908  335.80551382795670  158.07732225792284 
87.31398987798292   -8.99442406332545   356.88387779908800 
294.75431560458270  181.42106360892228  328.07087521740800 
319.21489794545221  318.34358313999132  214.96058625278042 
3.96119156780159    360.99709182358981  340.30381728914915 
320.59478148147076  159.62166145301507  272.91862186992228 
58.09352189452233   249.83296561912636  374.36025827551259 
201.13499943979730  287.86624358613756  272.33094069460651 
142.69558268757504  381.95467687958762  267.38238397342769 
7.36497204383670    346.05253992965100  60.48152388956726  
320.79047120978680  162.01081654445866  41.27949081278149  
39.99863234525744   30.91877279623765   194.24382785356997 
133.29116981373366  284.79094670544748  125.23475164639291 
179.59093266319610  215.29376866858391  73.56423277713203  
62.28950155126763   364.48508723378472  158.61206410453198 
16.57177919771868   32.20159457281775   116.81922353889428 
91.85113362437114   297.87417222385443  203.74716423831143 
185.10105755214065  340.11793804580822  328.90256583527537 
48.39971584795276   207.75605358025834  269.09022616676231 
295.22820748172819  179.86864361815583  257.56883311071192 
200.06405684467376  354.68881420602258  188.31244874321709 
144.11543314167369  75.51615239994705   76.68368819953452  
339.94421346088359  292.92036191087169  357.79225811684728 
218.15258267364558  225.28094470499025  152.30822857293850 
145.34862299077145  316.88138475308722  370.12252694207405 
269.24197535679565  277.65902217772009  110.00993145884482 
26.58693954110239   155.76724346633409  79.39138985354172  
123.24823238903856  307.33799396727551  241.92831882180838 
250.70767790049192  252.81989858398447  98.10456818573272  
246.93130986735781  170.05894171804454  328.77258826136256 
287.94018175305888  290.76415508500133  130.93597335527886 
260.91493964525671  19.76130782186405   203.66985523768889 
128.40760463709913  252.98529095715514  115.05705404774720 
231.68870734669775  198.54461001456571  252.63272459830890 
113.17750685273674  260.65647462433873  203.98316186293161 
15.04294268976571   39.95988877127684   250.43533072013719 
128.74779774106997  269.96083533384189  178.66956597273887 
293.96202088120418  121.49330388190906  208.23757752480759 
129.49496485181334  -14.80061947450810  247.48066046471965 
280.00309629412430  23.41145356811427   304.93526681978324 
96.82485701099299   182.77423436001209  266.10489128190579 
214.97415437593887  25.06136734921571   4.84475270066548   
14.33940332041796   128.66606705575185  74.58795278520479  
39.64195593741413   46.79468414175051   249.14311328778584 
260.93570721990227  106.26738745075460  151.22110712540342 
149.26214691779376  175.90046825267194  82.03755359366870  
129.56066780048909  241.78356444450495  234.74015870387740 
265.08094510844262  291.97327401423001  135.13826634225072 
182.54628886810821  172.61968184565410  -24.59189540064017 
179.56760350108684  279.53640416798169  155.51174158846459 
354.01531299907316  234.64979264320945  169.95864950629402 
214.94128259793362  282.44358614831413  229.93890807490163 
350.81878565800088  117.31919235016817  265.73064241035513 
72.28481358732428   135.58872055404234  273.69322877142480 
58.94480337576174   97.65575221794134   148.56568789748789 
30.37570708186661   52.91055428686818   236.32983096237126 
246.09199298580918  283.07838320221617  240.58944021628778 
256.08378262856786  209.80020402304137  362.74262958078521 
256.26795995842718  216.23008198584662  157.62553883638043 
342.50582361882681  349.80599659388406  380.43359735409058 
294.12423553585359  133.84237075948391  209.79632282096929 
172.13894229867734  212.62068120301706  144.98780268237655 
108.60575733434102  152.59060225100868  65.15979947140758  
187.06680057441676  133.47096032199008  37.14483855548059  
314.65610409648491  160.72431628241685  258.30582938202826 
92.93959572641072   199.27093357846431  82.77902694817230  
327.52544916471408  415.89024651083071  165.24764722748355 
325.96841156559350  116.06786959046124  224.75737358729856 
58.08315166652380   183.71288073576352  16.21898523599131  
62.08161446267465   318.69457133233425  50.17911375813622  
23.35823217999861   93.60823072223435   4.53740353166461   
113.48673802283326  197.47517091613494  77.56017235581952  
233.90545627083182  121.62942216352533  196.03886678184796 
332.25849357165515  218.17166031401248  244.27827181819256 
183.82844504659963  40.38077202916614   256.30819806954634 
331.11662515775976  207.81562109537228  159.05267227434712 
126.35705865920866  372.12929061523107  234.09413710252662 
73.34839036276765   137.53112334710664  324.76099068939720 
232.47882921739509  368.78905957200800  283.65498418297767 
338.08546642551039  249.56810816258150  103.88279703057714 
27.60699524668970   158.85863654884437  199.73208808484455 
330.43626204858293  47.92886937488893   97.31760650961343  
168.47830777304856  372.09013787443359  300.77005540998186 
11.55480725048777   -3.19830363482055   193.14023977152556 
73.27459992892948   185.21256943205321  402.55134131594201 
214.22755895796473  45.99536851926433   349.12155913898675 
5.49753436610221    61.07644228527533   11.01329085903106  
108.54969972556802  23.92088552940902   211.72038411628614 
65.91435313810348   357.36226195039956  310.18693690051077 
320.05439783815257  196.72020705530065  16.15405571768787  
88.33017434123006   270.19566584511392  170.84531542034247 
57.01279834847320   62.92260919024250   151.13774442342341 
237.13889640422312  269.75773475133610  418.74888328116168 
192.31414976332303  237.42042360698073  225.68383254746061 
22.87907614585459   429.54245251231021  252.76718019052217 
68.01029989222583   212.26651083318862  286.85189400258582 
166.08416431531063  297.03616232666667  222.29572533624525 
243.58429055296281  423.97525124051697  161.12449883108820 
8.12744148729113    171.46825079765586  272.16713668347739 
24.48109526156091   233.58459871736130  189.53549001476256 
179.04033013327313  49.58076380489894   239.28820756881953 
17.99898569501006   304.24298263858657  211.04816445728733 
140.88158061135894  70.31879834792099   267.79562781044297 
314.80113230435910  257.53063030079977  86.02775293121947  
239.04167155727296  269.15203856849809  124.68856325199950 
57.99083407317078   144.99925604763186  18.99330614049549  
289.17936569772536  68.93701512294470   318.68851831331580 
126.91572526370952  159.17793101313390  124.13594634686359 
197.04392715342203  140.49078814405979  306.51291339285831 
56.70688457657722   249.33141181378394  244.18607997322826 
31.18813792774599   90.59196351844655   289.42998791865256 
116.03739399307516  362.59254086248342  273.07746179448634 
290.87401623848604  318.15910623127985  208.55329212584797 
345.02944533907112  128.86594252311858  88.92306787504225  
76.92265935068414   220.07710266098181  197.58767277069148 
20.59621612293918   194.54153384456237  217.75350011219325 
9.03602059901873    273.63257812529184  196.98847534387897 
143.69367472118159  260.12519265040987  204.98941019449859 
79.11091632277898   263.77869280447123  222.29202803270147 
229.75030527568572  327.73573963930465  25.48172079669979  
248.50793618817917  130.56178322390869  162.07329915181913 
310.21788752002271  207.07226108518233  -0.34880974345489  
116.01171708686830  291.95707730950301  254.25455806708004 
282.77261857523717  398.57419262078685  249.51333673817342 
22.70224157837487   104.14306577936186  237.33296335953261 
355.25968926016048  295.10548186292681  97.96760173563146  
241.21370556865551  -11.98963445442109  320.18837112039216 
176.66450627191963  113.60100349645298  189.30413647982868 
200.93433789978053  332.20327430893997  104.64387629659132 
51.81255614188984   367.19524573124016  369.65570774508421 
34.01395561253055   350.36161235134648  313.53551521888983 
244.51484265408294  88.21128141613350   80.95170096691875  
47.95289857664788   232.47914310789218  350.86642571686320 
195.62782746955418  360.91210760176676  153.35731086947038 
274.68475650094905  132.29364975944057  393.28585245160622 
162.55283938896673  325.77567538191090  304.20924375192840 
136.30236322057155  168.60765340670613  150.27615103113931 
26.65854345827924   373.50729172276306  326.13717253664021 
16.85384355144387   210.77443277352126  295.85965439262901 
211.89106491077661  106.31696398414461  132.53293929631457 
294.02698016923591  238.81008212037335  309.06682305810290 
147.34998885010199  11.88663831998321   110.50451751196917 
55.35178559160036   47.33573837333157   212.70851984880906 
262.99437174299146  156.19419992191536  179.96249900042770 
103.69080941667949  281.37702642056377  105.85052012353015 
260.05121543917630  171.58464446220376  3.95137007537548   
340.59075187138319  317.48542638220840  131.38347431691307 
24.64049167097053   93.64087649588500   425.78333148410138 
114.77662461557654  128.39480610274873  127.45738162086313 
224.91298616022414  202.93342448984964  106.11486905521609 
319.41009790793419  305.43901231936673  192.47279054986745 
212.89752804152755  109.65374864472531  366.46951878740344 
318.97387653534020  102.28878962655878  257.06686998310386 
234.57824490420748  257.71352866699755  113.83328279598470 
63.70526430643178   304.07834894474621  134.31235862496135 
144.11058783182929  197.46598549982065  197.68400205451803 
45.72884248306672   -1.55293717343591   138.80754172480130 
61.98216548798938   208.67216395303765  186.90508402472324 
69.74278751921977   127.80097922684308  334.90569011066202 
84.88376778497441   121.95899333848699  56.72240956501500  
40.71658945914876   239.34776184780227  249.52407722627771 
222.79278480861669  381.30256820496732  190.90704281654092 
2.96513196061336    177.57226957903234  201.65773167296501 
336.33082940619909  318.65425820487934  428.03611338470671 
218.71454426290322  248.30994266400512  214.04519633923317 
229.04946620474712  268.26947109048484  325.83156079113371 
242.41477837096147  191.97110218651835  268.72428735102039 
24.66844969782511   231.81006233456327  -6.38118270357060  
47.35136461469429   177.41708622688847  265.19993372100555 
266.83350515774890  128.57135667252356  342.46467876867979 
316.27738118559358  76.28252982309539   428.03121931511157 
222.40875411089661  223.04487386822933  308.89014680099473 
344.35412340502376  412.77396867582718  304.70276169642574 
36.36229505119928   240.71261374201029  224.80788097925870 
161.48305250127757  208.94775274596591  141.44626583831135 
155.15312998123918  132.39521870274780  117.02934082376697 
284.37133730082098  425.39842852086201  222.60683938325039 
237.01078410228541  180.14264529885523  10.52075800860067  
344.38568129324307  297.44774126884806  254.75082225319650 
175.55375099933025  128.71773148738652  250.02816903675671 
351.65260123614343  332.18667012499782  419.61403730688642 
354.93121041232723  326.43311452219257  196.73912265015198 
284.89649043963277  317.10500651821263  230.26296972048283 
61.62647737309906   287.84143298861386  410.31375955427848 
317.17987745089869  241.38273037865463  70.06411908315607  
133.63830271801064  355.32400839645453  398.61018939293308 
31.70882095737186   342.71335051774281  46.93112251096630  
43.40363893973469   377.36832677111943  158.79949986979773 
278.00505007623127  36.45759530627089   173.64483757491030 
340.67114202789770  68.10206958252519   218.83636526715929 
189.33907396389341  69.58731957804898   215.46547535093288 
52.33130835827342   389.86053940183956  190.11402006337556 
84.77189213239132   284.82213512956434  188.47481158967585 
244.72856722774483  74.34353543235635   -0.19284631351502  
141.89570046526217  106.12749979740951  270.80439586852003 
300.36288429669298  290.01134068597378  253.46454719203015 
200.62577605186132  199.35384183796776  8.00269549666808   
41.60533308701239   286.71722028084446  43.37016653087753  
317.47882587059155  112.59449160864935  45.50158414885522  
240.44543248162918  266.07926633737418  132.06223224480181 
310.10432054551649  148.62723010751461  62.31566311700615  
266.53157011318007  220.82906559494705  283.23068550800383 
34.02026529506313   154.15236709810733  255.68062010642774 
89.43709927436588   87.27902147365668   357.22121930078845 
327.87583505351182  42.30193311776907   74.47568351385897  
260.02944797232072  310.36328736560858  133.08040090371372 
314.93312253435187  324.78871680938767  177.94463594002193 
213.99946185368145  285.97203924490032  278.63371679756716 
355.30596367514670  224.39793873540782  113.04891528280564 
240.23923665344736  202.00745471613931  243.51382763145298 
137.39567424743259  291.56443061746484  262.24293441747773 
349.19877907990059  89.64826694984026   73.76237506289060  
235.91685815721453  195.98787262039744  94.29677114096056  
207.61106101852559  247.41482756303822  226.15384255468081 
322.82873776090798  129.52770967937030  231.10419432256055 
165.72893474047154  215.70942740287737  159.90264505096826 
228.58032491044003  212.54977672663486  235.49870220919505 
11.62236942370954   306.65488592999316  95.00041027520031  
67.24323465241920   63.87271068592787   160.58533869355122 
96.59446308052013   285.71683379479430  237.42984489478658 
354.80729063055236  28.22662901254782   95.66630347565248  
244.38422409819788  196.34522793559756  58.38468631202161  
219.19411286818246  115.08733678668145  369.25336704282563 
216.66183950752142  253.76418266185340  111.08431128871545 
159.21480550595305  235.14798606441536  327.57892409199070 
249.87568500520101  189.11233865390275  65.29047304498843  
283.14178689098975  113.25714398798880  331.56914999536355 
15.44305305934189   308.56836403264549  134.91319191997439 
293.99691732884304  213.32806245443282  108.40753560442673 
176.33870745079730  80.04778483002215   279.01075457746725 
94.87401596885783   279.44888869584088  190.62521488865883 
180.05134774390589  309.70490769344912  339.06640718977161 
17.47225803600552   104.55539985679205  163.79812547962447 
109.74672595986648  349.27736775538301  327.33000550813091 
196.15959709414042  250.78508906870150  40.37981523220125  
32.36127336145345   -25.57732176265051  243.51275044850797 
198.00425695990265  284.91539570250723  61.38538283023013  
180.26922132715248  306.35785779601122  10.27989229619266  
116.67482498027226  157.41516620213102  148.66310677402276 
200.01112116638953  186.31702869941893  136.60436491658834 
142.16485572778484  94.79291615422423   394.00776631270986 
1.37813459132456    235.14344254252001  149.47566427528329 
3.45565884971172    260.16818231585216  248.90143757971734 
266.82815485929120  124.29361518795254  146.46866840431539 
144.54139047048830  376.32644939675032  165.93536029957048 
219.07593850245215  92.94089758405681   418.46905407736506 
70.38199248677996   86.09985133391990   -13.83542380797820 
338.18374267232969  136.51415024208558  302.27285514588442 
188.81620629063730  212.97558966459630  268.24664808343488 
288.31727134847364  312.92052678765799  143.82336837942660 
43.89551824433840   305.10667750576147  74.30377347572727  
140.06110486570910  308.13297367443192  168.93229605359556 
322.49903334432696  138.18621107921771  179.98187768171172 
322.01805429135936  242.16430081375000  99.83478711884786  
34.26966437627676   10.89087598092172   280.20446951330439 
2.23148663547171    324.27197966904100  332.32642161118940 
105.93873121029513  36.00894113431031   200.38446892522958 
218.91766427101419  257.53648365396924  130.55516495636982 
316.69137937428252  165.86191399205543  349.66679601410522 
248.80924081806415  197.40471580133186  263.69980880873675 
227.13949115398370  250.63801956826640  242.50034621160606 
187.17617094846574  119.04574819245342  259.19970985212183 
355.61873110060594  313.67312699026843  366.61917531333756 
255.27383385398059  97.61987333647966   165.37250887896656 
355.47391704623431  418.46894009533264  159.65290037576005 
303.81882216438987  151.52588199447905  233.74108106386382 
352.75916899344946  105.92210747154152  139.69336841609325 
186.22948533151541  139.38820083550820  350.03362478798522 
74.02456644192063   246.23953519355658  77.33486155295427  
135.59961372261938  425.46782268145080  180.52035989677327 
232.65706036773858  203.85625070927375  311.09352900872005 
144.86557715011853  206.06612675883810  244.73686169652461 
193.04433050921213  175.27416922521638  240.08433829460029 
53.37325982317407   264.15791093564292  23.69787578641740  
207.62522182681181  386.44908370895428  277.96059942479167 
225.69311746097176  134.64793607535535  100.19122084291337 
179.07369480262119  229.76271270498549  150.88708076328254 
96.41763461946321   246.00482452072191  289.44501298303334 
337.94646789079172  252.06710027548056  179.08825242015357 
154.14688089907372  178.55385787568446  36.33292177539471  
263.90713417108498  270.78138029908354  -4.34252409352439  
1.32442833907797    353.65673683211003  412.59907694237654 
44.74980087976666   85.62643254521532   152.33886524922963 
209.94709421409436  83.92801231796508   315.67820105314757 
186.77851444118230  140.98439414803093  176.12804535578988 
327.77574847198815  53.00825006539355   120.82087071880041 
251.17427272977952  290.69697057303188  126.89838098989824 
253.96532970479325  421.00277345446943  210.25279333492225 
273.59478700988740  98.11010884945684   285.40223953850330 
233.72702199642939  85.41028373505281   203.09900703491047 
96.37874056946025   248.95680331088613  187.94207539574006 
134.89654217543347  299.85113141076340  114.87761554470787 
206.82798983684293  262.43268566135168  116.68029966433569 
304.09981146518186  238.41808461328466  242.86420143321797 
47.68005487680040   96.85198255459530   69.04261784959749  
69.27911101565306   88.51732636124567   233.16532430073696 
279.51893200714619  129.23565414133645  241.66099551910366 
158.86635737824915  110.99533249057619  322.19597288482817 
40.06027922268926   187.02290530854194  80.55519865954794  
12.66982627665504   4.14065211479837    319.26059418441690 
104.16457171091652  61.21098027100854   60.77026557662975  
103.12780660949150  173.39742307613045  129.08316003314505 
260.70916088079451  25.62431180875936   215.20876383289732 
30.10277057988998   424.43311456453358  355.54158006252476 
135.66549998888846  5.70787690921568    195.63609922054951 
236.84644224589235  46.50483947499677   184.30941580988937 
315.50903920480368  39.99405285424541   180.82948617797726 
197.45975588314997  57.43372105228366   248.05954105094136 
342.27740258696434  311.45082571993970  197.01856579498116 
117.21902208152419  363.15080333667345  412.26086613050757 
194.30726302449256  204.32214360728025  303.58715118906503 
78.84703246900959   153.27707684855463  225.30589564625046 
238.48284955610697  101.28554196292946  197.59951247566633 
115.66049120381670  237.67431586343884  268.05820255259027 
161.96450298293780  229.21491812501966  205.12735763714915 
177.01321884168266  259.50618934361279  140.09164379088929 
178.01981926739495  366.06043184834721  178.24278682617862 
327.98038377730069  213.78234049098350  387.48884763026126 
38.06018911834401   145.19165963318423  260.01682952292890 
149.67162178014064  236.70544949541582  133.38192775946982 
181.57702369283001  55.16594202111517   367.25341485775721 
290.30780124624437  249.19967585478344  329.92693482167783 
163.58120420513583  249.31655468919465  154.61877414462003 
142.48170524134849  311.01283485810211  134.40229400757846 
234.00946031939810  287.83248713510073  169.52302369247118 
56.21534580145084   317.70538356323505  205.26412225412190 
213.22844159652453  181.56801693732470  303.68787820558191 
91.28768394117458   320.83984972476020  188.42083281228122 
358.82455820316261  165.60487271289151  98.05275771993031  
185.01799149803452  269.49609981581148  123.14386392913201 
8.47743888506963    109.51065866829406  58.27920789463039  
323.65577319401081  221.87464287484337  229.43355361570755 
343.50704094681043  362.19792493919238  202.61728440253418 
312.26833697391430  111.59438673778222  101.23715258928867 
144.26147650200713  278.05083714186975  321.17029145083944 
170.58070480225032  175.88933946332116  424.34998151826443 
348.13232028117102  13.47435420358747   252.33458515199519 
217.40100714475781  36.27014301488992   117.82038815120060 
199.73309645342252  382.71626590310751  346.88035588291280 
24.82122347214065   185.66982525454284  156.74350947062021 
51.41361615626462   190.28476646139137  359.95213865191533 
143.98480016865193  243.54554394731278  241.71620260329499 
26.57931512923046   403.96554552620199  142.98379327747830 
295.14527026215302  134.26198366212719  110.58488914523757 
331.24236997049485  322.48621621956181  363.81843547270444 
341.82077352858812  359.89226629645702  397.72799963097214 
176.23805171967646  296.26729831784110  174.52697360994247 
210.85662901381860  355.87831538782541  375.55276540114289 
31.21239473836927   191.02842638182375  68.02304578739822  
206.84601688690398  160.81153042885407  309.21178703520428 
170.80251708911285  156.10734575046146  -17.60128572574632 
171.86199959458619  230.84555005081552  189.58886048838872 
124.01036733913382  236.55661618733990  419.86953247908662 
107.68891896072869  113.25567542232071  369.38950270123291 
168.39660540547123  290.93887662133466  130.25855769017397 
149.42572853586961  183.83753562994224  253.79810510102186 
34.28192016527593   114.95689507651238  116.98082357465510 
85.05913921487951   203.60586089976684  80.51822119698960  
338.31551225809676  423.84675789151322  373.93317281310226 
182.49107032043892  -12.86925658828102  106.20576111176973 
336.78108082770484  379.87356091836477  169.39559211951024 
170.64120143950299  176.49341600860714  58.62039792266899  
114.72951567310791  161.40318558637574  279.62287012646163 
301.13869180636163  103.85184795055302  297.15355396503458 
182.93908411559840  97.99153610606113   307.40815932013186 
104.82566976808151  252.33542490699782  168.76815128803372 
172.86507964488518  161.54591813708163  342.67223326363592 
273.48535878555356  253.05646621408138  181.20218946438777 
52.10548219859180   116.69079855666135  231.03347379582678 
338.08055089562271  225.64487491519583  82.42443998572472  
175.35273941627568  119.37945201784339  229.42701453086465 
276.82769145272306  377.07334615749869  294.82359271485490 
319.05878752880051  174.65132968247946  289.11046475692973 
97.65515782249977   109.79786046684782  427.57197532413068 
166.94635218088203  125.61058831281019  158.31661107776765 
345.65532092891488  350.72389833428667  393.42506385831757 
144.46808806855404  285.75712975831664  154.88821688311111 
184.82541699840198  207.76735858067897  227.50054496860307 
216.36463172485699  136.86207698303150  181.79764528769419 
179.36796868765825  111.72749502962570  263.07534222208966 
243.02144629410782  195.96906610652354  202.83095560292989 
324.27428857595754  175.30513010539195  76.51072007895129  
301.19370775734978  209.55640951992882  104.45882968388756 
226.72083121562304  236.56873082579668  403.62405401276106 
349.14435910796976  280.68936102931599  295.16061183988592 
16.65784835607544   7.39692413949351    187.39635461099306 
140.52470168429647  370.91763964460245  137.86381323058151 
35.19973849111992   298.94348909969210  320.50041981759961 
330.85988174531150  250.62994818129761  256.85817333682263 
286.92707130121664  207.61131254469854  426.48194211123075 
71.79624961284024   135.85865031963780  378.92709722635800 
357.70981071598970  287.14338452259369  223.45595437842653 
173.90242539874819  234.40565200264084  23.18707428895505  
295.09035361422440  131.38204011070073  222.98163710052191 
209.00889376956786  237.09551632639446  135.52139651615371 
311.15690724135243  172.19557447881351  177.55321294092104 
90.01498724885096   -3.14926662776688   259.25218968029907 
145.90478678215263  142.96268750347264  112.66705469083573 
36.20128327135365   281.63694292862584  160.97389478892623 
269.87481095548264  -19.56601239906641  171.08754372800928 
356.91104640276166  253.69660371730382  215.35561749234623 
196.87069294595946  123.23898061020435  73.20719476608515  
69.92381912607956   176.92937174702922  95.98710313684100  
238.10389186322402  307.21756686067994  245.24158589523864 
302.86580153159628  357.21831540004098  349.46205244315951 
281.05798858450578  116.58832011753290  197.76287799267018 
42.93891550978054   165.60218915015733  204.55116282171110 
164.49250351274642  121.46312641501484  240.50028588576353 
176.82227930910918  43.49219013199382   203.41650426971680 
150.50876721217475  312.70364024232083  339.83520708620938 
235.97799950019046  238.52822694920053  270.39563609075475 
123.73057645026995  388.20622083364407  -11.49087730925137 
165.19859424665162  301.16781458358361  265.78598798497092 
342.30743014003457  175.46099344584678  304.31413222389597 
207.86777591095776  189.06913037350216  215.34669097780278 
333.43558667800266  131.32231043023887  249.92489116552369 
157.85711535002588  357.25323034904017  428.71071066028082 
328.46998161888604  312.98130542854159  375.15431517483029 
200.73980159645319  183.59016620035692  201.60013871251795 
58.55625038871768   152.02191101403966  161.91491132985135 
198.59171221863400  -9.03450093848804   252.53905194899497 
47.23657227798470   47.79608459731944   151.89202228466416 
12.08495589968348   198.89867214935569  210.42714502306785 
56.08332037837122   291.72564003227797  133.17413129974562 
310.73067351216417  296.02177848152689  128.18929939247420 
127.83047922329372  164.84596165198582  34.24467593005838  
94.64696559450286   0.30927384779952    116.56797191881479 
323.96911001892761  89.94771291199386   264.91310204310128 
344.76388766694163  387.37141112316044  316.39052405508778 
166.68210004744154  135.97698007386822  230.69472662673738 
4.37817082898170    351.49898539713280  148.83305036388515 
81.81321801683630   46.44454224431269   36.23941627669564  
117.61185223921220  112.92841502792027  349.96867436677701 
98.87882464419646   157.72635309541840  99.59050731724730  
278.36953817897268  287.88218046973554  369.27755046550726 
153.84316823587673  374.49611240313737  177.63390411237404 
0.38171921394702    276.95080529796593  159.05184163205769 
227.03559464533075  300.91783699713380  385.76176917863216 
297.98366782407294  276.35578778368665  312.47104824315744 
251.54000162883511  90.32115044492453   216.59944690241525 
27.29927171591775   96.82483070018149   180.36909176807322 
303.40338526289520  242.35634303502943  154.49963632470838 
285.23358889783179  230.86199538768986  322.26580622898138 
266.14563846465921  102.48501036670555  175.44987170207821 
265.29964295690218  169.91992737906349  155.42216653766934 
350.28527651401185  254.25995483181615  276.52370025426660 
186.10416786856476  321.81514313383116  306.27887797501489 
64.79683243238605   163.58362486414890  388.77691632477274 
250.58411173828281  254.62688454452453  229.88786317782299 
290.16447310399906  420.69578360357804  120.49389100001785 
346.58232583599829  270.03123314968786  208.95394679079266 
335.54936291943926  149.08827344411162  314.95410078490386 
73.20868721134194   243.44005180602426  11.69307836467851  
139.02633968042289  263.58822258106653  186.00827140628979 
314.24081185147321  27.91686654360626   153.28916743258338 
214.31688707836258  203.05001054153541  256.88102415925101 
111.62079779174150  211.42148487133150  367.18710047314249 
338.21410510488704  89.59668664476057   153.05387477895982 
150.51888648635367  358.02575102380513  98.75929813787073  
189.34287979982517  148.84160257317509  113.70600422656413 
299.32379609971463  135.04193116681810  -21.94863812360293 
139.61138460533377  188.70752238270242  105.95850210391396 
211.80011500838114  253.43276956288761  184.15664223844405 
69.73752398139618   230.61691396243617  258.00679753410589 
244.25138052958050  250.35083932761430  207.99814726209485 
97.71322590033293   143.27109717975446  118.45523920728890 
316.32738808851593  37.67146593859417   281.33614120824620 
284.32809698540933  91.05795488384960   113.02150349399163 
58.71669334470174   235.28078997051807  155.42803743206596 
164.85758044896104  391.57871424011626  322.26685990942252 
111.12605619306319  104.33403165313933  206.67238683590173 
30.12487230065110   224.61399016472507  129.20477362366239 
141.09586341139885  260.22334990667127  215.97426384241106 
199.30426472613817  203.95013219535204  192.28419634169296 
344.32177525165508  190.04905473046759  322.95530047861433 
349.21458734533178  180.42555497427662  248.68955614904579 
353.10518224639361  414.28153549592730  230.46704397737190 
103.69064909812657  127.79801326497387  225.02773838227316 
240.48150114516338  220.16296710393706  307.40569081775277 
96.15246195654167   188.31625696482405  235.11578654677231 
175.39573184864170  42.04437487798077   260.98445423776866 
334.98489056917413  121.55594506291918  241.58439013955530 
338.34401592863873  259.64102254544366  159.72682653294677 
307.79844041365448  -9.90303265655382   328.75047049530667 
330.33955512670036  264.19166782727018  238.96861827074341 
47.47911396902411   359.21740483402516  259.68236921279600 
348.01682548299533  241.02822411789256  153.77832089153554 
340.68585915946397  141.20447352574297  208.97802568528576 
136.77291180534021  205.24468163554437  48.35772403083351  
37.94120946460214   289.45099467501655  73.59719324945661  
290.66139183921763  188.25403236909744  94.99695269302887  
212.01802112767518  298.01163134060937  151.39438241572728 
345.62636913576813  57.93951373167030   231.92045728540143 
52.02416922155902   329.64298121795559  268.09851879080026 
242.38426141454758  113.28132890671230  106.03108737859819 
154.77181384838511  367.27375966700583  96.80304787683089  
1.00767445309046    130.08823340723933  272.30902241418107 
96.09912568894325   -18.90626437732072  228.38545847089949 
172.94849061885259  118.47897722076732  276.33310739734043 
114.16234522537310  241.31034355400948  166.30727130180037 
329.56429303900507  131.14276006769327  230.42172831858502 
223.19804215320431  141.96671146238054  144.18306150918954 
305.76047995600464  130.07243921629015  160.31848091752565 
238.13864434667303  190.02855969275078  170.23924630767453 
230.32057520183321  166.16691146333153  156.35954377858886 
42.86317606823834   280.51174454108940  358.22471145749239 
224.71964705513776  320.02525857225987  104.28497345292747 
143.49624266788013  229.99500440137732  135.61823111621709 
249.79181850139153  119.74678514091387  287.74514266338451 
68.27665169241548   202.52157103052980  181.20609888059585 
60.48036529486297   100.18668469588907  194.67165370665961 
358.49419193997568  362.22340860665003  155.83905731398883 
224.63192426355025  196.22295732396057  217.67616663854841 
158.75964401351544  387.84818708305545  145.17644324054368 
335.01922366160881  110.53393859692572  51.79940211639095  
264.42150494000725  377.32503644701410  350.02353457369634 
135.52709331331170  297.11034208233588  240.19638300766894 
327.28215326817985  245.60192462690031  232.65719943565435 
226.61582007348204  217.04325628388042  386.70216951870998 
218.81331747339698  41.99070667035298   234.40447253171743 
234.59903967545526  192.81878621740043  113.24753687859780 
339.89976591012623  96.57027915460563   207.55531835381780 
312.55208306030221  93.72816530656354   153.70186265684174 
18.69629557861145   141.74504003420105  33.40540030160469  
346.44965366167423  316.75201652555330  222.59306078230412 
85.83892055673707   225.17313362956637  171.96304349811098 
129.12472697831146  384.03897679281590  -14.99988980588211 
209.56570408910258  102.41298172585742  183.03934678176142 
244.25931384399036  290.19935993970950  271.95267946284713 
307.29079186332478  302.41128633912297  150.01146580772217 
140.72322317534793  408.31253487173728  163.56968420577496 
259.83150561376300  48.96455779090780   141.07565313950874 
347.06735085365113  220.04055813965309  298.90569974059269 
337.30477539461981  303.24198458960615  187.14476032698175 
291.09670920285458  171.60829693839480  140.89687031515939 
271.85921145674001  9.11294933939763    74.11956225052433  
197.29085846319197  -18.13952441584621  411.45580989732656 
329.82827599332944  37.57674952485607   314.42400424233239 
192.23092811621578  334.93882462354122  86.25856070240442  
211.43613614733411  94.78995475004183   299.42429755944261 
132.91442646831459  127.24779616666021  231.39486729454134 
128.67988741065020  228.61190080581281  302.34134077372278 
177.61228128093265  284.83089998741343  275.27218786006489 
162.49570274289746  221.42619238528260  93.18812034081051  
141.78195950557338  32.20670333293083   207.34700350032134 
13.64821139877233   121.20304545055460  355.86043521760098 
41.63464757598904   423.37262105036359  126.46636952908113 
37.80861909275846   240.84874242714181  70.51839414166471  
198.77739748374191  44.74805295032337   82.36410248771813  
88.91330381028041   249.63511824361046  249.67032016016060 
89.32933648728591   157.82448217522534  268.03610416213405 
275.71134814457093  203.59982024276027  99.46413976491692  
167.13656260623634  267.50843380661837  127.61595044151056 
174.87672337223020  182.57400125511111  115.33850688090115 
192.39310655871515  414.65516090735173  199.32041352150992 
342.26469584786827  77.50450019841742   259.58197486788987 
276.56975478558127  155.70128280010317  78.37320476462102  
229.82595161853220  137.90014389248023  221.60473232742586 
259.16382376684538  310.29394082411079  336.60063816682879 
51.01995906047598   -17.45498311517704  47.99314315556867  
75.52106563992345   327.51173816776623  312.05465846035122 
166.33505177805762  337.11945359644983  136.80397677527236 
233.51329087413700  182.06079470409802  302.46793070116064 
317.90127189066226  150.31733850428935  113.38558339554407 
222.31099956987376  137.91812335798124  236.89947919426666 
305.23201277343816  305.50056820556262  172.36077568121539 
4.59754158303428    418.01501412469327  391.46175505031493 
135.08878205590506  144.94451596202984  18.51187444778481  
161.69837566024424  319.32113745385578  318.77729584187864 
179.75814630042376  299.22244001386400  167.61833718369948 
152.89698594136743  186.24424072785021  296.11603724427732 
142.69007320498642  168.68860449428917  183.36994835119830 
286.17071893738699  307.31549333702395  250.40032296199277 
283.00322002576348  119.56213413668675  289.98152987412072 
353.16650578867819  240.87937093256772  214.59997144038260 
239.44524326537311  231.36697145692881  228.50682534289407 
149.03659262136361  178.08062104710888  268.14209711524234 
127.14780611109894  190.17082717059625  202.87918344245651 
43.66153112994625   33.47604986923037   258.12763156067206 
273.24953462551912  125.71515490091836  202.09069134517824 
246.97788954204128  140.23923070201326  379.53583787708789 
221.62214454644501  6.63747362598812    140.12213110816421 
21.58956700946896   250.78962806090416  234.84915586909409 
327.86336731194416  208.25697243012959  203.88380329966202 
157.75193902913858  232.64385846903727  169.55458616771182 
243.50119023583437  422.84084879213924  102.12811561956728 
80.17495974326955   378.63043163963766  365.91204078651509 
345.62169313095171  219.73931222750329  135.32462123111651 
9.11128832684046    313.12556520572247  100.44221555617852 
158.38285491783336  284.81756802871837  230.19457598606417 
194.04212999025498  179.06889459490492  322.23268395715291 
334.54458462442466  83.55885230689344   113.35664193076401 
331.42620593478495  234.37740047828981  238.90435294153451 
179.32521117429187  73.24601318988880   211.47505916111891 
168.70845104279687  370.01692463162061  403.23962326758584 
132.51678441388992  131.50657003149666  321.84242884088530 
271.43857840129738  300.35628848735439  126.75244473941625 
186.60573091983059  96.57236181840372   219.98533509060206 
86.78870839348406   194.06299917920870  122.51029714855275 
274.64410062116690  81.15388994686536   395.11531491338269 
37.05859936659552   165.58670638401352  362.65171614329893 
54.84525125559432   -24.63036479063118  199.63193174475032 
170.11459268833354  256.25053341216847  137.58232735830785 
23.10686704645569   109.68016186787661  77.09186446182127  
9.90452968298857    235.77551524264337  281.13235472944154 
334.64599192905479  250.25985541337189  269.45609030312983 
24.79691190073641   359.59610017124498  -25.29954733510684 
287.99100543234437  253.60479059900439  60.05267492718085  
356.05864091466589  79.44332217967512   245.61932887274094 
50.07666553806870   154.39176939346490  270.61219992117248 
109.39803868219354  148.34321754135249  246.55841847736849 
316.50369891883435  128.74404412714665  76.69002578842543  
233.97466596516881  155.95541074384096  151.98796977937178 
86.26718742742858   291.74387624884963  85.52999039305124  
58.19605248926617   309.55653344952782  272.40487865034555 
128.88135179102699  248.67031222844460  197.22447369182200 
11.76379556161799   193.57386051348098  60.63723689043826  
193.87471346254756  320.84023693520498  26.35274545224331  
296.24485716852638  208.95680246288234  135.35185283400827 
44.69183976407017   356.18828800973694  268.22246984334453 
200.81337718902475  102.24126911003776  216.11561459975650 
70.88694950110686   188.24590002307866  -24.04588567693526 
144.34195392577453  187.60214627619987  118.53004415959185 
216.62097303477546  196.97381235150641  316.76548031531843 
182.44073738527192  298.49586011519187  65.47771781126903  
301.18749686813311  181.56176947714272  345.70005843055947 
293.42251332834360  88.75377753333574   304.51027275523455 
4.69572997444056    171.00448935116211  208.50429168325334 
130.85426704417446  126.52326037528019  -4.20540106995145  
100.40060654992007  106.75219851515349  315.83516214466539 
281.11176201838646  156.28423751525418  370.60977348268602 
179.22029846731903  268.36657754916899  207.53897893008551 
147.36257638835173  370.50197034301732  318.75541650117418 
334.11620821614480  126.14134307018691  291.96672322708457 
122.62849512138682  280.12954098798537  163.23554805783490 
326.92319369584766  137.27279028116186  244.71756946064264 
65.53837407872577   246.07468162698504  280.60197532783548 
231.60219452456849  287.25745019242186  251.75166975865412 
213.93362363795373  300.62672463118264  278.77232921540724 
245.60578283063086  372.25161318641852  7.49901260794678   
148.27800467501891  203.08742055685644  291.34684924437965 
115.22280598760806  292.58167806414974  336.57757884126397 
29.90800694871841   235.13534447615220  95.32257156731734  
322.44188098447745  38.34994219519717   166.91286776412653 
315.68202594520471  267.62881408826547  246.10482435499691 
40.33698314485994   423.10684063432825  230.13885357693414 
153.31351973700922  127.81104268463960  248.92797343775243 
96.82266061666638   121.56676052543689  250.49135337633891 
326.41406884592800  198.53204198089932  113.81251147215295 
295.39550370885729  271.77549573645740  392.22851791932726 
13.88587060989170   161.40347868830798  45.84683520112998  
212.80640495076014  281.05985904545497  50.02953499609526  
23.09801785594844   25.19069417417040   43.51587403966573  
34.78985781616191   100.96332011104450  135.07724979912183 
89.02607439475570   425.19038453330000  27.39293030447863  
256.00871430782070  271.73129808076834  303.66843140157243 
278.72178319975058  128.53011767602041  69.25613529452158  
303.99929385999292  220.86105073286689  28.54480099123350  
133.97538942733661  165.79745301144234  258.09234974315416 
241.99174315250934  354.45780057039713  136.74767460571474 
189.30119386706775  232.87694433679098  157.18401495176596 
320.59236797854641  67.80489490051565   298.06229634768329 
184.83808306614011  374.41116323025085  52.98852246303343  
284.55849822619399  322.01670524258827  155.28283244772814 
286.42253711949456  288.27855792515930  243.70497393091335 
239.03271695172975  165.84448063210917  274.02583602641704 
124.30837556634808  337.74165924684701  266.34827486856420 
17.65829844092031   217.29112694913752  34.57093409345794  
227.04316662352139  199.88491017284119  61.91526315028170  
284.37717574301587  170.93314496618126  24.46116459466751  
17.56453181719108   246.17609993813221  225.99103548787687 
237.36228371007965  78.80584626620653   292.06829955402770 
226.84647724286285  130.63870654373312  -1.44486958619513  
267.99943179985797  332.11100057159081  174.62916834645381 
268.69674260453945  261.27734378802057  138.96488885032340 
341.98124002604050  314.90685720588755  125.05350160406984 
221.71006806662044  185.24233452982784  367.05372838851008 
350.80781417737813  68.95028622683151   174.32992249024343 
73.19311008553686   219.87756288606676  358.44146965235166 
193.24923567845417  264.80485864401845  213.74084505340909 
29.61518713266473   263.59253979028603  201.18855193381441 
315.67902857356239  123.54937859032307  151.77539688147300 
183.75177119301873  39.82359779357915   226.86346854128524 
10.07185692930866   62.24564391888742   204.23924582155311 
137.37954658500746  230.66335282038915  72.33754602036410  
306.94335344645634  268.99483487820839  -3.86775804658294  
180.19656563356943  -8.67449902202893   184.85641528771819 
211.75728732857237  308.70062590800524  298.87230033322260 
301.53945373106700  309.08224352986883  140.41176914301585 
201.42118131266093  162.63906819264594  143.76181729321604 
199.14781447023228  284.18818686503920  259.09317511228875 
208.24423903210663  206.31814754564601  274.17419718869326 
131.45046921574814  -14.98729802833847  130.11242289158827 
309.03249614445502  286.53760834758884  187.93337551387148 
26.38554579469255   218.17797240814053  70.15460796770626  
26.57653919227751   300.47026426798499  401.94446779882355 
4.82053718845008    35.65685246933248   185.91021278497340 
136.15916954368384  134.45541055818467  146.81627344513947 
347.83448790326713  225.04376521584231  138.47976116068432 
84.26405113672165   217.96505360284198  227.85677827941475 
256.27705234481294  4.65272645544869    402.78303217918574 
284.53503066324885  199.07598984057549  51.88104932403695  
16.17640200713556   146.62841193037781  299.69807005375242 
40.72675350037671   205.28794326142716  357.88263174596989 
145.85782808695711  184.84988805169087  247.47181134689535 
267.16548402884695  124.40908146273328  348.10915289006755 
203.46504442120093  322.11159297399837  79.93270181648184  
316.39501911180867  18.29246069036762   115.39326194469373 
201.95777075578283  156.47517438714550  212.19495569288856 
282.32580645430289  376.45145201898185  254.86251998525995 
185.44432115454370  189.90422992147268  28.32134893185997  
358.18541301582007  78.37065992587438   86.16845671786051  
93.99788981179569   61.25879425718955   109.19654051149429 
174.36342355482952  134.03878256104025  341.19289225745877 
330.90433083788207  55.38833107014000   169.00521128618553 
197.76861443379039  253.39678036253571  249.36045070654228 
139.22173164754707  112.82445633781039  246.37508269549662 
48.36132159790071   49.82256747637337   318.91291036055429 
34.49818558208221   369.47654806016419  271.08157397813784 
58.71968528649877   161.48436839738528  262.33617553308432 
118.68756628371804  162.49339312542915  175.64611485438130 
158.42222276913279  379.21097694262232  297.88567987779055 
73.44059708303575   317.82524007576637  219.03350877881542 
121.69690682596797  114.41808842157180  59.94531197912454  
99.59900876189570   123.40132897686695  326.07800901080822 
141.15058103759020  383.64931881886014  296.67234594799379 
245.35945632720251  159.80974507889800  220.33152099649118 
194.62072913412541  378.03837410390759  161.58451652753121 
15.37354690162890   262.62016189394251  6.15021061099944   
276.78766160157528  149.27356369986600  117.13379867410495 
30.13270292193342   332.88949516587735  207.63719109845070 
165.25544672474700  307.88343484247639  305.29344090978128 
5.96013405871552    156.87432462106528  99.86802421832382  
88.97668344169132   244.30921686724656  255.77815370601851 
103.32393370239930  206.51469714282632  117.94580653488779 
256.32908370963389  322.49112835421289  185.90942572912837 
222.76670667854756  181.40751687898276  260.83451149357933 
344.26612109420341  196.91929556513031  171.54909524337063 
353.55752232575298  140.66316680693362  251.02261179306711 
200.17842853827213  287.94888224537112  159.30036476112193 
348.69944724306987  237.29090173724654  52.47601077389214  
308.54602854268433  113.03304307001305  165.40719687563174 
90.00382495712051   302.33676998466410  153.05941715611866 
241.85203956892263  84.88424170566090   209.12732098890834 
25.37988772212241   242.53462636387087  246.73210606707164 
112.75189061384984  347.14353698257560  273.66423707086926 
187.26582364917394  141.73038740647559  204.66017280312082 
348.95470874109321  251.12245070987225  151.01028913303938 
198.44192543187756  237.17387493644517  19.23423367468584  
101.33957231294055  356.66876246060286  3.56419954817699   
290.72476159418687  108.89463322195178  186.19289962499650 
340.58178939063492  316.69929875449452  163.99485819511560 
37.43301678654498   295.94809137033889  147.03663074335367 
15.91091717802960   177.41125011835447  210.50889562576705 
179.12700970226288  100.11214008759929  296.66139856901884 
69.38017320499483   11.84741032038778   220.67282978461608 
173.36191252009405  213.50689535614254  181.23719849420110 
211.44142547435101  260.09607500427137  142.13114022447161 
276.76622035527612  417.72431048356611  138.05371456817636 
308.04782565756500  60.24440265285682   181.18605922672754 
189.52367382408769  261.14268871535251  126.52332256603459 
358.79317298514871  62.64692698282781   343.85468203964626 
340.94338496405862  217.92713677886405  243.63865909941421 
245.06701321155953  57.42131582429320   214.76249220401516 
48.60095243352893   309.42373497791891  182.60962221306769 
243.17156884216260  302.76086987628184  134.31279437899047 
313.73730558474961  123.10922598632823  191.10989729571423 
81.27572782916965   349.70199083213015  211.86359545756611 
213.41564408903594  335.42808229843899  424.09819273198002 
26.24903469369846   19.88281939073698   240.46929034885673 
160.74286094728589  111.42325303379533  302.28594008603227 
219.98295752930747  374.73607443318770  286.89199338254338 
135.37123190453607  132.48932845451478  138.47591711794789 
116.35149701244237  228.99102209085422  188.96321338092341 
35.87687398541806   49.08023668492353   86.12578789127328  
234.82225442911334  43.96541822685995   275.14427166773731 
329.27195193899519  144.94565078071452  133.65843698886485 
122.90651353408133  281.26178067049295  193.50529526064076 
272.56840900673603  0.78197822411653    147.53386079485733 
19.67602702500871   369.85668076220099  151.86683681374961 
199.89640108623712  331.53344984902378  146.51631410527395 
219.60297322121122  145.75720180629372  86.34460621696411  
62.65168551692875   269.31923551033645  5.69715700622083   
178.72734420767381  317.33331356284481  395.42624707721916 
338.81701566619034  166.06006783834530  61.56292402489720  
328.39451984810819  332.06977186661260  418.86200163640143 
119.27669440174797  102.14618610366331  245.36294255748271 
148.01783188515307  201.17892941434559  144.27970452929520 
129.97841051893039  221.56020094473806  212.46456948936810 
218.18892326088957  194.52317047444009  150.80374682096513 
302.79605719746354  263.30007078168853  237.95528318467220 
140.72011995737495  112.95022666660560  204.31011598065959 
70.55857697741530   294.57663292531925  31.45817691051116  
281.65728984067448  300.44921387074379  370.32698091995280 
111.45619889169456  397.10249741014940  356.44034649111023 
271.12065244668577  136.36161014086682  241.51306982333784 
285.77478395131584  365.39911887688083  327.60688260333035 
47.58756267688049   144.86446230622454  283.21011242687996 
96.87643432921703   99.92344522622031   296.61930521111606 
45.75251604906225   350.55746654849247  303.00746527160595 
318.68137635278146  197.27873450858712  200.19863037433754 
262.04999834550705  300.58927121565642  178.85539218264512 
237.23105117007202  224.50634470152380  43.35361763042022  
250.97665142347975  47.67434682306896   204.65377318971628 
121.64900962006440  160.68278998429844  263.65339272700669 
155.42050769185872  223.86501257692819  111.58762084828689 
294.19839248614397  161.23088764375842  47.72098868670054  
240.23018408340678  68.14232383245150   304.35286760081533 
205.74123210760723  128.70413638054339  28.24392508978588  
221.95085825742254  73.47969759598963   340.89725749942465 
243.53340754057081  144.96737670634968  141.42312308315883 
265.93454350306871  389.54690630613720  115.70793983420542 
213.23669896631941  333.49040952147323  393.12083660154076 
249.24200675256787  419.77952994554255  128.08698051475773 
35.21280512905401   224.37601059759319  336.54747016673264 
279.71341011760808  366.82862053256997  303.24026756341777 
127.29251192494405  232.26264071285397  329.23804375046950 
241.76855660332947  389.67003991945143  101.34933331812067 
326.32269456766915  256.22010461879847  253.06272757042260 
98.57794570974595   351.46396422516415  221.71367634522932 
331.72151384322285  226.70992115859923  148.27325780350586 
195.45684922158011  17.19211259608784   260.12446936372498 
309.93476817234159  227.54944028409290  362.67194992403665 
30.24253338196500   256.57122166374171  372.77153319791205 
68.22295674438676   177.42939762658071  278.69753727879197 
32.53575934960135   393.69602548448654  304.17249280423607 
186.79128475292475  188.70309936378109  345.87852019202239 
227.40761681789255  367.78735263998846  240.86327637369891 
258.72403064276307  247.39830725121496  162.65434714689235 
242.89341354558130  361.25855079551803  193.09716560855213 
114.43736964878856  139.27763460106866  115.52398948655450 
36.03664701578958   116.65755713865735  206.66033248275357 
71.54055513021940   196.35954149990786  170.35509183261746 
332.27347734878146  159.24864974483299  235.18376309856109 
217.35391428156277  371.65259015345805  262.54868522034178 
255.90682198483898  139.78627205984688  282.54507993254822 
302.46932441203438  -10.26177041788205  242.22096177512006 
159.51210050532026  253.07968996837468  113.06324115631358 
206.41606697312787  6.28748806471793    307.72247565100241 
103.41773723459833  360.46381050591725  188.00491242214923 
307.20740135916282  -25.88620023556274  261.16098861057810 
325.04534163591165  280.26081778408690  226.21962672066988 
250.48038183711054  375.34495816930314  58.70811706804892  
227.45452141444332  97.00752286528670   362.31709132444428 
314.20021954446355  280.76887311728808  76.22728769824396  
95.32719684532692   197.18255216291502  -15.48121714157645 
343.44237669637192  60.96805697929335   211.92315732134117 
238.32338052407655  186.38348694159993  239.40827429428231 
96.96129209043100   148.80261780460691  214.17875202557190 
130.04072026159614  419.22339887549333  69.26740109466112  
14.08215859284590   344.00376489874861  276.83769682462554 
213.13876233748869  106.02388604625007  193.13472799495537 
315.86288216645050  206.65661328695711  42.29281870609387  
51.93267815215576   235.40979066425098  166.43052322519628 
61.41498897533192   255.98478666337576  322.33209759653761 
26.66773303669686   176.37889053356307  262.43475702278033 
101.15606305405144  188.23363585515438  65.28594857174309  
