293.64652170454542  243.46814534235801  214.68683482773577 
341.08185888660529  300.07161474511321  455.41840533817964 
26.65548491107685   121.05323773723066  146.88856928593691 
145.17252285515116  249.92418406937063  409.57202109258515 
219.56624317064978  392.56948783250323  157.53130911224520 
183.48496557022455  199.76618012842550  284.35034607459909 
298.53755417592021  437.72442993983486  253.66214076289296 
56.58622261936235   241.45548887304983  69.04453457139053  
53.32526252908801   185.45487710797860  114.11158816557432 
199.20624531792117  345.88031586518588  278.09254407528937 
158.14537848589501  24.74459640145901   4.98153438992804   
211.50639869064298  228.84304774461322  191.68721109304244 
311.31822309354334  326.80087241618236  94.54966331760832  
55.54045724004916   207.47317423939705  365.18000334682216 
36.21054620141410   438.11813396214148  127.33932853893563 
323.55620206014623  105.86878155717193  49.09079876883371  
202.84818961743784  -20.91009154867766  442.67404710357721 
159.53325259205388  137.80789616919429  265.75405350632224 
288.91806503815610  241.73064603274591  313.78438575736328 
204.27740412267929  338.87725551679620  232.19564367643889 
233.75931059617724  268.70781908726093  198.86707969701223 
52.97888741949128   269.45965031147693  202.21660048456775 
252.47987308425755  220.54874125326688  166.02885005168685 
87.00045569658580   4.74447445729018    135.14713956967347 
71.84527019066161   163.26618026808120  401.14787043975991 
270.04827527858043  3.51223465994656    61.51416879739625  
20.70022410275483   304.95441758255708  268.86381065145122 
161.38470917886559  333.07410938801684  111.44024686880127 
266.96466653125719  420.50848519362779  129.97563322241260 
29.26833740291198   252.06013560112785  203.75110813725200 
323.95998738409719  322.20927120076618  393.25706855991189 
81.15632375925993   117.71834946817995  216.54961216088350 
189.80165074319783  170.95378322749161  166.85306861296039 
220.24900144392259  154.79610477503917  422.73615931965867 
334.26091624640753  21.81408925662126   71.74307862297044  
231.26427287253631  180.02707858905944  92.08336410125577  
342.76467787703751  304.58262866355511  288.22397565969675 
66.84793184562918   143.16579550678034  388.72649851187401 
317.79320352638103  173.46155335912061  -11.38782879569123 
41.24682265366182   160.89914276186465  206.85535791730894 
356.88328735650720  425.46094474123424  241.22771958109647 
348.93188268726573  381.73294155669879  265.67935897768911 
79.71380630182146   351.08817917680693  390.36934856792834 
82.85972890694423   383.67444890151353  179.11425797036583 
152.42989899775810  415.14826293426427  353.02062645734014 
301.49246655907291  301.69297937228322  483.89568988871110 
118.78088465737380  91.25118952937765   -4.21204564834906  
296.44066264610910  311.60958139286208  225.71291223259050 
302.40787566511557  69.96668505870716   178.46957794804865 
43.44906963521766   496.71568100339795  309.35549779366823 
175.04863355734065  76.22491571054317   81.24516796740727  
14.85871671743705   441.02331219650341  357.55066111792615 
103.73173983538226  431.58192526730261  301.92748775160101 
107.41477224464788  335.67172837997674  202.86766270423985 
225.66676841016340  210.43622690185776  291.73546228342809 
104.26591252379666  400.51106834407972  360.65507725578868 
191.98157768037868  274.34609273155047  154.73078455583027 
108.68035213025726  357.70765451861831  168.31189540478397 
17.67343249105812   363.64602686985126  292.93225503982893 
5.87717108574087    242.16805588785209  350.75063917801788 
83.09450845006705   323.52580727549002  180.11376832473434 
343.94629654592825  269.00331830231494  130.28740768033992 
157.09572777175501  -15.66630900421393  22.09512401445440  
87.76897905681646   62.04794469508346   147.03467986072886 
358.66381342770910  162.61163800313884  332.94967302066959 
241.74869649061762  163.49422052898063  489.08072892943562 
203.07392160263129  112.78651805002715  216.12346649399493 
306.33891432568430  171.85590588051394  135.24015019514223 
313.61267215316855  223.94658176587475  205.04404959184419 
141.74849045614766  105.70680373897216  100.24002699617006 
175.60327863512913  182.20144638485408  154.98224233687611 
291.13463764320937  190.36650978862104  294.17698382455154 
153.77327376830792  341.37310535561289  238.60962566399536 
172.98276890290029  211.16739776763680  268.01920405831027 
72.81741199005585   85.54123141001386   168.45007253569963 
225.55795190294850  186.76541662710511  295.64876287061929 
271.34887157318076  361.67247747439217  370.63333232242064 
14.16781476411822   323.85108937738363  106.95687918335128 
132.04833448682757  408.46348909711503  306.75644599067141 
174.04593638893959  203.24995897678230  361.22644939033609 
191.46055234977669  108.90658453317445  152.18425785699662 
218.20851306865583  183.90008188438125  267.13411263707161 
1.36956069295096    122.57529906504341  16.56887773194572  
120.93404893661689  418.73062506514930  49.26042568754428  
38.87303446360855   380.51194390017145  0.39224047055438   
85.01980822290695   31.03175644190398   472.21594392601833 
223.52958205247586  254.31281331531000  177.99527005077937 
310.40377911815017  183.05576756994066  231.60190534867183 
341.30417543720534  384.55532838274894  150.82742355199656 
258.69681054245132  198.64871713404483  321.36068121042013 
239.31024655805399  192.19572604715631  289.43418216510599 
73.84611583215104   274.45687351704930  138.95223751152182 
244.28574414497493  3.68195918914779    343.44046470288117 
330.20149302120410  409.99466701136055  462.44872014050497 
168.15328131407421  395.42279187282907  220.53738203094997 
148.56282952222435  259.37072537104234  301.35043126521538 
215.39306478640873  -13.64400360724176  411.18017908559648 
250.91987292240933  301.56112333404525  112.21973428075825 
347.11912461778445  466.47577478799491  143.96204050701905 
4.64556654572811    99.52440584394989   439.86491797330950 
314.42464846936701  438.67954566375988  23.19079602170171  
44.83702642514976   430.43091336634052  182.26936100180029 
107.95957114251659  219.29579412110451  145.00080524824943 
17.46485164482936   217.53583589900020  340.60547849974654 
159.77278687825989  154.28602827752971  311.78089048946435 
176.30878532659690  40.60974614608330   234.70617602256624 
267.63702025935044  177.99040889609412  352.02410378615593 
164.92664874059537  212.41287982111874  339.68402903784772 
202.36538854181188  216.33739123051635  339.27834326656682 
264.09803401250485  258.10409776286980  243.98028821464888 
236.64296442286761  291.41890948230423  89.38121896968138  
348.50667050710229  337.78611410410645  347.53649466713938 
52.85796377985076   237.99288345507904  315.39515785317269 
218.85284144529672  6.37796679410496    389.31994184843069 
308.58304447873741  260.68726319062574  339.01885117193797 
111.13692944947393  180.36773783783025  456.54226530940593 
0.62490486884966    209.72620671041406  88.74765426838050  
86.32011999261748   179.57376804252436  254.97406852387596 
347.25207135874001  327.47464645303046  476.77699117588105 
105.29366733270396  469.99908448567794  496.82189922594546 
148.87950199464748  483.97047229449754  287.47588193886605 
343.23621036367848  251.78530821361025  358.09963824365485 
152.23392856552147  235.43847278414967  161.04990940886358 
150.79040955987170  185.03517512166752  73.44477836934399  
210.58357163784177  131.95450360369546  405.57390868802798 
303.87044873847924  424.56815646017048  283.10219689540554 
144.68007244438908  259.83867514512150  264.44933033128632 
22.50184965724693   439.33349952111996  323.68738689050861 
174.04443572094380  396.15553764098019  349.23871177866647 
59.47751252051331   14.95526241408447   233.93753701714937 
15.65164172415731   351.25789421463958  496.36884685984342 
12.88716071978737   53.09312094717527   277.87054991567140 
285.81398055564819  89.09869847217814   165.73559877118447 
177.19374144583020  269.51090168921883  333.02272471256146 
94.14927204916115   -18.61947965199192  48.73482520425495  
29.88557884374448   200.97213661186871  286.56243888341373 
343.98779970498208  328.18031002890541  191.33250817515807 
311.51588855737475  20.85507710895885   216.12810219374595 
203.72601556515136  77.87574311599948   121.78219225513038 
326.56806004654601  283.56998899745668  313.20953937159811 
88.30135204141908   281.33911206463119  145.65294954899093 
105.90436118482276  347.16236868667181  281.02378278453841 
183.90234234687924  248.13671170800365  297.25089826732750 
88.00419606739779   249.97297421229118  165.14717209308469 
232.66715875477084  321.84755585871591  284.00841372645277 
226.57632768553233  497.09083726023698  257.63538066020919 
116.52305991328039  350.21647968673278  320.30462539057754 
287.21416904650664  280.98365970034428  296.46097881185131 
190.86565404390822  156.93055775313934  185.94267520014813 
217.61293147076705  321.92902336860072  342.23156271367606 
231.36685388857299  249.59341892118192  253.63292970556728 
50.86473520860800   145.54059949592101  82.84696278327684  
269.14792898846105  369.30375213157015  60.17944085548118  
356.17753032287817  211.23489434467257  349.10638013518877 
68.42008103854239   244.71018840982222  0.63418380364368   
169.43326547816312  370.35895994554210  327.79002252657529 
327.53260055930173  216.62807857383899  429.76450074284071 
305.19992554145881  87.11295228637542   171.36979173096134 
145.39888833338591  174.14392234249857  241.96620685165888 
60.93415892612705   246.85041946144824  399.20581981271107 
172.54323961223420  294.80452926193971  191.36226138636505 
227.98199777226267  477.18384075900917  197.46600142313906 
308.91020798405339  273.31325749544220  80.71928498710562  
273.84141414850058  279.13686889566418  198.44544301569238 
87.92394985371973   184.26690939922190  273.14146675863987 
40.11858503791159   124.90643295862091  378.74153752426793 
165.52518142348620  100.58608467594084  403.55534486043746 
15.56919229885060   167.70176721058036  350.92751201905389 
291.10820532003635  508.44208131146723  123.21121302077499 
282.69075593957496  104.12069715243902  395.43191495289261 
153.55897801481882  56.12164528684494   132.62423252921184 
166.91609984552329  279.63348849042427  21.65683230222376  
91.12264696366009   78.19063516059640   74.43884143477246  
128.86749214821006  336.27554858905233  7.86160102284558   
32.43319291293987   74.50309113022607   107.93043191335158 
57.75214271833068   522.38450181462952  361.82397418088181 
154.94524554840942  266.56031139384083  243.37952138478656 
87.98544885855084   11.19101068221698   391.44043732283507 
90.87839028017130   77.33615330900000   232.71872147934863 
245.16719752469649  107.32722565209687  355.65815859890580 
89.54755620279629   189.78483086034075  37.10041510098949  
327.83035115838777  272.17801846900005  325.29853870596060 
188.06633175334332  52.81217748598428   119.80238775088696 
124.64039584817120  393.94246146952821  420.60110309159586 
241.56699597213398  102.50990474228854  227.35846102306655 
276.59290509187326  172.19240374542750  163.01200710373558 
261.15563832688395  372.38858481380703  18.40039216902514  
303.14233933123597  422.83424550339828  81.33688891359461  
99.66451303508485   128.84973481247965  469.70384757033901 
112.41473391024557  105.72907122856381  355.37977317659374 
129.79953584715227  172.68047248285052  50.49787402740995  
269.87283497824211  207.59022545098901  207.76504603175150 
335.64203270910434  291.90768340627210  217.80664257163482 
63.80315177226336   185.51777307817659  234.08792348588719 
309.25647617364626  81.22972071838046   211.01149907523143 
8.97767692098884    213.53990940000722  272.19805413940020 
213.24108087842509  245.08227258355788  242.96076959002662 
274.35234179513094  199.13194304326521  317.94156792863726 
302.78773755629646  158.32677793792774  33.94204930200505  
115.86327185189073  199.47831513723276  281.12484955838767 
165.64010959864362  433.50774134733228  360.44974275702134 
172.54014983003867  288.05285558129640  413.00268476271418 
13.87229646750482   356.96588353526232  471.89491847557298 
76.66521159714969   213.82607583103666  179.05782129925814 
253.69925911401538  178.57475870194250  132.30025139568716 
354.94714023022948  425.83989146584258  161.63816173103800 
94.94758799569625   499.65449652300555  158.67315730697251 
110.69071745830334  456.02911977298356  114.69255468467315 
221.36991376253516  440.21771269222938  453.89804932542302 
232.32245605394837  241.78171120927988  284.71043485238499 
210.85499214687414  298.69006983280934  452.95363540840231 
133.28726187598446  282.00363824053261  339.29507149727760 
19.50122929142798   154.71661029097899  295.39442860256884 
338.06363511707536  483.14351583897536  253.73798781713373 
230.52472271836305  104.99869550537019  147.44449728965884 
276.95419446701987  441.41982325220010  296.98290739136434 
31.31243652250476   181.23753539536727  90.34082098173545  
329.47512788453304  228.94732162453701  417.16087454524597 
90.47013745017172   360.85856866185895  309.40844216272797 
29.67192089735747   288.94831344977626  376.81171814599753 
138.66764306797660  464.22135234539348  115.67219119360934 
337.20845152428262  253.14145605755394  38.83714563412161  
44.59677998046664   262.93502155203203  176.51490459025092 
328.95971397104785  425.57926364011735  108.79728251368167 
3.55389125491129    184.14261182421563  67.95666295788095  
39.83506322779409   517.63568987504027  494.00326383809420 
287.25783913118858  231.09538284839940  143.86863513607148 
209.27174308299908  157.31771531232397  380.82236120118239 
236.52029240694114  261.34748888686272  482.55302780881436 
321.41498633093539  395.71199450806182  301.14932665194800 
264.87993266273304  198.11864078438893  138.41175976205045 
84.86861618701441   318.94341109233068  225.56660711041235 
69.51436257625306   331.53119177815182  132.78362437047997 
244.00696566082618  25.53807209163472   255.02579059043910 
110.91114104756333  168.01852657139020  105.88351692606039 
169.27867421684260  321.68700923917265  365.74536448871095 
338.67853630114632  456.80999019375736  514.82955998239970 
126.06164261998950  226.46176968098558  50.17012623641105  
5.07604929591619    84.63795681747280   182.98209851656719 
100.16192123713931  442.59403947804560  219.92629121767803 
174.12363743791369  373.16883297678612  227.43118004715805 
44.25686277188366   226.69968936942382  81.97882273466661  
232.93188867569339  350.55581090511930  180.38693163843840 
238.81201794625173  320.61608939580378  409.14241432503093 
334.40083927682713  181.78836732001463  15.23933119108074  
331.25335877572616  72.09959891359540   206.72582366454341 
107.94732205319046  167.41327044359710  187.27307847826788 
349.65454111680879  342.15214965787334  310.94880283459418 
160.46435697591718  284.13390393831628  40.77673274348979  
260.32272791771879  -9.44404244210534   309.30393862940355 
354.34030339350710  507.78653034805097  252.86162840013276 
174.66183270896434  297.98623386761386  153.83854328634550 
155.68355111342294  415.12164344425349  239.77343900310061 
49.75237595806560   24.60142090536328   201.85882403176458 
225.88340194327864  14.31761485485598   183.92619680485922 
51.34342682608930   169.57113205149827  136.49197236267952 
109.18829243584966  465.84130632337997  349.03310119594033 
248.53801705392223  49.80461997044793   482.69090955348724 
322.02059463534039  307.94607174208556  375.38229676883964 
318.56568229107211  48.47461027949041   177.16863336004775 
318.92933019049036  172.12268111069460  422.26071098465354 
340.37613799758270  338.38965861709551  59.24485228771420  
214.00827223323265  407.64403287926359  118.11535772425754 
66.76911087354263   310.96004135859346  108.39874934224042 
358.88373289824790  204.13614371795703  259.26806458625634 
315.68446981412586  338.09380935331939  291.30459956146120 
215.75363247391289  277.19632341198576  145.44822051224287 
130.97786657168902  221.40918142371768  370.96603789056525 
137.93346734555573  187.91293130958684  163.31530532223019 
184.35717541585282  128.95730428060338  290.15299782048908 
284.43405763052806  93.83240090874605   205.33358201833573 
250.38900847408570  124.43179389674003  52.50731096561967  
100.47965589005993  62.89204982127947   157.67914105390901 
16.50928960952836   189.53764367549462  129.85750585928218 
10.05547282126706   126.22671124506060  168.52526017580678 
285.07930550774103  454.05539763413105  254.79481528174139 
312.69395544519961  451.01127026648408  325.98735330272496 
6.38421338012091    432.73786367924379  30.02809597013029  
330.36750015406398  326.52538052532310  196.13803987972528 
347.46426038076027  138.64849902366058  526.52939841844682 
227.01012857747955  277.44390390637454  230.20851082895246 
275.13209770969456  138.98803835166979  221.14526710118980 
9.71425925975723    219.22124384484960  455.42390186264225 
35.73362841951323   358.90920871335061  193.92711681835959 
162.58297733887630  83.41383123796172   296.53365186038332 
354.85898837085898  273.62643198506618  183.82457892497729 
225.57929776921031  412.38539354412728  205.53218614988987 
294.82934745221286  152.29195317040791  216.81123382891764 
148.84500610607898  329.94785281506347  154.30944581603075 
244.39800519207819  253.13569974610252  489.70498586965903 
71.48921505125972   258.70254138554799  291.57664484863841 
185.34650851074989  141.64168862678855  91.29285413714038  
315.02792848278801  307.40898395757137  377.47200276782672 
292.13606137784450  150.75901126996860  165.10371904125901 
271.38935105119896  237.21388059223011  358.87245909329420 
187.37722609475932  241.89083187586797  275.88566681968013 
279.94221305500810  286.69035348169251  457.73537373598379 
62.43854247952527   407.96046025953069  172.79653591936278 
49.24399019427891   402.86700642871642  210.18372364763684 
220.08638923414162  227.75155569027226  165.18145319822247 
313.92187649800894  468.74631382493703  470.58276163954480 
284.97914939481444  405.78823829231686  65.40200139358114  
49.51393557857357   523.22181804908837  295.23906360435518 
117.68888239157438  403.67677463145856  358.81880463731557 
313.75519708678064  105.64810921073075  3.20775460629517   
258.85097533260881  229.62908774632200  -5.20254732632560  
128.30273308581107  292.29957728902377  186.66807279448980 
171.07132057215927  127.52916742353574  102.84679937763991 
191.05570060830865  238.77624295178941  458.06839048041246 
272.11278794023855  22.78028891733430   448.64889529872903 
281.71582333719124  191.59573211116208  102.81518656467406 
109.72892651564831  279.32076457782995  116.50402994313453 
30.28701696291633   437.52132321000340  391.12596179842808 
21.49355559020012   510.94795850159113  392.96108670948149 
34.94207931255978   265.35264141751242  432.04761728421147 
214.56626905623037  237.91241802133266  87.96958121730930  
150.14536082637025  140.31925851160582  216.59547691988112 
140.99880492050767  35.48395806927823   156.95081421553306 
150.72997835832419  317.39266196313793  294.38182629087532 
277.75982103661227  361.83900055326512  355.37779276347271 
162.92568851949227  456.02748666150211  130.91321682957039 
123.34967571520728  353.27045778402169  297.98331027821018 
239.11276343361061  294.83231273013598  305.93259749230640 
346.76253079488089  107.51355509586531  340.93377982353388 
98.48447577157344   209.00591356356284  15.42029705462318  
171.04970633038073  342.99311052151359  147.15578964494199 
134.54970343738901  149.16345204653538  254.82210195307252 
214.94307305934413  392.47996852817505  303.53825860460483 
275.48057404629469  173.83139065823582  259.99947918468274 
343.08605074325675  109.77293462243497  139.96032855850439 
96.57371856475200   418.80994324004382  205.01735747087969 
257.66827912650956  15.80431305969253   270.37995796915658 
117.71697582630983  434.31040868539185  269.88731850591819 
306.72482543705007  399.05264750982462  376.09083309944134 
276.32068241588047  319.34622414187390  385.57167241724596 
252.03112590116689  331.59470873556904  245.10824641227640 
136.26429586524867  85.90231186574709   199.70182835639321 
162.08804946835949  25.91550517028787   319.90637757245702 
159.40713038387921  203.73253700949937  261.82894320150552 
329.47182550704707  140.61676368369100  128.51461353657243 
3.86808520604994    378.22038971345165  332.21906127901934 
132.80082127949430  394.01876188351758  224.48350216030266 
9.74502975641794    307.85083813806176  138.03474853828527 
173.80480661499138  182.18411095949176  125.10407321553242 
197.92377981679030  294.08006958010384  237.50684847217229 
137.49235167938730  156.55258627118991  216.71455422074601 
6.76353518892652    300.63830796169401  218.59911318931756 
18.42962910073126   386.78209704343976  190.04288674840180 
353.11303967867821  95.40313329172113   245.65058824385517 
281.56001745562571  197.84086748695910  20.80343239808349  
282.77493152143097  262.04847707635821  147.94945721147610 
330.83402302965266  412.30796631812251  82.18744111866744  
38.88438705075231   304.68761771194198  60.56986649016972  
5.95277020220592    395.49635336608725  240.69682245026320 
35.10729343444432   328.45917116317139  236.33174306400809 
357.37993810976957  249.50746067940236  210.86690647475476 
133.21462447702439  337.81182676353296  165.94823109590894 
270.88896145050609  226.40665158800826  138.40798929064258 
209.72739770324816  322.19877644089934  201.31654355072612 
162.01414993042172  318.25842630661043  295.09589222553711 
129.97483029737745  67.02843274302762   492.53068188795430 
83.61846342992536   395.13192806790039  264.50038657938359 
252.73606092298394  262.66503179199509  78.23071591875234  
148.73741627954212  421.09246951510681  340.73412894565007 
216.00902452510496  136.23310938333455  321.37004952806211 
180.85839726723981  161.49126399569866  365.39893812516925 
38.36560602569516   128.73859447118753  379.25877771975922 
96.72647488115426   343.59702291845423  -14.86319180570371 
176.54348358623591  49.57207645811513   371.56041261741382 
315.80845886332230  181.07029124570658  144.86303343511668 
130.87831722170569  156.69745969379198  109.64084721370364 
289.32360227303991  -4.31027065649070   289.80713334159407 
308.04437241795625  168.29636433035824  387.65399075359841 
282.92725711516221  308.94813432316437  513.32497671180636 
210.78413257547928  122.97066890079097  434.24609514838869 
330.14298056667360  176.60313490442454  141.15409848597301 
194.24270221710105  355.37908841467936  243.35167922306883 
261.41573783880307  426.28704665212769  445.70233686840038 
14.85638568560410   394.25267607753187  376.09398095553649 
295.29123982861984  156.08077191281944  138.14368290930236 
7.30530293700909    12.21917243791228   232.53764140134913 
277.61237628068210  284.80038600143280  267.87157202012503 
225.18142721888350  332.32768688468252  477.10777523151745 
6.46197587025628    388.14769192790789  122.15507685315771 
193.27028681869197  277.00948064697985  178.03038667456576 
246.15102455520437  340.98101173581318  360.19720838583709 
160.29975736354598  327.68037189110805  319.40624387377943 
270.51194579401368  224.51658430898505  75.50753774920955  
164.99375780687834  -16.65143229039927  293.33860671006585 
108.15409728588286  388.66977731459440  182.57608077272789 
192.18343189682099  219.34628800477759  319.52116011134848 
280.17553386365904  248.54221453186017  216.04231725461952 
210.54603737417531  149.05311925267569  203.55491830330828 
190.37752740654747  368.87838673373415  456.59807290643107 
4.43449521902182    411.85318401512677  172.71891503472807 
130.55970417188792  130.63728004699652  229.38720068491367 
67.09186544794986   238.58478134883444  416.78174307402617 
348.54285420182993  364.24509873652892  6.76676139002615   
227.76403650293196  216.32523982191796  468.22859256184222 
65.73429129601001   131.87308298719097  227.51656886351319 
50.45635839128111   381.92330828230064  195.31267444369519 
296.21383583046253  280.95477023946580  304.65383361441457 
38.90915737506369   85.89428260552211   346.92144711191861 
52.54892762499183   184.33525607784406  125.76328254413571 
314.92404576188568  371.72641109567780  401.92110015379751 
346.94899410557150  176.12270236596817  197.91976140628037 
156.73665061470226  174.23679666041977  123.91107381952027 
49.13993403164157   208.13012064196505  236.92211231475332 
285.10751907083710  420.65459792627746  112.71272380797259 
68.03571185862488   335.93232641871828  437.90006206975556 
67.81005319201559   263.26670243178739  446.33724762333395 
345.90280830169581  401.88395893006873  260.01592752888956 
289.82267987651920  311.28893480137310  128.38881190798537 
296.47599674891876  229.85679171373960  217.89854413462996 
195.57208352044327  338.36298374294893  76.97265461106664  
0.64074127897872    317.24477010120518  39.88769163515838  
37.46646493689315   131.31716312008999  133.77780931274987 
203.01856652936647  198.27547941105416  403.09608247141654 
207.02428042094394  308.73645386778918  148.10213164171844 
47.65509265293466   304.23726594343191  110.31133843372010 
285.20967833093300  303.85559195494693  161.87645670497926 
247.19230803323038  54.40809001037209   28.24264752521808  
46.62721287643703   231.23882937916923  175.68252449542564 
253.85199432296557  373.32685748267238  286.41638957318236 
286.21819742209175  497.09496033832397  310.48832880200791 
162.98454434872144  202.64632428265688  -7.55084044784672  
21.80241052727663   271.05680046387090  376.29835277112858 
143.70083132800644  30.33318974192571   194.39078102669995 
94.34797785853333   232.94023697819199  398.64940667003884 
287.64394446397927  73.85119931508865   243.35929354147680 
39.14194919150199   202.74986025472398  287.00905514283414 
44.71765252509710   360.18455461246515  297.86124853566491 
234.52396357175769  5.61779184951718    151.89662904918424 
33.25500447537866   140.54147748671937  70.06077143916082  
37.05817549158959   398.03370227543280  523.11314569570686 
117.55148861567559  39.16038242767888   441.08582568728355 
280.60565453353092  261.00706462719921  295.85177932565165 
226.58573901445155  274.72329428092650  370.36625814953311 
17.15714184083385   203.85359200886126  90.46595551656893  
286.86008244886756  259.96165936924825  146.39377798875856 
224.72635279908144  144.32799376415485  -24.77632781376337 
181.14339043424738  53.22480850196595   219.48505710348181 
99.85243127277005   133.38952139206941  43.04795650681729  
317.84102255388842  196.26315697117118  234.25486154751644 
289.55911318610180  307.84958489566503  411.44889438413196 
97.31789124160305   363.10906437578979  393.78674626686234 
256.54798965396571  309.44727005719977  -20.99560040667836 
316.27043367384817  353.67249493164064  204.60949143824951 
2.12903392230273    218.34195851807004  66.29062074089467  
234.48191314225497  211.75989659876180  121.27637003513604 
229.13426783752743  289.14202621413017  335.30901036329533 
210.72655489443181  364.31975492556148  442.81105808300066 
88.63618977292786   99.31853936743698   231.42381422115784 
332.34662923201404  160.43272413821768  385.08029321248051 
9.56943608151668    155.06582389317458  354.72359168721243 
78.67306245504004   266.46419399628286  99.01799231184771  
95.70786199376546   189.27546627250496  103.17398359369858 
103.16221255742691  16.27843844799798   309.43011964365110 
226.04528748535904  223.09347390608525  359.78269686324995 
11.78521211950047   387.06795702120019  224.19682958473004 
306.71484109631615  131.25207107713160  165.12091713894978 
273.78254275088881  42.28912778468626   135.22088146223672 
272.49010714770924  350.23456825720956  304.91500448814605 
216.54197844070003  41.29854981502243   476.03561278136613 
216.02605329005110  347.30320592097058  225.39515655873609 
54.90380596488824   495.27265892043835  510.97648075475274 
129.88304586736652  497.43670141776983  285.99070220420526 
39.06121548562277   277.94062463539456  18.77293724391700  
332.34858456865777  325.84464937537678  63.00549456467414  
148.18674242459221  275.99712498327767  216.92354815856524 
76.89043155397567   306.12663709911754  223.99473112905716 
343.24787604806647  378.24693842404719  151.72948348357681 
63.55042794620562   219.92653691783812  369.32644552174219 
178.63823752223038  154.12083404808217  269.59343537797531 
34.40711583955461   510.05488762162634  313.59268770956845 
147.94036966399901  363.10604831456203  273.65006327000430 
326.41725611760467  399.20692851274157  327.07135626815011 
164.39068418506960  131.54077890245804  321.87408056405445 
11.87047652580340   273.32077995822493  368.04131932829898 
303.15158894454981  238.67762665190838  97.84730475143934  
82.35657318372716   339.90807899984839  55.80585337753533  
104.81935902600888  55.77170328933735   236.72978129263930 
127.23959923470490  278.29181129779471  508.60073010521307 
49.23668565579551   250.88828214113099  388.43451514583523 
50.77148090815577   86.02964652178935   279.68021441935809 
314.31028325741789  309.12878179716074  216.02927588857983 
311.00389931462649  222.10726142342938  447.51466107529563 
268.27157992697977  102.32267371635959  20.09255877850953  
78.82982774403084   240.12178626239185  106.57890503601678 
127.26576997263830  174.37492569755517  45.52371639878345  
182.77830415703212  112.38828550235280  488.43407376879128 
25.81935786242529   245.38456681275301  35.39416223564453  
127.51853552936799  239.74431713524763  343.72366116907943 
132.96806091829077  403.61219575167894  278.92686643507227 
54.06487401352283   374.85929996343418  189.49982220130440 
63.29487519384430   336.32893189476005  46.11150462850810  
316.77303321554552  355.29595296339176  470.29403527578006 
78.08336463729954   330.32900451699425  232.59670604763721 
353.13176536347009  412.82867890990588  205.41679202954126 
126.92938655998478  425.44266605955517  215.37158492564296 
41.93669439993035   241.27823040721418  286.72536008955933 
184.70271734653747  275.13710412608538  8.24748403517168   
121.06062301715991  171.82937212129141  296.52211763790848 
354.98809296594402  59.59790394919412   114.37443361070211 
259.35934585564922  159.04379763725788  51.10127283089963  
319.99524970299916  334.53566826341427  426.45505061590768 
161.60044996910213  126.08867057549774  498.81173843227043 
101.34824255296871  221.34160462308975  191.88949949993687 
325.79406947059351  321.15002833320250  365.28018120953175 
62.53850583763496   238.45134861630498  276.43380280341438 
58.19951550150410   366.41385598931828  22.61532436388850  
328.58320634936956  312.16413841437554  241.57011811460421 
183.31753755552131  258.37572983449263  344.23092491022862 
292.12049741058354  275.91966858050489  329.14817039843211 
49.74528747844220   57.58858924605747   324.28427352029837 
215.18558211824981  63.87321262919579   240.56649996307763 
197.73689876891339  472.07269028035773  333.84708201717621 
20.34515656126382   125.85543903989768  285.77716306710806 
146.85884811319377  89.09974407465583   215.79969819105833 
303.01912130730165  404.80524073492370  165.86246541284777 
195.92272447070258  281.16365916592230  135.59286879731746 
72.84120898596399   428.29533100408173  267.31415470916272 
318.03797957971346  226.93788895548269  91.09900432974041  
156.92367928895447  152.78532593062948  389.53113332762189 
144.36339251134734  359.72100558439769  332.20827804145529 
288.39542423359921  169.76964878516029  87.16614064385257  
350.06519560987664  175.57861909468804  433.93165773824876 
286.24054922225605  171.85209621466512  380.65528249217778 
202.54053487336907  195.90092893624723  328.51751710860458 
210.80685875717217  163.02964081326252  398.32604482996032 
274.97581622510063  378.67226472443042  277.03391598883854 
9.14854243415469    483.48820395907615  520.55886675684349 
227.07146207435756  144.28741843396642  256.33725219399599 
291.25621432842399  118.22642677550303  192.66714655325552 
202.68970152318565  298.82535012703801  -9.13290863094346  
283.80977829516632  190.48310170664985  434.96010168437078 
207.79541499834488  432.51375572927640  229.31984908958228 
238.63784015031402  28.68035191668861   274.56495029325799 
319.13574455442074  268.43098728368022  311.23657062416794 
254.06160468006436  132.25361188074393  88.98212857279987  
195.40403787593198  280.94666450040523  447.20587933842489 
24.45968211424086   234.46508526803663  418.91463120529636 
187.61553689871619  301.08535245064110  99.88069313112919  
101.80346731120504  219.34018862930228  447.22826388598037 
52.89687246496425   118.08899587020451  240.15437596652765 
269.22863970758641  509.04078845977165  209.50459564562249 
26.17610818206305   254.46772147587311  259.21873741501184 
180.46628054186587  -10.23729267795648  145.28847151655833 
253.68471550863745  285.68144343847518  350.50473917893771 
229.69099443123571  140.01995382172535  298.63314128513616 
201.04815945461874  303.94943538764937  410.36996718339753 
110.13133387455802  275.74444420695056  192.43890087097253 
155.94011451694917  77.43368322959620   156.05639847418158 
66.63057985192981   56.60021860901975   186.95179558528457 
340.56624578175223  300.12751840106250  190.36998962308465 
199.46272624516871  272.72297660019433  122.13355670440947 
263.39600504887460  351.48540841040676  235.26307523238444 
209.61973449561472  439.32365160935746  88.12487614702667  
307.96760689604696  306.86217559402127  388.83226834221739 
202.69192696638765  271.99733628418539  248.77825797790146 
256.61625677976025  139.86527724378175  339.46763095633850 
358.46727465821016  228.75778122249625  141.08384160283921 
201.72254655623456  281.45492176487528  117.90603090017461 
143.90601781217552  251.77970169852500  298.83088917815104 
136.17657542950639  131.06590782406622  218.87071763515249 
182.85662634717360  292.29552330286054  313.59934458471042 
276.32273194117113  348.64567570733197  348.72368744237247 
142.26514421632572  225.24901711530512  385.79038431043239 
9.50300994400117    294.80869635138436  70.92358468258848  
300.84056398022352  25.30704154374561   262.48096288109770 
228.39533736429951  328.71315956327805  163.35053002111840 
225.24440102458877  428.19044007164587  164.28494620531592 
139.75930868052288  325.69485672062376  72.02404102774074  
10.47110016196014   177.66664708109971  232.81101229202875 
193.64507610993482  181.27279946991757  107.07354602896461 
304.00144532951998  439.83263792952374  342.88401210494283 
158.46899389042386  240.77793153755124  273.52644371960355 
145.33622522173530  -6.57990914779202   365.44583913297726 
318.02887159154466  207.63689209249588  415.85400354709896 
182.54720424525280  295.11640208997983  45.81424424321563  
17.59600568590208   260.19252156927962  325.35067034190797 
352.08623902103915  145.80559548297015  423.11356657924978 
191.07181416083421  340.11137358035791  246.84309132260557 
345.57159635811541  215.41013507463694  219.87577353993780 
354.93288967142348  279.48991058295047  72.09531557328324  
185.79204273974619  250.09025765476562  294.32394358588374 
185.47462511056159  470.89388051896560  457.33352938424571 
309.16608736862725  245.48724440115029  252.85883255884625 
56.53569008294805   168.12343141510939  348.87741872270379 
254.93584240646456  156.68723517799992  248.24057588570744 
250.71336783707224  182.23068011767765  287.58173010314584 
141.63113895915677  225.88029840530663  135.87026773911452 
166.22635624811707  210.27927611246236  170.59133359305554 
195.58003932404765  113.71346768886534  142.81737890391474 
350.61980581496312  185.80177638495297  127.04980683255582 
179.53613632893482  40.89569585510696   274.11021377149552 
91.63463352041312   468.94072868340970  238.29708785755759 
254.37303970982094  221.72188849252439  224.66173747137589 
81.90572523586081   175.64883629504291  79.77935106087807  
17.83386575366320   167.81126372764066  10.10000727319903  
241.99604436848600  109.08266369973691  437.74055889711423 
103.44450547127178  239.04257696048003  396.14522288419164 
56.60771315171562   165.73567403119921  77.25139236673974  
178.08933123226629  444.11362805846272  167.33512144446476 
160.50607123553391  319.76098074578795  128.69334043150926 
297.03827631247856  195.21269746824203  370.64365626960694 
247.17851331736415  116.21339599137761  511.54442040694380 
28.57793858653861   141.35969369526256  -6.87659070754313  
299.13107338310061  175.24587011473841  -27.72703944674072 
333.03464536166996  492.92476651152128  457.19017414598579 
82.22687966234403   77.34568190040591   241.32936985891038 
194.03211303346188  379.14340875092461  246.43518120286981 
147.03917182850844  -17.69590663981973  417.79430334986915 
13.24348939103233   248.62094373153033  309.64222755489652 
94.88128279836421   222.23204903495002  346.05247840980303 
208.21933371558461  120.43421580433468  36.28322643380756  
324.92968672498836  115.12812598242004  331.57966440099210 
288.78880450448872  446.27691080237918  -16.30705224201523 
261.06348233537886  511.20359172686472  249.15793937825603 
124.62694484007085  185.40066511952369  519.86553802880053 
255.90481182579268  433.52351224502524  303.85964285161958 
237.87201246275873  374.81703370037769  -4.43385945613832  
8.11555087441909    272.78312793917098  205.74220896281068 
289.15848553029593  218.36585621630257  70.04048631896202  
5.66597837381918    321.52586170820575  298.75414586378935 
112.32576898842171  77.08861173527828   37.67283058578093  
218.14867031892757  491.74981261970896  123.09528256772306 
17.68650171108168   396.41712578737616  272.25604757486866 
51.32939220337691   212.27740214918362  428.29798851268288 
282.30470120743672  280.02645191997078  254.09943814476716 
266.12486643213322  168.75858609196300  199.82637032075689 
128.35708499667541  58.26640044798535   274.17229290206183 
303.55737596475188  345.87255478714206  65.14281026076731  
21.98926042233591   343.36682027236941  339.77274295768808 
345.21468127548729  342.66172562010433  192.87563912325521 
174.72618119934222  391.57546236814756  10.75988863270430  
258.68018833033358  357.08722364014494  97.64002384097935  
281.25526557409989  337.84509099967426  473.51008051826875 
44.05927537434960   224.75365171341096  378.03701733454966 
180.56635047458701  451.15290969809280  363.75028156357359 
227.68083488670410  283.42574300314737  164.83036583777050 
165.12077732370781  351.36747433603784  385.19706622649113 
257.79924340562877  362.19353243876873  202.36140618303855 
75.97810504473478   322.86208990070475  259.09526985568095 
305.80903755627338  268.75456259757567  471.39717568576765 
90.95472335315642   160.92201274215446  42.73830120600218  
359.48240992470164  92.07099450156483   189.99675350832169 
333.99820326536832  315.70124166531207  279.68958295110178 
334.53382316381749  502.49916460030249  63.12898235726274  
197.39611879985165  236.63848978841534  401.72939260127669 
15.86105776122519   522.48031911800558  366.81551031227110 
227.53617234816065  274.60004022658660  387.84567626986905 
207.65431499623037  141.16315678426093  372.29901417940488 
174.50850829473038  162.12766094969749  329.58495526255717 
252.54972752548389  351.35606747454602  154.54525858523786 
44.85449927619587   488.61508373769800  295.19717669900695 
8.89243841283901    75.35162963570428   113.79650094246284 
39.22141125645540   30.15709690656553   135.44168384605217 
197.34723760460705  188.58170803699920  379.73592081422896 
228.08343625261335  390.61158203518119  121.05171894738530 
83.01250697521563   266.67342208747141  51.40905341731565  
157.94868609191889  462.92832710364723  436.32596817445966 
249.54002264555126  140.47288288390050  379.82941109858979 
296.36074933784937  183.88024516045857  233.24653418019201 
177.91021045052432  214.70972033231416  215.66079049803699 
141.79137003978505  255.67613224805487  241.25167350609254 
352.17551778425292  -4.85460240465275   213.13340607011963 
275.28943456371655  491.50078613106666  131.06244895403788 
254.11873455229957  473.01587432181338  198.65967819020270 
252.67172474460412  279.46639257096854  196.92791402248545 
54.67236542152014   224.45864349494019  126.08818805628330 
70.29316247871503   167.36665685288210  415.01894401752378 
50.21915615673100   248.32394518280344  43.94054871797911  
224.68894679344476  322.47141132318251  203.48396963936491 
239.05258719408002  216.27389424262589  388.76677605495348 
286.26134758745752  38.94447781374100   214.27673955411342 
319.33910346932521  -0.81396895116436   213.67554866901412 
349.61388303425468  425.60468506767609  62.98501854352025  
12.69433777511231   288.03992215258984  205.83367061305441 
291.69564753035331  341.17934426202476  245.74229862520536 
119.90368425114752  88.17224971847958   193.48503394678542 
91.10827664385472   218.26239450000929  252.06833297484306 
101.42884203837575  47.04657886270556   341.01584376520486 
355.66780188837265  285.77493821730894  73.60514077108519  
64.42370721087353   324.03699932554201  348.30310337139258 
256.34822585378964  241.36338090538263  212.98964928924295 
299.55528446946511  202.78337610930868  204.26007529754725 
183.07953328458927  388.56024974550155  319.38072804557959 
44.38883200658222   151.31853294980198  60.50296269187680  
359.21782199290175  510.24202427414065  208.52187573086019 
246.08290591474449  331.61360735728249  240.48928462643698 
338.80619848163036  414.64437592925981  230.33389751150827 
143.93379999121521  52.78235847612655   11.27601709105133  
136.18689304813950  329.95322664702962  359.59485013053637 
76.58396009437968   451.49420937502066  36.40262545428052  
272.80628524925220  502.61175478168013  295.25322796543048 
309.36407848250275  452.20628256603197  248.81003618590756 
187.87223671582643  256.60018771470442  423.79216301724284 
186.36769424027665  19.21725747247046   84.30943228472088  
286.84647731088137  202.16597553993753  207.75378690028069 
57.33233589776650   315.66080488470317  225.93770944328065 
205.55316954694518  172.75907931398118  365.44752876355147 
66.79775416084844   444.91675838473742  390.14189117620145 
105.96051691964760  10.85936141072682   271.37454903454403 
212.37899975647676  201.20004023928487  221.79461214529374 
251.59685620795878  305.49060735194030  343.88058066901380 
274.68328713934881  292.78139676633623  167.75086999576757 
275.33438889244860  27.14923314764610   335.01407404020665 
46.80512191748774   293.73389645428375  209.36529586809908 
124.95180903527509  414.69661289938438  203.14784395618656 
178.89057713104089  223.15162524201992  274.06080669638669 
266.11866409890689  362.97793125396913  211.79634181832637 
226.23701381488488  249.07755659989760  310.89600370225395 
80.14345707983639   362.92432877837530  279.25760184572732 
161.20776130863484  474.67938621531289  255.36731550343441 
71.92737582748256   94.96975893348034   84.93799206853379  
324.18809321891320  93.16885753457842   287.89675703788544 
136.63218111368244  109.15618790365920  306.91806241692098 
276.38402109551350  297.55920985433727  471.28991619690908 
100.67505925578959  345.85638300060691  77.17320774733147  
89.04942888817730   349.45861804064646  93.81153059024587  
230.97669696182243  365.62367521652845  294.53981680619415 
117.04844969452807  214.51210774874122  271.52156481972634 
335.34012529082196  272.88241001266232  148.83561102594962 
318.55717545005234  346.50423147497190  130.77340472906820 
257.87488464291113  424.24965027589121  236.94980070580860 
16.05279766042276   462.50501780116861  326.65495409113686 
132.71854896332593  366.90223274553762  305.71024891857928 
161.92039176138147  250.02309185759077  295.25834561186258 
114.45702399986872  189.73598076637711  275.03777129061928 
135.56031919053788  243.69975109084177  125.71480854066253 
332.05836334679157  410.97806905407197  498.58024801736121 
167.66848341690624  123.57595022719167  294.10825720302563 
151.22320058144723  459.49874408466428  166.36968395754803 
9.25204067717365    164.18402803097507  148.39218458198673 
29.45693284861692   182.49356418274510  113.50321482381204 
45.05055049589060   111.12943304044768  -13.54246595519601 
28.79995971019749   133.63669310958244  79.67996867037056  
192.85818458943535  254.16767018494045  474.77799555817683 
196.74363571091780  210.64639967845011  207.42776136825927 
301.05643192421019  367.90378234303950  151.74099113611544 
338.97021726910845  453.55643361740084  -4.31080058354928  
123.02989769412167  370.42070905096278  262.22851335335321 
42.97703159807281   504.36180863305776  127.10378139870315 
27.40237062722517   523.16009187235636  307.30222270096988 
216.70248901295764  122.62619588924260  501.00617354815796 
301.13295334857463  -23.25543957965203  323.16916713271337 
180.08538876044452  468.01332693744109  54.27148842155717  
221.40626242188071  330.82136302203492  167.39132765453553 
142.37019097821386  461.00669494407958  396.67655350953498 
208.33891992444677  356.63646627160199  310.07819189144129 
329.44187203970739  44.59929865901714   376.16369633733893 
83.02256670858191   21.27701256271823   259.66363053909072 
5.39211807727999    232.44201258819132  174.96078794156165 
265.69124256273631  444.00240375396186  167.79311619486577 
67.25628513752571   198.52522131174857  367.18378449876775 
353.50367700243891  256.02812422352451  308.18761623912968 
232.97474386672678  219.69145655008680  501.71756914699989 
131.93367295481983  510.09558394274575  392.60489541140009 
67.88443112024626   299.08658574478147  367.16693837977800 
216.86841377717724  406.22507771731597  258.95262456661021 
14.76242826398390   73.07898503249999   270.95972125503090 
103.96725860385095  249.44801699205257  109.55275935210275 
54.11752757249695   205.70851280486787  276.62600911717448 
27.95781667198218   125.80498683459912  142.55685136070747 
283.06924034858844  27.04545505943608   203.66234126280656 
303.50135887516774  205.59975412145053  357.50772184474840 
80.52255934221141   257.74426258035430  257.83344555284532 
202.38702181403983  323.64856238127288  520.16378774188195 
349.44662992563303  365.17043623517941  80.66733036617745  
185.20489625112708  431.72006488339417  88.66567659269430  
196.73045771683562  292.29938818770188  79.52023937035887  
173.84291125630492  341.11154970749953  281.59614974494713 
147.11069657580560  384.30526578890704  336.31994707559846 
103.10658432063977  239.75899360114809  132.94286970278628 
162.40262702057780  204.40469172233986  124.76268883838219 
83.60901875760713   301.55911820802407  174.61444358159582 
171.92252127172489  276.68670001538851  225.43951873419621 
270.86735779584552  250.66291375535212  298.25357806538403 
241.15895792830543  323.85007594127325  393.32348589386174 
355.13248536937198  439.56978842691689  380.47656988639108 
23.36298735462323   317.14130574822616  47.66554795327343  
296.71584651896984  115.97412659903645  135.38105496577154 
257.01354316230993  255.11544912204232  268.16004802265229 
206.21965761561799  413.84796986683034  404.12248156674752 
358.21116908862405  203.86017694707419  103.07807571784340 
14.04945230857491   158.06511898777876  97.52423305172374  
136.46330967609958  229.89503865732891  286.71692631456034 
140.72977923434880  220.78201560551480  478.91845210220458 
242.82691828188533  442.56099230562796  462.28211276490140 
355.32503883877575  175.74459493690694  187.91708378110076 
176.86355165182772  521.09992689259388  246.11869461918027 
16.32096136994297   273.03336426588442  211.52952692412626 
18.03288424365620   339.14144487992064  269.25381544552999 
148.19764678881552  402.17259648947720  149.31499432188960 
353.65432768354015  236.76177267784357  99.87280443040899  
329.15822161964053  316.59214502638861  260.78312447184265 
170.96511277292524  312.04118929386078  235.15082329655172 
2.38851541207831    321.16154605533620  364.79084393333864 
301.40291705372420  311.43970025919992  463.96835122764259 
123.63708406307636  290.94426923657358  214.61871273854985 
188.45122331089385  453.93861420660801  182.44688489177145 
274.81515268471259  348.49689596141963  369.39831012368290 
338.76144525534903  284.46242133852178  329.19583552049312 
72.62254925525534   318.25216566236327  344.80653142312804 
38.93613474634205   237.80197716897447  97.98185314828171  
18.94239802706418   159.79789720574468  295.60500427852793 
187.63971672820952  10.40962886462617   403.86329936410664 
248.40519460413799  466.45672847449640  342.45857381382257 
190.96572839525186  151.44887289978595  327.61410573527513 
140.58263583065303  375.36644831841454  480.01471646169438 
176.90821680160616  209.16493630456972  163.31767405270085 
339.88382370380884  271.04041613094745  526.86534915752532 
132.36216900603540  90.47749143496179   151.48386483854310 
3.51374499069860    262.30204865920263  269.78992515616454 
254.66205593739389  379.52374997299921  508.55481705537687 
51.64041403830965   218.75016499815379  211.09458297966455 
105.55869159997970  247.75682079595757  340.66994019977903 
67.78260693597250   148.59025500615101  89.69731009561960  
154.36393711855266  309.96095317266190  298.27873801963290 
257.92328760658285  136.04671719059837  89.81740444494514  
39.30207822576386   195.40544253101331  249.57613478479175 
302.34055337955647  218.21511054241566  288.11730401668797 
257.46341433824773  322.14194330072507  370.14437178187512 
279.23956221646654  516.88712815837891  448.22429117424167 
307.60372980963626  233.20996374626148  488.48275468266638 
344.40060902626442  198.33914653941201  218.37113254005877 
146.25021749038930  150.74998748777656  364.63957979224080 
58.62817254045515   120.40986553213301  301.39983831928112 
240.33292129635066  246.81339368751088  136.11938631575572 
84.45066147263843   264.99266193198224  278.01550012777159 
157.24552643951876  290.59282725350340  75.04076572224758  
349.59548109300715  40.29171606087669   404.51660093146813 
176.69520108840371  188.51831149447742  411.95028375007291 
200.74270756117173  129.33012126710236  411.13068975234171 
76.28402967306572   65.88067549394461   142.45925444114496 
10.82217727903852   102.78035017216078  303.50640474934323 
136.89273215915640  183.19323952060103  229.90383184620174 
67.13590338146540   317.66156491363603  403.91885829654262 
56.27560042998793   237.18419593196811  183.51940410108730 
295.03829347072394  291.92065125580939  36.25485212623892  
335.47080874334864  109.19040764254294  461.35008577415078 
20.46597523646528   100.19794233732264  300.00789478025837 
86.69257011516535   91.94839018932933   195.55003701672112 
194.97488243900276  462.96303342563431  78.53863696422917  
58.39613492840172   338.91528938236422  342.10293369883090 
81.21196154164980   317.87666967816119  191.44009401747718 
199.17660033958910  351.58851535301369  142.34632293120481 
206.63182535350299  116.23578341961587  97.07188300836600  
258.87718507665312  105.65577384062277  288.60037992821964 
146.74970433241418  239.64171354645038  85.79454376039737  
43.10833403046156   8.83117864750119    23.52621613587354  
229.43752456541401  41.64353246894549   -26.33026577045877 
183.41911513147011  134.50608642553607  329.14858244465688 
333.35109806587104  367.56170192401481  181.47916126170480 
15.51977043941893   270.41037847943778  165.41369146532827 
245.87176929440378  47.54571302898290   25.96145372459057  
222.31050712515631  282.15705843732076  274.75708594291467 
148.17649290888230  250.59467033153567  47.74289830093758  
175.77961716654616  382.37070706077509  344.52329487272107 
55.88992634396497   287.90451023669641  203.91032463330805 
182.44804235693277  219.96057075536098  414.06841777884574 
81.65592881822990   403.38200870170067  347.10666852854615 
130.77266564380855  260.33689828763721  301.46569288464963 
323.57906732370645  177.06912853826941  195.33980635008791 
164.45726059297692  404.57888071499406  91.47381982141394  
34.49393632208566   355.24122134012862  268.08514106374685 
294.78359982474666  209.84773664895977  172.69191554019488 
346.56667796361080  416.98842745112950  336.12250056938649 
343.63421097855098  374.04047254559714  171.81942697866350 
314.37355750703085  241.59431174007159  233.16382541078647 
291.85944595053280  380.29617651864157  266.08091701948132 
244.35219909743657  94.44399172652027   199.15772894535121 
103.12512396352494  286.89665472717354  210.24121297398770 
104.57720348496153  404.62003872964328  319.90320198399644 
208.01300880824900  81.72864669297405   448.82255603663026 
31.57825098937948   358.79704436229332  254.07808609767929 
354.32659722956294  211.05657638669197  120.45385882156000 
63.30588046258845   187.89666786130763  82.23361431599864  
338.21724989641217  157.86695252943980  218.90677165723568 
4.83808485098412    45.59352640450686   376.97334083727651 
294.78690456972197  398.12474326637505  362.67844787493812 
297.42397578366541  84.13725438734022   375.20116304531018 
112.29048287439146  247.08118513163734  186.07595725926390 
183.90213810098919  320.24127265558798  170.05044264138985 
69.87046036816889   319.31795922498094  135.28913437200532 
115.21700628677104  432.56058124684500  324.10826894698113 
16.85724079038571   86.95270998847323   240.01178085981266 
270.93191265195372  398.51386987868318  356.75832910143174 
291.27077304894760  131.29620719988969  29.55137039587655  
78.38628328584819   320.72122425361891  388.74042926310221 
235.45881163499706  -29.09512762281861  240.63995905759290 
135.45192992813026  307.45192065474725  60.17324035475554  
127.63421240323754  85.97887644569460   242.09149230856863 
335.05864566819952  341.01010207122476  370.60535797725589 
205.59818114795482  357.74994306866665  319.03969000635891 
227.86742866166568  168.29971149793667  293.04066524117945 
184.58145938373841  102.12052387275006  248.22898135716775 
343.95230915567555  318.97762936086235  94.97898326517486  
290.22440547613274  252.14307800145326  209.92392376379647 
214.34752020251017  410.92629419770196  129.68260419852044 
229.37724686022065  311.35526320350141  457.02493967396549 
34.33416202049636   444.05435088673175  181.99985146311184 
174.37496647785130  187.19664943025882  199.72306952471371 
135.22319141821299  504.66691717817719  -17.53176549214584 
357.06139642155171  269.19701842525120  292.85421578570146 
229.91557651063974  158.57724647600472  165.00404575015281 
284.25466643897744  277.77037369458589  319.12602020560905 
331.56306658170985  170.11294204499413  159.02643213820170 
171.01625990356212  221.80413420001392  324.93614930579730 
258.56482589705951  145.55328925790869  261.09737991529323 
282.45309710252911  148.84137157307026  359.89207791480874 
236.23656698752004  100.43110250707110  220.97184344673443 
214.64357725429130  413.81022102293082  199.51547373432064 
140.44367248604553  129.44836939944611  340.94671489874736 
314.34508776828881  224.97179835038457  340.33403969419913 
349.25926933929122  259.73175662830687  191.04985938339973 
68.45889934681986   185.86278592503129  313.86739059340721 
75.41622796565721   198.45020918032094  272.13729685656591 
209.34346369978982  119.52318424478287  295.05959666060943 
16.46122472876460   110.41556435244701  270.44449816610893 
274.46983557267339  178.87222219123726  231.51076930762238 
125.00256665125988  125.64877675877733  110.11311827644087 
357.45907932179193  168.56540480229012  267.92805925363388 
341.47097645597444  127.10328432077995  247.90353337844482 
88.59881820204944   47.36476685147485   203.24392384785205 
6.67978065470451    147.66082676677317  348.18520493000688 
219.55324265630841  186.54930306145874  358.64295763563740 
99.66367193309077   332.38426820413923  391.59604710328608 
290.74984938592638  234.39798181331716  229.20686303430409 
142.84796455176735  236.83629901757186  214.99287356556204 
211.52403282621464  300.89624588314012  60.30726682442952  
62.66633072244178   485.72123588177624  26.55117965275809  
4.72891574938476    486.01576512160261  167.83477970892707 
105.94001592684191  158.66962084532406  155.54806447637390 
223.18373106006993  249.31030997897435  514.28104066424203 
219.35464385249546  148.14820662315026  242.46477665506058 
61.62106832579755   449.23625192352335  313.71274280174521 
339.10009565723703  117.36164887272230  448.33702719226210 
318.51114391309159  260.98941047234121  98.48754015113164  
240.32605039943360  356.69290740058227  354.23395771155879 
289.93876088958547  211.67114286588651  227.92429960789821 
248.61603554988775  25.34662735731678   127.81296248080403 
152.29088444124045  220.35240834625867  123.02917619222107 
319.97596954568542  227.53911593343543  440.60761224678026 
93.97066870229109   364.33680904234677  184.11860542472837 
96.04007317587936   188.94425459086909  86.34619171103074  
340.73481523686212  345.12227690560212  459.50722866834792 
222.43690165403351  223.12661849703653  377.17253072957328 
43.15031437683116   155.96475038225887  126.88490020913675 
264.83667526337359  171.46110299813998  251.55722108339199 
304.22486322309248  117.56737346695641  236.92725527929383 
97.85919703439252   283.03144488296044  495.41754496777128 
97.89091807447406   246.52646888830108  412.08282513217887 
251.78512076371553  319.42751246088704  253.96683078910999 
87.85273236799732   389.31101749370538  259.29172454325641 
150.44085941435731  141.37776965203474  266.59642916003412 
59.93551615144742   196.08809161983703  193.60519670966298 
34.27024743397228   101.96453506573394  10.00775492708351  
211.89990132317863  370.94285413951911  156.57533201774430 
276.37471123129387  154.11123104016241  415.68483159055171 
4.41141411122307    303.75773525668387  313.72903728870710 
124.59630182875861  343.70616740512378  136.63311567319312 
206.43313514838709  418.18881220081317  382.04718239062368 
119.15748801486164  279.02189673679015  191.79095330776863 
306.47075917399974  301.24244396342652  490.24178540673893 
137.49614141271198  267.04916913299513  465.35075095262687 
204.74296827212575  305.64145826602328  194.40445237076631 
46.36032195699834   390.87861459681687  116.46250601245231 
189.47186765770641  410.41129701629632  254.78406027635384 
191.24873484653608  357.29190117595704  424.04256472081454 
169.20168155013232  476.05498251896120  227.23057449988659 
32.22046878110238   358.30733973049007  92.65990075503342  
313.76538449352927  235.73432325030842  473.69213852479953 
108.01339893760469  147.79317439434413  187.54545016928762 
196.80582883836965  52.68720737663634   388.78905734329112 
153.14717351858971  208.73431258894828  107.89161360765456 
331.97221604574599  154.86939584653078  407.49867499588015 
251.20798168495580  276.75348303075566  298.76425160402499 
349.17733926526114  169.84518992414127  319.47927930025151 
135.69466055932890  475.10830885996063  335.42703414300291 
288.33970352936660  111.58014163802767  163.36017348538013 
180.31717268338807  -10.04287694364905  64.85939154675663  
20.08628573068964   441.39829559607801  342.52087893897988 
141.14126539317223  223.16910060841528  324.28533586295964 
200.43445672718900  72.96206932402984   330.74312418468247 
234.65948531419019  136.00921338443919  139.08422957444492 
160.15515177473222  361.72159731322813  123.90966996534013 
35.43599418765357   302.12370889402837  391.43673400723077 
266.70580174874647  63.87685212386489   253.68439830543019 
150.12077175761931  140.70425376517449  374.51711045782457 
196.52649057352903  304.66901551589956  352.83873935216127 
254.22851574058052  227.99251380617380  470.49555897958163 
317.05877232156979  303.77739204711509  405.39146488910472 
289.40421555023374  114.21856804355716  150.93733226572164 
188.08061777629629  473.75708828352583  373.76922171739869 
331.12162192173730  151.94762475824223  74.64920052208834  
9.93821046134215    512.86691481215712  311.16426427059770 
23.58026702067685   327.73517459896414  452.31619702684907 
272.70091304674594  201.54223362668387  403.16019814030932 
