234.90505849403721  174.26725606541874  14.02381906988515  
142.55994479025719  253.62884357751756  31.25358668052260  
267.91617102555489  341.36506068126795  35.27818866413763  
37.78880578734173   256.51876273338712  131.79159003190605 
72.16582204357907   31.51394800925598   76.36284572628337  
172.67923018132421  87.55283642963525   240.06490288882583 
323.13442814804029  437.64622379547251  26.37971731244137  
348.02802860990658  147.26280380023920  113.48944475249473 
21.27020281471875   272.39930079098139  247.75226446268005 
174.45230313083786  -24.54256089058280  81.24342243992240  
228.99267912999929  379.41657563320621  3.68773556416912   
126.58565871838806  472.80514933086437  -20.61057895849018 
266.93606272213509  117.51714390571445  249.95478865077149 
214.16213712973138  3.27351482399307    301.80642245667684 
6.42745008756879    453.71914520080622  314.53940048380417 
280.50215798629370  157.48201667823960  272.79869345056312 
5.68123241743267    211.64458676733307  276.95400722313707 
279.50391442800003  151.33676202523500  315.28399015024274 
95.93567829005420   265.71069883104161  141.45388211668566 
161.42262129592530  309.79145584186745  162.59558991913616 
124.69286073872942  305.71763933524238  90.81781198985377  
359.67961695674649  -2.53130898770412   127.12350069696117 
349.67417243531571  61.63098269872182   274.38521786302965 
161.50429237058975  266.53990019761108  158.27100697841121 
148.03770579171120  321.72648547747872  40.80287667933845  
322.56777009764556  185.25508500946944  80.49767391182844  
15.91119907411064   318.92630941119143  145.67466943777788 
14.35257047280373   295.30293275020000  309.07091830579503 
130.66782419328237  335.76885734872064  23.13643720484136  
18.38966666615713   294.80251511520333  292.12038680103484 
324.59580828959832  325.18385438657401  95.38558852567267  
170.56571622296846  130.31106672238045  326.44656568986045 
216.42877213888681  202.19949351902042  245.89530767095067 
163.51671407797090  478.55993178310717  285.24818045672947 
348.50169736462038  11.98263681242086   239.92204619503349 
179.58493130023209  328.87355092357791  160.28123415384516 
323.96502790966071  288.72898905625226  82.26041393141585  
181.95639003343175  288.49690339248781  263.46902314592398 
189.02337219305454  513.88721981746562  275.27675489557993 
164.21891846314750  391.76081988111991  125.91244985035956 
78.24577962164788   37.85970842360369   152.34202751804665 
135.85844481950585  115.06340919034193  188.10523848151576 
113.72384464990812  297.84907517310279  204.44569066449591 
40.75034636362356   222.14627532540385  319.51165965408057 
357.03245210969141  371.84763408404586  247.72323944266748 
37.31568402905189   352.68027420432526  105.93876068410046 
138.59897715507955  32.14098323454151   206.90856719376202 
51.59439926958347   254.72003700591227  27.78996505482242  
242.68342497953950  188.41993225335867  7.41726061746026   
119.78742994742859  490.73986101009029  21.28047134798798  
270.27264963389916  455.10427705621248  131.60377568355977 
265.97805478176463  508.90385758489845  182.35982873259036 
338.65337363885470  306.55679923616475  154.40817150410808 
192.57419494969122  388.70538673061276  70.71015523117897  
67.78881172996074   151.05741432731736  -16.93480811517283 
332.41937542656780  315.22458016824714  36.50568598157922  
80.88990360852254   295.05006991542166  221.88873718351007 
129.97063230183790  377.04207603662144  143.20786628854012 
30.27642227113112   363.61722209992007  267.33078285495043 
203.29491238272951  352.96505885098765  -14.71212730582157 
82.07554801540593   338.30903809106502  285.45687344638702 
17.33774690627106   364.37265255372427  318.00567685467644 
280.22544772696654  353.37187997934222  195.74039878431086 
39.67606772015822   257.04764550167778  162.03581554205732 
258.39684240406825  172.38352000338855  86.68469772326752  
7.93915595178334    464.86738633418497  34.48184588983587  
202.30436684848962  417.52128759838627  31.44036037717537  
260.81058412982424  144.99771063571689  218.48388912146785 
31.51327636704458   70.58301277999516   197.05843029715757 
277.65795691616296  505.76607150440475  93.75706518722434  
293.38094522642763  382.47905647464324  71.99212257060780  
110.97077584207747  355.50985087764940  275.10999536010701 
318.49829167285287  8.98510335394309    84.29418634314392  
97.90291111409242   91.79589618140403   144.75887286746689 
21.74337429115015   302.28705267528659  67.54548185649689  
32.82108603771430   262.98934927402513  -20.84249237513274 
167.97015730447944  249.76140389510118  -11.31905282012627 
47.19116550552677   328.96452797366436  13.27256837033039  
205.81105266859652  476.09073524944392  266.64898963483961 
95.13047246242638   364.60187452540504  5.06074621939958   
1.54241543041933    289.43263793027995  41.10441971266130  
27.36857036153852   309.17737673214015  11.41411418726949  
299.75714254129008  460.93015124108859  134.36566382393616 
228.64149385205852  184.31664278810521  283.41460696757940 
234.14337818583456  467.42906935333355  292.52243122121280 
206.51926174722541  316.22263554475052  -16.61917698365772 
37.31267807120717   168.43162221691705  30.96585210796962  
277.47729395225917  203.30819320703975  256.79089156830651 
49.55706473539016   285.60776856276840  304.80281760573644 
36.92118471084417   493.95426877667751  171.45965445039252 
243.30742426008118  284.25767613804345  -22.15399286245029 
142.46239103794494  11.04537381014973   -11.12881007724179 
136.05843749135940  125.74062452926557  300.61022941666545 
95.54696359453513   347.64736694301746  64.37874133231068  
97.17325610153897   505.93878455788433  10.20625816944043  
183.01256885466591  142.10953799983747  21.88488857853956  
238.58030065661697  377.35665000569907  182.75373088687050 
124.90280435216403  162.27659966196265  134.21590782976324 
291.63817024498138  196.46632093084000  239.42132908132498 
69.27274367571435   56.11175077916371   147.50202165949443 
115.13061213263670  -17.11791579583300  280.07426303121599 
54.67690838590362   16.22450066341131   270.05036787488160 
36.92870392429721   435.57853645244495  329.66976304817325 
109.93414150457012  282.86750970972128  153.12165451115459 
204.32118769325200  346.24072493286127  242.92745483624736 
321.23161586906167  41.11996808598352   38.84919489354870  
201.47163184793206  416.18569403052868  149.64131317152683 
212.96706396285876  264.54022863261230  37.88877022665136  
71.65188702955346   356.44299890794218  73.68553420427106  
94.13118363366355   144.65116307726367  188.64091916525120 
165.44959039062783  0.23085656694669    244.07398883675000 
271.87559331163044  401.29587263759720  160.99638130959084 
293.68700078826242  204.70947833515211  9.94562255957323   
283.51795500003306  118.20429364435606  241.90496724582670 
37.50966374944929   41.53654585130154   189.04451953834848 
114.91930653687611  514.26278844268745  165.80543840063984 
1.48536887842674    253.92735104102337  111.03939513262918 
18.60782260707677   270.88008332488863  86.99281354776640  
12.66395346411748   189.94035428395074  -15.90031956275881 
209.18835041866242  434.37478809438193  91.73117795571700  
37.98100502394296   64.04702458285948   223.66212864593447 
57.06244655760446   172.18199101935107  -21.69109989988952 
75.70227637242348   413.92997954571302  -20.58908123623959 
28.73236215159169   142.00613137416693  255.88769792456549 
188.78932934255758  205.35916555061249  273.25694727559630 
311.01997965790349  1.83014219104698    -16.37461644085938 
124.92699579729461  10.50038087929650   78.20383400246156  
36.88873275243982   443.15994134718977  103.33960648444332 
257.84728330485814  466.76200666984022  102.50551055506455 
265.94692676532685  317.21208479501615  105.82619218668887 
244.61931580406070  286.79838600645087  -22.29021691018850 
10.63846055394449   108.55587017432822  127.61464545947837 
263.78948442981380  122.76229145962833  203.01324069202911 
330.90743846967644  515.61865861098022  315.80775036249850 
296.54661980702025  -7.91524208276079   134.05116048092310 
137.51446522069458  18.06395791754526   132.76496318021034 
326.17968239136707  206.27086437005883  32.68528678155393  
234.14362585817679  153.01520041216972  265.09188238758441 
337.19370771371490  500.73529280141724  232.54131153631641 
52.08768470835912   467.52741271318945  187.14707724562976 
109.56095992547243  336.90913434423396  6.18152179468935   
283.24994114618352  305.25500067881705  11.82579661403360  
16.73378024952030   119.47909978493496  162.62130687229941 
107.04396914060735  346.72328010943255  28.74048357963022  
199.08966061637204  119.52699857685803  44.68259055312421  
276.09481265969742  255.22010166903374  308.77579604234211 
163.27837998306285  418.78888903689284  37.36403147078005  
11.92926065622965   483.28077223526884  6.10010288783542   
22.27620715031040   -28.27058927728591  329.42636906641440 
19.89704757216814   336.08482836133243  326.30107126565002 
266.10848017816090  223.12375700970799  -17.51673687720752 
198.70664149869668  281.87558233758466  87.16803451132745  
91.26013034604070   237.25191579638573  87.39006332965306  
71.47294415984439   284.93473112360874  246.06268953602375 
357.80181604034266  161.82872944003267  170.90615140004871 
214.58511853690601  -3.34150168120510   88.12596065920231  
175.40755073649640  244.38122695322625  276.13501780856495 
61.57477610044929   166.64608629526896  316.48424312359361 
277.30131711333331  168.10028305359918  100.29188580306078 
184.12339712563309  80.26086495114180   145.80009901823476 
57.86957285876496   41.93257291238024   228.14719944131485 
184.04662193129522  413.78793123032432  326.70825596908651 
267.95546190261081  53.72625338666433   102.54725455594837 
358.48731703116027  83.47348239940062   -6.20390156336274  
188.20202240261830  295.27754316491217  104.10800907477096 
250.83073629505876  331.69033292861729  116.30757641532685 
183.80571984037505  402.38775593220765  162.92299086677352 
281.47201704090577  441.87389036911173  72.46328408651235  
320.49863955019708  345.89726238476663  240.16166644922959 
354.84273498222080  270.80339866398901  46.17989996887022  
162.38046304968398  182.11378519370450  269.17468304604409 
59.94974133704281   120.46690165015232  199.12805672870491 
25.67327360534382   329.35994550531456  301.56936890803019 
358.47232380497877  355.50761016085943  311.06002632491368 
6.55298392448568    425.46845088647314  98.82364832590267  
313.79411377846424  30.07473489848080   -14.25371205071698 
111.64802964707577  79.51833033420081   246.95314204527131 
186.48224980847053  276.28088665937571  187.41480376490853 
123.49370524756647  296.12107640383482  206.82507916337147 
245.50612517544019  297.17432088053971  200.33109888073855 
330.85687043894984  231.87875874953266  313.64992505546900 
54.57778565890484   288.63767873576774  91.31443023352907  
98.81702858075838   156.61984231375104  240.58147017030205 
326.37574697171272  300.90203153718147  212.55188161811139 
242.82487584487257  178.84462786206274  153.43482883840466 
146.92127065129029  61.59369419657662   309.75489230567439 
32.09811745079730   21.34979856551011   35.60224373069642  
274.59242115877311  169.45985208288818  199.08757892958735 
331.96534594299283  464.35496312702776  178.36491069715208 
269.91345158978993  529.23470747385045  40.41539086203521  
236.61057570907280  176.23896839024155  205.60760347819615 
53.05135478511599   65.29845212272740   86.73104885119203  
155.73312317950879  183.46995436497579  221.75305297324101 
75.86643660823957   468.04728432377510  1.26140559748684   
251.45138389767311  233.83988890628393  23.48716377670500  
13.35062948390437   256.80456584098010  262.15512944954924 
273.03695382259150  173.31817627972353  16.76373372714528  
313.09359521494179  114.40298547908938  278.27802771848849 
102.18316310411197  24.82678610699733   -28.34742280538019 
233.41583934288892  498.61792533337734  103.50929287297285 
347.23672983277254  270.29113753971058  89.02501776673539  
189.44351557478842  155.26271705082621  186.97901923259192 
346.85533261867602  199.09329447625413  -1.43727309519047  
78.94068314925569   440.33788545505172  255.31483735503480 
346.32848931655531  265.53219117851938  228.40970384001281 
126.53202282591208  392.69636086429335  318.28725068689630 
353.06391996962429  466.45854221175335  83.88711538477455  
90.18320104754309   273.37355391189749  -25.67013262771394 
23.98052451853419   316.99163798176335  117.78560717312357 
244.10442407451669  358.75868869523885  279.40484816219441 
214.07413846571279  483.47510927498513  -0.45888493174919  
21.11380837510668   249.68509377489750  140.22616667260536 
15.67074929793284   329.53975001217253  284.67925512357482 
239.01954895097671  198.66014852384802  264.66620094044271 
110.21227172258408  258.02895267180122  315.62224994791637 
329.56303912017256  440.78439438549066  -20.50846038035404 
247.96112320617695  201.94730741373445  92.53556187821547  
176.43509035570167  390.39955061367294  42.61006496503681  
350.97230373131049  518.20733712153390  328.45445873946522 
313.06938882696198  -11.98741581653126  247.29454732584435 
75.11833047507329   316.48909710313478  250.33161792282027 
47.57115632517894   373.23955039254355  179.43289006795953 
289.27109175726383  141.98752729235875  223.19585860677131 
110.25493026029451  372.21310543010844  207.88481258297975 
290.34155584483244  529.74230022088261  210.68904734456419 
204.38472531240421  28.97260119663288   311.25936139778668 
62.93515255295998   154.28198464245420  36.44543299185653  
320.32464415951245  -8.12323100132728   166.80426270959850 
253.84589663763731  524.46831491696889  60.47094419824563  
345.48815489182459  512.34362436838239  64.60102321650793  
136.29709821967666  171.37104601730653  151.43283061868425 
56.86606047713801   256.14367232764147  196.74500064107812 
331.63247816180245  401.43218506909687  33.16308080633587  
29.65758012260112   230.27521131397765  27.56079546962000  
236.55188893100421  -15.74172303992284  232.44324621827633 
343.49117453630890  210.77524445870094  314.43355083440144 
294.68443798376535  265.51318482868845  243.15236911253004 
160.42095461849081  521.59477489245194  159.62230968606028 
124.40078155010838  356.49457657654517  279.19200042568264 
41.94166407441320   320.28282327463222  22.89407087908032  
310.20453358750069  113.57909828534204  322.86744710030734 
283.40031250991046  442.82154732892059  14.35634317856570  
24.97818412427435   258.57293890495430  202.77452405303205 
45.43718047085824   431.05665106209028  -19.18577034831539 
45.58446576068557   329.65810098916370  159.94971301183628 
31.42008045863955   185.41244153738739  86.12506376524921  
38.38839191882600   -0.42361953548389   244.67028030048442 
320.56609891861683  311.75292900449614  108.58155320830082 
41.42505285061880   478.19246576422438  153.88897537635629 
237.74581540694993  13.49325879244208   187.92060320613714 
253.89083785739751  208.37760271439782  99.95122177063720  
87.20195732393438   464.85892229129576  50.94011790589465  
310.55045760293689  252.88301481502265  280.35824395693794 
353.14942828834194  57.57938334102749   329.79135602989322 
27.96604682955051   339.24677724824733  290.30646654834209 
106.47442884698498  489.52540187085060  140.11344223165702 
346.04587965709135  76.56538567525273   89.17461182436745  
186.23853696028067  110.69604559483813  -11.20022902340462 
115.74971335056377  428.80246956240808  55.82584283268623  
130.61076124270448  29.52817917717176   -25.34958806634756 
283.06092565227374  166.85763091775559  74.69084980997815  
281.51203000683466  218.83396781422167  74.45780549945999  
217.33721460750348  185.54335573866871  -3.26349821995203  
355.41707741111833  268.10259296618028  135.92028672376981 
15.79166601277738   42.68006642907608   70.34822854332823  
326.21598312771459  149.12373714976505  100.33519273454593 
255.58641053475807  263.73782264666363  4.14785748910201   
353.79341014998590  210.26275372184713  167.71811457861133 
217.04357946281161  67.99284218041083   64.75326124403269  
48.43517321605834   248.78430474092329  -10.69506836105037 
173.81995850849597  482.23890015580014  217.49145051902661 
133.35016271791244  283.32268690357188  232.35918394249109 
325.15669320146435  148.30977218061213  258.37433933043047 
339.79423474619210  14.15981835173586   96.33578838047029  
75.96177993369142   186.02928388985325  60.58929643819366  
41.95969020768623   510.24014036461426  251.55629644500317 
169.03318308955568  515.89148334214292  184.30365416541122 
126.04125377972349  310.17300664564749  255.18899518574051 
89.27912979972680   468.52317540666843  201.46046896397553 
192.64093321926242  288.21248359663963  185.83145521751550 
299.53357283408718  44.76867936747693   -11.36212038643538 
356.73590496477613  181.74731874268588  128.87483318738265 
22.51860168534119   85.01545029466116   75.26559931336190  
40.27384814756682   156.02630722474606  155.14751694386311 
224.26109499062645  148.54175170759964  287.39078795737720 
81.59680321031432   359.59268119270155  240.13871183578050 
59.49431515235220   82.97153230822740   -26.15262220955421 
307.93932285472783  495.52058662228785  118.51674625162983 
297.42854278865832  60.74934426853093   263.32210759603134 
32.47124227897734   438.04394255095303  227.31404853310926 
129.99275910031139  253.89762642017587  197.79207690929124 
135.23636578746547  51.19563781323875   114.59966456292403 
7.83734150531589    180.94367968449842  58.19925423329285  
144.42003611385098  -16.84000699799392  274.06058302090503 
319.08184899539305  296.16363173256462  -10.83975251759813 
139.97223351727249  -28.75215213479663  256.81500158970459 
79.84707401820069   176.72064124234313  7.41185140196913   
272.85708033893548  193.74734559251033  7.92673507814985   
157.11748104244913  40.06405948635727   165.80821567472947 
77.01303388721121   323.38806696997898  145.58851710978539 
11.82034572452307   467.27535547125069  111.34745438709220 
23.22114913893677   183.81036245491316  10.55075343061061  
95.19355072650505   12.95871466318327   117.58007785558834 
13.95615914013489   519.22600986906730  199.43236785160943 
207.63706916104235  110.35078464329590  314.09431614423994 
126.32047987760438  280.92857906398609  -6.73695442270714  
353.80410395872730  140.60395481538004  16.80209070424037  
156.49538763895518  250.49695138829304  -7.68824699505772  
313.34896690557952  116.33700715607347  11.29844738097060  
297.45135797447614  307.54545970118801  164.07692812953235 
343.84018255947427  131.90780854992570  118.41932873190768 
246.38527462231849  446.46405068635590  67.13468566985883  
113.56400341388003  126.39858566954021  165.92841165984879 
279.49522989578605  211.78006626711903  133.24421180917153 
16.09646134979086   527.98550879694460  292.74575632828152 
170.94515238948469  128.83316082153698  21.98520984727807  
141.79042712949786  452.44716770134670  106.28920739591001 
301.14865060254130  35.86512890430309   -22.26432605218217 
276.22308381348017  455.30574737531555  27.20891665389495  
109.16580275812767  303.84676553600667  206.49042933962588 
127.11028739092832  292.41827993853053  156.76240601302942 
59.94432760961934   525.10668680762035  294.77974796551536 
116.51990098445552  247.97918169512712  170.29131263961187 
173.50417718450475  320.61442604912344  46.18705289993143  
273.70703688173035  172.10677159273240  270.43732711369279 
179.72409846520142  411.02698202798450  196.26130636865108 
136.76309647350490  192.57676655425570  133.59793235896413 
41.12216202314959   61.71575693122480   177.88522715347401 
356.55589004657367  294.96882632188954  168.87495925209745 
233.23920932013996  416.43735457116543  102.40305847284745 
8.99816302469826    464.34026128949279  146.13792595581285 
249.46964153299237  513.11177522471746  247.41030410793155 
269.45420046311648  212.41935661020747  148.52471084832277 
162.91044141095119  350.24287297441276  10.58225065947988  
75.22551106412719   74.74210026103393   0.76265271680422   
324.57978750895523  384.80198994311991  140.05966000585343 
283.82457857621120  86.30532054339088   292.31258417614947 
63.80272050034574   515.55064225483920  37.25491645450559  
282.80770793154159  209.47078648915425  235.42948541858829 
127.12112139277322  344.07644354520107  298.28505472528786 
63.29754690634378   464.31060180148233  164.84259922545712 
120.32803733163463  409.35301514804479  11.68852170071623  
11.28754820314304   439.78760214585964  195.67090237936262 
293.68032293291765  484.01773275858159  312.85460763407377 
217.99783605130892  474.84985571319714  121.94628756967629 
162.85240058302057  -1.13983713907849   89.89417328557393  
166.35522325759587  374.86334514642124  71.57010893491216  
299.25850790381776  521.50209679715442  89.04662347134727  
234.86216373031493  -14.12399397514558  295.57641939094697 
278.95250623591937  357.62527451334000  231.86254809517686 
100.49670028312123  235.08888979536908  186.08152608935535 
43.12892721930194   315.95474736937774  215.05704678255677 
205.42102742456305  274.72487833411060  123.15272846078116 
283.21692117431496  202.99795047361067  163.92850369721873 
102.10119609261497  -25.00988780689527  294.50090039265899 
209.76240330002386  181.08435146732700  94.38605017707116  
139.98763229662237  383.78453515739056  60.54175453398932  
222.87701942462451  319.24777741926317  8.37668051663626   
56.83774286256099   495.01671948183161  63.38433001471442  
204.59120106175880  132.43519326234423  39.08728490519867  
275.15629482027254  447.12346756554376  -28.58004984313327 
304.99369724036842  99.92866780698998   192.75822439410149 
173.39260672175604  404.25851667750601  85.32127906595800  
332.66389179336346  357.54978408487023  74.29010252340690  
124.46420290662087  178.88336664534722  177.77395979278151 
331.22578998505384  299.50926810470537  323.81798332090978 
206.70137660283501  254.42018762287847  224.49304078369855 
82.32947545377601   119.25764628980195  89.35141110398001  
205.24238368626638  407.58905514190508  49.33803726637149  
63.45390828210104   395.44200108052206  1.96100210389381   
280.52999922896532  138.23022266683955  288.15335880841451 
74.78958007233004   515.99334104387788  16.91146114976850  
170.15845927462271  149.33878696351678  9.83659437003989   
168.37280864568760  425.45513128368447  279.36828949842629 
205.63388138031570  215.34496326855557  162.51690534874703 
208.34197311169751  291.67960174688153  155.85935115713335 
90.44210561452330   413.16308089983579  102.76766747095343 
51.13494606029256   -29.10226524536577  40.10985268128697  
119.09622943844509  -3.75143625591448   309.69559358279480 
74.67232499990050   272.30914428362127  6.51450431514328   
258.29449794143540  88.19797998202827   2.28927129215832   
270.92461097141637  119.44210957598159  91.77791466445105  
144.44239166787179  22.46007913895473   256.42548003115485 
79.95150407151229   56.89369247724483   181.76274595510344 
302.65919674300130  179.58783941643367  24.34001597223298  
141.86243566793553  121.75677568150024  117.48173326710335 
144.86664167753770  214.31397331963996  83.35408364285456  
314.25145166874449  138.96119958775523  295.65638903805001 
283.92433924452098  165.66631569206086  187.47364336556547 
44.36723085464565   292.73738397935836  29.51957580180787  
345.37667603678381  284.21209290119145  264.26607154608604 
249.07000919891240  357.35971007298650  197.53592158912699 
342.39719842402241  18.41364417311860   305.39377910969966 
229.40100625976780  397.54324139795580  239.30913659381520 
179.37454418553460  181.29202811949310  -16.04359414148370 
195.16483845023933  366.23906265777140  294.00309875717522 
60.31003242694658   394.80637268234818  26.99239481857766  
177.13928621465411  39.46543837801758   120.70032982686124 
37.11276052766836   138.42343112013572  239.18905325376551 
236.09020992197583  214.93368673279116  320.51960801073722 
298.17385240101953  318.94254257668683  129.13536161915610 
99.34684741822950   244.31250481727409  -25.85222895865232 
231.42607210998858  334.34762967464377  97.32494415856112  
311.64712227052166  508.38819059354762  78.08780574311962  
149.42120991424397  252.52273858905221  31.80269656317634  
27.17430482731427   227.70904640556461  267.62184888877636 
119.08678678783154  236.57581897894374  215.20789088822497 
202.97598477832719  410.21699530328260  276.95975366458583 
201.58303421224878  14.01351802473102   245.00722556624055 
313.51206666112108  441.38015773057447  -25.45052763110510 
298.11644429181342  207.95609818856005  66.42260644032434  
294.90180303952428  377.32862742036093  323.76419875682717 
331.77693544268612  264.71339921482115  243.11361896126493 
332.78618800282095  -15.36514985854305  105.54192930216348 
91.88909236398241   493.11996410784843  319.42717906623415 
294.28632623582604  163.84545012305725  188.08129783170841 
155.57008310896535  88.84381970544241   -13.89761308428268 
170.48774839200999  20.85416099333868   -29.32976020446814 
82.14200059812859   176.28385752443307  326.57747232264200 
88.80940442810088   54.58928843087949   235.22037845721053 
198.56149139785461  434.35867292894858  315.64915387760806 
129.18539198504385  254.47948598349996  82.13576257045803  
317.11203947355438  325.73239885471850  150.60108863834765 
202.32626927234645  22.17604964485158   90.80781097123719  
48.17926569385420   142.63352545827379  178.03113449928281 
290.58020880009201  -2.97346464532129   168.61949437816756 
88.01983844115500   64.18469949059558   297.03116471008673 
22.68231841305444   321.26694729824129  234.66675590461904 
33.44824579178027   435.71181190241953  45.80098623716680  
226.46079925604300  323.90877041505399  110.92688849313691 
236.16941681085714  447.40605753518452  323.99073464978710 
167.11946231060631  340.86857378673528  -15.27604479608235 
334.92258786848492  187.80863260098346  88.42141108373711  
19.52493453290675   150.13123122582343  -12.97694188098631 
251.47629047846718  277.27434581118439  305.21900283456858 
126.08666352807241  419.00112582757544  170.21317715304420 
343.08831513156798  44.99643526909203   277.26536622288529 
129.52649763667594  -14.85423144581376  12.74366571912243  
220.36313510040534  79.20688494317150   219.52918335750309 
37.70651013908559   366.40688366067138  292.22526349602714 
230.82302870432406  181.91627204363058  16.73075189609441  
287.31242450914777  277.31847685177729  -23.51962870893734 
329.23431041004773  85.69151013044602   24.30138745057277  
124.46425539468189  401.63756693012999  193.69171403798288 
18.37645875757761   183.19450083273662  311.79693117676800 
192.99141367199735  20.56888622679863   107.48413700258308 
113.18934855765181  245.97237280154661  261.92234341171059 
307.36835302649456  96.96321868327655   114.80077396637807 
338.88443771232369  127.68780033995185  236.25858905931949 
10.27466060014151   304.66730092806318  22.18887358175203  
134.45748103538213  458.48900049344229  268.45373314073197 
73.42691657298728   333.72841669550968  70.79311702466424  
177.04484823576337  87.09097965083610   119.87194864429179 
284.92581028570612  43.90211202051751   316.25784740084595 
216.42960373656135  265.69983558369898  70.60848583070099  
358.67249043363449  359.74572430307740  206.10807643382736 
143.48869306488524  64.91480763963183   282.80227960871332 
266.41999361463604  202.28274857039929  212.06156423603275 
315.18909994904232  356.16119503845817  329.19602242972184 
108.54008310232933  304.44988738452003  99.13619452886749  
52.96203177605663   489.78607833112835  206.63761809637185 
103.46420011742354  -16.03894984346197  132.73285283303750 
162.30530153741151  448.57865240381921  137.54351945076002 
107.05024916476465  -14.46119903170572  227.74321237265207 
335.19675835972856  -22.89333278584255  83.01078314892385  
354.48114716663940  171.91759039968622  39.92991848957676  
25.85147281695916   101.55026101470995  -27.22094868273310 
251.06162085071770  23.34597633183751   208.34619734264334 
174.43532095825685  316.67864730480244  313.52447958625351 
5.26792577558497    136.05168399510953  77.42535257945879  
243.91996473503701  73.25242280565536   127.46394811011382 
129.42078751021566  456.07866764081325  89.43138173494222  
271.87533646662433  37.33283783241885   130.69250544819212 
358.65269822589153  -18.89560334193895  160.71230652689894 
292.87582253751424  496.25623732987913  -15.14170343050059 
244.04927376441495  451.45901288705528  -16.71776418731118 
11.28178177193427   296.68888507951294  329.96634352074273 
75.88551676315124   185.17613134262547  235.87247343642980 
309.65104076907699  190.16394161245501  130.04356162091341 
40.29668989940348   130.89918971695937  151.23260913668636 
291.49698243737197  464.66017096591833  327.85533006687137 
354.81708506338072  517.14722560034636  142.29665237585468 
212.34060079671502  164.46837538633096  223.62075735898023 
198.06575952124433  194.53647865409184  123.34039314988308 
228.11769750784387  23.15582265439402   78.76558564332575  
162.81820316986435  76.92577451984084   61.55563828003058  
120.23838496973451  508.09046267834219  294.04319573925079 
344.17747376131666  366.77144595772785  47.23416967716201  
124.95192289894490  266.41050089761973  265.50449287079772 
229.19889849166432  275.73923230540652  219.39557263929962 
256.70992024212586  427.75306737680802  235.88670533129402 
182.06688983018145  182.64914110578633  288.40255747762035 
54.34051227550729   67.92583635672192   9.22324887626328   
78.05874075723082   235.93044035084353  214.01474245949996 
278.31136871032356  9.44642790898637    129.52152974586230 
238.20318415768944  -15.21773485128035  61.70167997922459  
64.35794563695046   38.29579567241697   175.30339919559125 
254.88489786048294  466.87962083055379  326.08186267630794 
211.27205068845933  189.65906630640183  291.29209468220660 
185.50247381138371  6.82834503155141    102.11874849295171 
226.72229401615155  101.99816535128241  69.60261867160466  
318.28365602241155  29.83730394812788   118.38281681287117 
6.16196714582938    92.34749565072975   259.74946718679257 
136.17016420821969  481.08323293496801  298.64675497301874 
190.96025553292040  360.96293851696851  172.97713986197709 
244.51674443475699  210.06649048463689  74.00415660671550  
274.09496355816856  325.57202851361842  17.36812313780736  
356.52097141695197  185.04484552944228  24.18373282063426  
218.61790321351404  355.71501492092762  154.25022546698011 
50.63000830637039   -28.77705685625815  11.77978137607376  
149.40400943390927  -8.93978173732290   96.03165175819905  
34.16249565745666   247.01929499879600  -26.35489109093258 
64.24324274763987   87.70199767434895   304.87502179623783 
330.78404548637849  121.94120939578011  280.10775612061758 
345.53590992297910  146.12345734296704  186.13465364324671 
241.96246261906140  484.65240151443686  303.77525329026338 
263.54036234992509  311.64916300755323  11.11720766736041  
98.24066619807542   490.05552352727295  278.60667885704072 
353.25561866281316  339.73623984498789  202.61752934298727 
160.85527312861009  34.37492177795254   148.50316409752915 
236.30340044033008  285.41290909950186  15.51405501319101  
52.53124476712158   -8.43728668458488   30.77301571296530  
321.29953882677739  126.79307678528184  62.27654892153259  
16.27059741266505   191.44719684375173  279.62837948183420 
74.87710430934749   393.42597312057478  165.67760973525807 
142.54582797302530  180.82183672395578  135.61221517955624 
121.11823044551122  386.19068551532638  254.33704970243770 
304.65202057308801  166.16154746597348  297.42938356867768 
292.79333093019727  256.63943006799894  121.39219091132369 
13.32488328131988   68.34698470476637   178.61183228765086 
95.79001835053030   369.56182312464443  301.78988089726727 
338.14300538936862  136.93173716695614  46.34266003447692  
321.55974220267046  115.92830933703812  287.96548464647464 
55.54006482715459   248.83350100479169  256.96498895746441 
88.39286448717067   503.45441476539236  308.79505535182415 
213.08519446568815  120.41926587692043  66.94348123214250  
27.26932638088275   278.23843389358291  166.00299507779175 
139.19910735485473  48.93223396902103   -25.96198569584750 
72.87369475317261   301.22407086805435  11.26433970463908  
180.90727738225490  524.42609898024523  148.63006951882068 
190.49743482523888  272.58409677665952  296.30476008715198 
327.12531177782949  -10.01152995895010  74.94231568365954  
281.10818858109496  421.32833112477937  100.74545149280712 
59.94597685444911   86.85591727882803   53.58580653192671  
9.83525375135985    500.82267119731785  8.46055142576501   
288.60220328391165  346.15966017419339  281.48300720863807 
98.76722497958116   255.02474974408597  56.90521660711806  
214.60869826385041  236.37969880661888  292.82535113974473 
55.59782439770434   18.73329860621909   26.55041771085455  
149.07523916696127  331.66183506884897  133.98004586331092 
73.79302358005349   506.95523439192607  287.43302194291118 
265.73355631049077  453.11016699669051  230.60833674533723 
177.17439035697998  488.69985917049428  205.68432969119397 
44.69560481338310   204.19983879571620  26.09073808403548  
23.68750390826946   76.37162119484317   129.86969013486339 
246.37208832435832  334.86451868977935  64.01064738949663  
169.02626652914049  -1.64238243171053   104.89946615522172 
68.82340526174548   347.33232984893976  118.92928411028655 
92.79549427089306   318.61897095221843  197.08524306296326 
149.20651247610820  426.57918190949516  152.38543274737196 
71.74194675480368   334.21454285787206  216.33907643165972 
16.59594081321893   62.41427557677197   177.81295045053599 
193.21422284490905  421.54598349506642  200.77920592762948 
280.47238903430389  146.62838884374568  252.21816073662302 
137.62957470382844  471.46713527634085  -27.07277769875560 
20.31915345113030   494.64552599422746  -13.54907318851411 
170.27666920312157  262.75613069263431  46.79991480111315  
291.73405689534263  475.11279924107475  196.23550969027775 
95.66588736773436   166.74771281568619  239.98705591747614 
91.71711741784102   138.27776998586273  106.42372812704622 
172.07722553403119  455.81519938241689  292.59566861543539 
39.41947582812215   166.38711607882030  17.26396712584145  
68.84944815059771   277.13578389972270  82.37833042949968  
23.39402929205228   -25.75129778373847  58.73366315847787  
140.75132828300136  389.82089967907802  208.74825805249782 
231.69313912468357  415.57644970121476  53.83897561882345  
65.55313970945583   307.34239743406579  127.31627519636098 
336.36958501382009  150.01501728423412  6.90264536343736   
224.02227827911810  383.18451624146928  194.75233215970047 
244.38646782661073  258.15767297707049  44.64979360070745  
231.75456578569003  10.62996689359009   157.13363180580888 
327.08167224854878  48.66206809634771   215.46480665981051 
165.66768312994427  70.84121579808287   173.76795477971308 
20.95590715785215   315.26294635226822  75.14186050744286  
127.53044903732346  458.12069224691840  -18.62561831804734 
289.50322894305788  210.03669612494872  283.29134559097054 
265.96314163511175  355.09398858645454  44.58373221515535  
354.27107372010408  345.72403885073982  150.92962228141621 
247.59444404793229  138.82327476756905  14.20923669830569  
36.63551657019769   393.86089778868848  158.01677354495442 
248.42123311207033  343.38637519166087  147.91003173256232 
285.53105227188377  169.89364769103960  165.23394895205146 
245.46372409407974  206.20123908612675  3.81200671267942   
121.45386482892333  195.39009852742780  141.38451550000772 
235.32382437269396  -20.04753679414414  328.76546472595481 
73.07492907060563   442.10835670529048  185.23023588191268 
99.71533955867284   152.27921028499640  211.75541932803023 
150.70245611563954  404.50934709526399  71.46530535847096  
119.78843009944609  378.13737837079748  186.74484072219497 
80.86334145061716   85.08191598073171   215.87233720266900 
88.92141605531933   518.41638670403700  130.17373249306681 
191.22035646744649  463.37416717082829  143.07344002945945 
49.95660286433007   402.05256931755844  284.21866908632575 
159.59450944675868  -12.90263635384463  271.62937251390412 
24.90538931657774   495.82869928144441  -15.95202824259900 
16.45344619459922   123.79381840962594  227.53547034741518 
357.49986411344639  348.12329327957525  -9.53265587874888  
216.32360747366803  433.64380207079375  294.77269762364040 
291.88397542569567  -14.08007365525953  73.48397537580964  
99.27468147035047   327.81126217378005  127.93007562111046 
349.99474461404355  67.71309061507957   187.23351342419508 
22.96126668396266   520.77330818727569  215.54188867916139 
287.06564303076834  37.58906339309586   144.98468116319415 
97.86569568985701   525.07242987566087  -11.41789350735878 
37.13896447222717   164.38758455424193  105.46022509020861 
250.16739125732676  164.34007574089685  170.30468479264488 
109.24883788378324  418.70646398014679  58.28889702525449  
9.42908347966332    69.85917751702574   -4.70516009367291  
16.25444951151322   486.67115711475526  79.22275111225750  
53.29248886991104   69.67838310081359   126.62708975348397 
206.00852899491872  -4.29388829751740   230.05509991146158 
122.25017305836955  58.69164337221646   239.11478895008321 
144.14739162318261  458.50521489865537  127.79567948999440 
245.18171484218837  192.81984575109544  316.73315159907548 
113.36508129870900  164.76945767388005  167.73693690942716 
172.19848030275281  130.02754309111720  -5.84193667697031  
154.97345055437927  285.61660588601626  61.10154423791631  
294.94826707364064  515.79438500214496  311.37667341687524 
324.61652618590483  442.26792562698915  38.49660595245902  
175.57671370481302  413.49851596078429  46.67192387205527  
270.28430233228369  222.60947058814077  233.87449899552536 
313.99720237023126  72.97281639700499   146.97087275798805 
253.48130543860398  151.29079381057809  171.89970586402157 
37.85824040949073   118.70923487246364  108.53874189684964 
8.01789556899776    519.09947777213665  245.90694206723003 
105.17570800851115  357.07501193182196  194.26411221206357 
54.90967389774789   475.25361630843838  239.21150147528527 
98.78365972831072   397.08087750805328  120.98866666476002 
264.41520212470147  62.40536462152659   121.67323234826523 
212.47950441828934  133.19601780774124  183.31773479163570 
202.40612466026454  516.35359040836966  273.75426747173867 
0.29950507753180    175.67739850888358  328.50497016410486 
243.49938595078422  478.53698960135313  109.82126367293392 
215.37583141338112  205.19153660669457  137.36069355423552 
229.84655392816990  415.24932708643627  304.44568249868684 
108.41155165523884  394.72292032810952  246.15928346581990 
356.24165095485500  526.93695812384112  41.22275206415939  
165.68851319622593  525.63532351267179  164.30601229916090 
258.39513551775610  194.13871566472250  143.10551273031439 
33.43653491621838   318.18446189503163  301.76013364414831 
328.95058629016535  162.42064604921498  247.71371651804469 
0.19235256319726    174.95300739396558  108.79911929487761 
33.79720585268820   30.86463694271810   155.02116480286702 
218.92457949448081  165.73563705628632  311.64737737663808 
132.19779681506481  230.47115276755710  248.06711382211461 
225.20392629193606  77.36563256383693   139.25886488587864 
75.56183458356507   311.82625997794747  96.49875331122006  
167.74653786883610  260.48794376383501  253.05692690978458 
304.97111949173438  158.51687800471916  82.06797297402123  
339.66473905294146  339.20010137468796  143.56869037992425 
89.49459713829037   337.83863742781392  137.39173147405347 
246.27716134912671  445.33031063143994  78.83351119486144  
27.97778162572433   201.36057227651921  135.19852820152772 
104.19129104091972  200.96748181399752  128.56470065511164 
236.47613687298232  518.78850866915252  261.66348933770348 
122.60133417390614  307.83726235386337  122.68910817887658 
292.93208281230977  64.01407663187462   25.69724487504881  
349.36339087939041  272.97091308538472  173.17980574996636 
36.82090411040675   398.17021884403886  302.22473175830703 
155.64440555653965  169.56438382794707  139.74933434393606 
33.92312183686477   442.53739579351162  180.20186264493265 
245.46016365311951  448.12162435310455  316.88931945879563 
345.13778881827307  106.86042412047553  -26.32544524755449 
251.12893983475098  86.44578258527709   -28.82083061944217 
148.25298166048907  211.36061038881397  21.66099277249963  
78.10057059937273   267.66377971695920  77.36024282102350  
53.51254244957835   398.17724636143726  66.31334601256080  
325.48302361967950  206.84537795288182  -29.18157009846099 
249.82401730530341  503.50491400554995  130.13520233482745 
87.32031925689515   124.56807985108924  239.36467431950712 
359.03574826253310  249.84069622855787  316.14835278176952 
344.85942875584067  23.10796097186052   323.60217793004938 
39.22677961040674   518.81519316201525  188.30870293738178 
103.79519384669761  109.41131978623798  133.55272414712670 
79.22482615844804   343.73966419647246  77.69330386818633  
136.26406758940368  455.39549093171360  26.11774672382926  
173.03311996839980  506.93104689331767  314.92534848293354 
203.72476980802352  249.39200656059649  304.75580683570666 
323.48818516015842  33.47497516225034   284.59516683333476 
271.61595418219690  222.90162700278813  130.81866608769650 
347.83972997245229  229.19382541779032  150.14547368988718 
353.61620361069623  258.54342972986103  149.26017256423142 
2.14321056527071    473.45969005139614  176.67290149365323 
183.23673540015108  389.09547488879275  28.02130229928670  
233.80672194732526  364.32778622547238  223.91285946087746 
192.64362598784922  158.52579451102679  251.57179577185968 
359.49998444350871  375.15978948422406  230.62262849114825 
246.39364513113526  483.92681706098404  248.45214320954437 
149.06738140720330  500.21976644543247  308.91441248578718 
318.34485810177426  473.20561167162373  138.43160237107224 
120.29888210106120  15.70323648578184   183.53265200851564 
79.09687934591395   147.22312934400969  283.74283524475476 
277.52514160145137  252.90408549603626  124.26383342282230 
274.50464381941379  248.65411768115024  3.34832133078151   
68.30914064794584   211.71888206566101  96.33015773768227  
31.83955796341670   440.02521202469870  155.73914074658197 
265.94669802793089  160.07124824269752  242.51720190589805 
309.35344527422365  396.54553881983929  263.14438159493881 
75.62794185272625   357.47496712153054  60.14305485788945  
14.43594529000483   109.55149579689851  262.90500927059963 
193.84571546030313  449.34363962683921  -25.12528459495960 
55.63269867862027   -6.63233451325384   319.47334492448118 
197.01526012879953  469.51973974491602  186.46908109432565 
35.92815893466575   52.79037520553145   143.66716993573925 
144.92031318996868  275.31741198819134  64.80663425045614  
180.46037261608976  501.38057508376869  110.07282473434140 
36.61568254743452   205.95007929183129  218.87496773535557 
171.48483478622947  396.18861229386772  -18.63990464288032 
157.62037042780614  439.73363857719147  265.93013984108683 
358.61634341389896  355.05970818979608  282.56411309265366 
4.41821107585060    429.76063468063427  315.47439361704897 
45.60680576226141   176.45671139330710  140.11770222815952 
307.75841348058293  521.83291622869228  250.54773969243269 
35.69728106362950   95.15472575605278   50.68977873768588  
96.09981306254903   175.54597822105859  82.69608501606032  
83.54381874717772   152.50340238402498  93.42423786415920  
175.34822521117093  482.73054502811453  313.90569962773787 
26.63824819791535   -3.94743219614205   -21.40627397679922 
349.38721359555205  230.19882943264463  197.19519748306092 
29.38674361659113   195.06157905493646  208.30925572756462 
81.56401223201306   241.09870410800170  69.29868606183238  
61.07729611749925   2.49738983185618    210.37954976955243 
312.27081699609835  439.61046336513368  56.06816437354651  
228.99337746529864  93.51501097555568   162.25557919871738 
104.29371287926041  167.30443389091747  24.15665440394894  
112.69116857858882  218.31864184866274  201.89568199067926 
291.53541351445733  496.69561301611270  211.80249315792133 
269.59665414860285  -17.28927596904222  104.58788094414467 
229.34175786854451  237.60334773132575  185.92872822746224 
235.70100766069521  218.96061130346493  29.70954288619492  
149.93369722818306  367.46662633745194  40.79303622703712  
279.27338045782892  512.10091259216540  209.36538806955815 
256.23019804698248  -25.17531173600872  228.29117504487232 
136.89359492373572  -27.74746242406057  198.44649222701193 
36.68372247135225   328.79794830628970  121.48729198462422 
186.82367089549209  72.35802574536544   160.07115028513101 
110.91247137821696  482.20307289766663  117.91357430153496 
170.19949768113796  420.85123965026219  199.17466381300369 
135.52204714329409  270.38393892702425  266.57242713341947 
329.43090094328392  19.87669491669244   138.36298616965911 
96.58348884087826   364.25439835211012  198.67912146750223 
51.40979126560734   398.03595805719743  3.68881163745716   
123.63976542191472  393.33236069866126  84.40636692237290  
49.54450875241255   189.53854888931471  280.17763386377868 
79.30996338903765   265.98851619625191  171.29289601438961 
196.97371548087230  225.66415935471761  261.61439212913922 
80.06017956307144   242.45056263379684  -14.38230634694010 
24.53649807877489   351.11432060285102  94.00185476982269  
288.58429232983792  102.64671285118746  103.99249060690670 
121.58087692579224  337.32054812075268  237.31227956510224 
208.38751853786499  74.37772589642424   169.31550099984383 
35.53938866056850   -20.04690044447504  19.15490180268744  
109.88588352550410  423.21484722974822  175.46431954241265 
157.26556170909660  120.14647756119311  112.19534577181750 
99.30339598398959   150.63768658547383  32.23248992810423  
18.13770956908512   300.92269300330719  273.22656355775769 
275.52619153905476  217.62420233320984  58.54484678484873  
290.95348536512535  282.52452276782651  -0.42507689536197  
181.66931008681149  132.72999021746691  75.08106627530988  
48.98064565455444   124.87166146542796  244.51712848255954 
66.34639408311702   193.01889687817146  218.57584194464141 
221.66458069394045  221.31963061708959  87.38063321498512  
294.84947353238834  202.51038129429509  62.91853521209933  
104.91224204963110  76.50430946863948   311.01314555768124 
285.79170917490092  303.17875482308875  50.94048156213145  
119.74985843533867  248.49387872092046  89.24671031502639  
280.60042441451185  19.19295214339467   83.84728438029271  
39.00945812633783   114.37049278390958  194.67874730148171 
305.13015797834652  247.69238666804426  -9.50972846303554  
112.81017927053765  322.92592940620267  -23.37308818371136 
197.01036476020582  186.29598276609860  328.13704229056680 
152.77441603403943  19.87060193832059   314.39497076377080 
241.61707016475995  324.89102794370831  177.95179852704658 
316.16211419038046  273.80623509895389  161.51790593354838 
240.83938957865362  404.05950196836375  7.74964247508319   
74.24041598056958   278.21309900705876  276.79887402801148 
144.62033078560066  236.52766047286616  111.42902133212857 
359.91632683185196  491.84388778360642  201.47378367856246 
279.04056914049062  105.20056908308968  20.02643121066117  
147.55202265546845  445.25773628562655  240.09735758277674 
190.64700019304598  529.75728124659679  232.75103651981647 
31.82365135543627   293.54756084839664  -9.95691951252714  
159.95925926075802  286.67656532094600  259.22317104652052 
220.68253567485863  189.08038951481873  122.94743124731190 
297.77139310863390  386.36450732473770  2.50726084130508   
82.55420933405163   414.95660080830606  275.73571503273865 
46.40743901023651   37.50759270377783   217.97146015485538 
38.48806498461111   334.00646698858645  2.92400880007409   
196.55877785355489  260.03675026069465  -24.40929810972473 
17.77205243900674   191.54789775534547  12.08834392571853  
52.09190624716436   161.58142108290608  159.67102605360617 
338.16614051508350  422.88802147582521  32.91739351675277  
207.20613825039084  403.77247598687711  2.46849946182105   
318.33598913420076  479.15531344046263  167.10624082962423 
131.02247932080783  410.41336715013131  134.90769686224377 
159.58155958170354  371.02471210577187  253.47772197251203 
277.27586045001487  246.81487239433602  77.37518327143459  
289.71535012029739  240.76030817128623  172.76598586798244 
108.50660956328254  267.99612955544723  231.53810848762527 
277.27176358706998  219.23280714488263  158.70370733333797 
92.07435837328441   361.96274211857781  193.22992390095976 
346.42536139072718  154.38306294193200  103.52160601442563 
72.21506293978854   170.75768225865627  249.52149284692280 
343.72037659730478  328.25467634201419  135.85969944202361 
97.21283975129610   217.49497602271015  253.67783738197886 
41.40634707757208   19.58361197191381   78.47245028915279  
304.94287294327546  98.34481834562075   151.38565512481279 
336.29946769133738  340.54752103110974  306.22380006996576 
39.63437239240253   482.44948844647001  58.36428183397408  
261.12302188019044  454.50506534307232  13.91237830232453  
296.52992213716192  177.25965721424618  134.41606515008468 
324.82605798684909  277.50638099056835  118.48774647641974 
319.27406285838322  360.31493208304852  50.89886192067551  
344.51636246527090  390.45069872569474  273.34673828337299 
4.18454210762178    279.97626289467661  211.54368613433530 
6.26819545869912    -11.83773905780161  81.33115014106819  
184.26804571920022  192.78215670280235  -16.36918782391525 
215.34862710454732  158.43593194179635  130.45601842726171 
168.68545340304897  363.33891888754084  285.65648725473648 
4.16578413030020    144.74920754058525  323.43142382122858 
320.44753219635300  446.91368130816306  6.47076343721784   
151.01413882798184  428.38675221925592  151.04522338940504 
276.47150319159920  345.19511642950249  329.58896296061943 
264.89569157390662  340.51202143493168  79.40377957454953  
217.93140486574265  58.29199305985044   257.86486795479391 
199.17928390810138  144.29083916331390  170.89559004409597 
281.53188202021988  229.51518482951093  31.10083601906853  
334.05788982791961  33.81781235536410   242.75921505830092 
218.76862484873524  158.61027954033358  27.22662889487058  
169.78536824781048  290.26546553281929  171.70304181742870 
208.68986365062165  466.91908441974834  5.73051161021917   
105.27116989392569  281.75008888969751  63.69959628345383  
250.74584290381603  191.58255674496010  271.54709172640082 
156.85368302786850  263.98710920292626  266.49793186623612 
234.57169645412935  327.40411409881852  140.33955481850131 
80.04948459432326   85.22392279976825   -29.57827682810935 
139.61160248309466  215.53147386849690  176.54475090972423 
184.35180347285512  76.43946507471368   182.38653989849044 
292.85898235542692  84.78998485496527   26.27699236463660  
9.42390250595675    49.58858037344136   228.62163565929808 
189.07162385510233  163.05426817610893  253.89804491290010 
235.37296822221916  31.16000472229085   231.70427821283079 
282.56096244766593  282.97138143079928  241.49058696354712 
357.54313541607411  433.06398948190133  276.49262577413049 
67.30654959902958   334.35893422751974  142.27775001044768 
233.49559918712566  321.11853101369513  61.64095196137660  
23.43610715927415   300.48618608581273  13.79878107645863  
243.39076465040637  7.13096988474528    179.18065408320319 
229.97995441758326  497.59770915355773  279.10269093160213 
87.81693191959366   500.82643483638685  264.49980809771967 
86.05100050740407   406.74232065503179  269.96875259918198 
203.84792456690619  289.65893854348064  -11.28827321968751 
64.24386274866855   9.73082785632243    -1.54290351461438  
145.43440698118093  -15.07599801491737  86.53021354487257  
216.25008769043072  414.62434430773698  65.68825407183522  
189.63832039912435  214.04816759385562  92.66940287300315  
174.99567589635819  342.91773074816518  39.40097616518558  
157.28892702470904  66.76340837138267   49.31121628729211  
180.63644522155556  87.30670762696489   15.44234481023074  
48.64929233055976   156.87034261963302  50.15340457796412  
190.25505962555513  170.27000518939045  257.66436088700249 
194.32255450861791  57.02213417361509   250.97554745047336 
172.15102480410420  515.77333268870700  -14.40781049761862 
304.13352147782837  333.38762370218421  299.53870512753190 
249.27636484952237  401.28887236524849  228.11904709003790 
306.98304101755662  523.49352099741407  323.66733043467258 
249.77797478192022  422.68049876519160  33.62731857528971  
310.29053699801847  190.72975813463702  295.28028302302675 
122.05188136655296  365.82838596000437  131.09554983433790 
266.76080892713270  514.76686663937301  16.17404464225583  
96.43590343580476   88.23127997316681   114.24085662209569 
190.18337652195234  288.77053454020825  329.56062797851092 
215.98376949876510  509.97259326585640  240.25648685786211 
150.12111240772703  166.11644949465747  296.09401029115185 
7.92095992480513    388.93909309471655  6.27377465622239   
267.18647462151830  229.13749644988729  118.45449489974646 
320.57084124422352  -23.99109386156788  -29.93352808117787 
154.90779081139038  318.84311082631291  96.73733543460280  
212.58611380301238  38.48024620620508   218.50846523786976 
238.40806053511602  -7.77769437715822   -24.62083825844059 
56.32260381700291   313.01526452996308  135.94613406089761 
177.97164835388961  127.83537485373355  282.42917322169075 
329.43485337674053  351.47294488870659  295.39627756727168 
292.65697191230237  67.09807881427781   271.12266457648127 
278.76444606619231  505.64636557666233  323.95623460200187 
27.14133320120154   85.03190251022941   23.63473680229019  
81.00817216083448   464.38936421143234  -22.38229161548781 
68.36151870647642   204.55796068358603  153.78658358687528 
264.45470962513252  211.29723736661015  252.99672870368317 
251.17667310117494  362.65058935097846  289.74597779617255 
24.02867698089048   379.73289542473333  18.12801444515910  
335.72104146846885  241.57301876640332  71.89001369137091  
29.78958722431173   272.01705506797401  288.06245898021126 
49.65218983548711   114.67288537665027  -1.72688351005502  
33.42157937906405   270.96148190821447  238.06513559649471 
54.50027846096022   243.99443188227383  82.99418326783767  
279.55495455334221  65.03656392839169   9.05181999916948   
9.14813886714856    254.87650093059273  305.76227880269795 
225.25921205747400  57.23642412978043   258.05115989904294 
37.93559489876029   55.59454473744746   257.50922202648354 
291.53247855772133  412.50186536412838  -11.70931206855651 
219.65519117382948  -6.73984286554594   118.50390464949427 
309.99816098885287  77.40879516345674   13.96785137617719  
294.91860739227474  441.89763049176833  154.88058788086946 
99.53236338447194   123.34573855867606  118.28620095555146 
230.13765438769067  64.52093870738489   -9.00560109574165  
142.54425310471041  212.60286294656788  228.03246991474771 
227.84303646674473  -8.32558039924303   295.52752771125461 
251.36584562805083  515.93772509165831  199.61391321340074 
213.72191230715748  344.48677366842134  251.80125417696291 
81.17817318499259   292.61802812732878  -23.18208095091727 
36.45874876521255   18.27023096769193   26.88412623086491  
109.23813925688492  106.48424580229323  31.72456220413414  
6.30701288155993    5.80900569331558    249.76708264824634 
356.04667913579982  91.28963158252063   309.84781997565392 
155.22270663396782  82.22231326738816   306.28536153290986 
77.17332735246839   310.52118711389903  213.80914310646676 
317.48600168083038  63.20429719348729   96.14256215848212  
249.32090057769278  153.78043185950983  47.04695572264285  
223.35607090836180  342.98708523813360  36.35610009817745  
239.21092738586546  54.66513403030659   182.68665066253470 
52.12604997189790   184.04563408436394  84.62577140673922  
90.37740615216825   -15.80219481430901  278.19763371685696 
39.92270895351136   -6.32872964707243   61.36479536418517  
60.69060492241935   266.02318641858216  101.85810725193056 
147.62193276886401  221.92209088110147  132.90363640623110 
72.04343877684995   247.77017043746861  41.86810394032827  
265.58931968575342  76.68607536517848   14.41354416364142  
317.25406902742941  254.62098560598326  215.68099371697170 
64.57695270335435   407.86193212337923  -18.84115573535269 
64.74974195501694   328.38679533581228  -10.53512461159354 
18.07015047043731   347.32151537519240  241.15356731623393 
213.95329852424965  291.91499402031064  -9.82179399020001  
204.72328959895574  384.53011819021441  172.60880693833121 
359.47277087465642  489.19741231173782  231.43707593300672 
289.69816863033776  182.76747786936124  48.04532653487739  
346.30849312544473  241.37590607631068  174.30349986881166 
127.37072073652443  125.69586656037993  304.81680531745707 
68.18827591459497   19.43570238568513   177.19380735485871 
263.88365379831748  513.28890990302773  16.16337567830845  
339.90066275129180  456.49531907328907  48.03035134220150  
243.77612361613751  104.48545133392167  245.13756684363352 
42.70314801353977   159.26931974454314  15.53226265341215  
267.83605320155431  271.58185572546131  186.44671992045716 
231.02755196022176  339.65331107519785  193.10403571939770 
29.46815429124175   375.17177702297874  134.69563850359333 
310.51581497070742  308.52514674265802  -3.78843705733095  
187.74490204514700  396.66385331022451  257.28221397610685 
174.89946848702542  382.99333968467431  323.98369930747316 
138.61444880092080  153.62978461818676  69.45370744028949  
356.47620248071536  249.22737402448746  97.80222166377018  
104.07896528844472  54.43985958302781   27.84876307618887  
204.26112049282267  517.70586001331458  313.78743300113734 
60.89291440246267   113.74076952229231  53.06722123296977  
46.79593032254174   298.53370925844712  188.65582678201937 
206.89351871657081  240.02212260306470  323.61769209458953 
32.46349766105673   462.39480936046118  242.10114896215629 
182.83957366828341  432.21715763552692  -4.49874613118759  
77.20296611200553   282.86416668516881  267.32018584523217 
14.34335953964590   526.41674631397120  20.50846758233504  
103.08877675810996  503.96839087856608  76.74033711196438  
163.29669340015494  386.92117427068206  214.40657298227393 
5.61630705667954    144.06311682688300  231.23330088588023 
270.60537811306585  -4.66904118037483   -16.99077365653505 
74.17471058062462   136.17713688648109  110.48782417715859 
183.67923619392610  -26.14815048693871  307.02431862598849 
275.93304202838544  258.62423849795903  -2.95749208233342  
176.92676862897764  400.30082137402752  308.95263798313169 
306.53329520839787  518.53330096615412  283.44824403670759 
210.54309467472336  398.45775813654120  239.83396266313071 
320.89881195547315  116.75438486957253  167.51679852312691 
185.11072382956382  103.52341029264841  -10.25546551179553 
275.00607806111799  257.22057997275664  14.15036918930076  
32.09645381110637   333.87627611350752  -9.65142288879173  
45.86086064463632   33.79400137796391   17.97567297915703  
139.38123571139010  98.83492526337653   100.85197619516919 
18.96448079962881   60.91242918034450   36.59283955270037  
103.83691421224407  213.77321332812031  24.49607249260826  
101.09643310402843  -27.77845937110147  4.61679656832514   
281.63729812979329  399.55322874294706  -28.57422039164123 
241.40435689062321  214.90364063683765  169.03514763208531 
280.11723543033810  449.15782043294899  -24.50485344489952 
294.44015259975072  523.36334182156497  84.13971760762743  
207.30219135133518  468.95297585013407  159.48787981428524 
93.76997010600743   68.49575181028490   -0.17290853532373  
73.12398985249723   527.83386594808076  255.94022291676521 
122.17290753028797  110.38386872793910  236.90046521747576 
133.31697665588720  16.52287258441908   16.78568624224026  
114.43034621553157  506.02296277589721  261.84430139703363 
192.27426882017281  488.51733981355983  226.40503148382379 
