236.28499415891642  144.65142996810698  60.18836530415125  
352.68526321537195  -21.14486791915392  7.30312036232061   
273.51120660066613  100.68754466962923  17.67845721034326  
326.38830705436425  228.06149130260536  317.46081277921297 
318.31088076401107  253.82971669208297  260.89765261676246 
315.98825210523898  42.48302642648324   34.83845058968099  
214.71602882800028  270.12282614223307  320.82109965300185 
267.55491373670253  214.84320817328046  -9.09000946512483  
167.16670691486081  46.85737648729065   62.25463219839290  
117.63166410819044  116.01973391287385  144.60224171497961 
72.34970854135717   219.25863925707864  269.97503197987288 
38.83185833095902   328.48268418209199  29.46212099299844  
235.65455655506486  253.47886173895301  83.65130579610658  
28.88770418644755   18.38082871056401   203.13816288644134 
269.48867324641697  148.64950852720489  110.38506146713897 
79.30777448326869   -0.80038795621707   34.90444849878733  
36.87881120365812   88.31699129383256   143.96953691174420 
108.15520486159896  268.57588597363679  248.17888632454901 
350.62808060493126  302.95589588776875  161.39475982691181 
278.27573401717927  311.38893776564367  163.55453448576992 
221.23907069157909  137.53970317134517  206.22815406895145 
338.77425581916526  313.27772461299594  -29.52530195667894 
135.76522154906826  179.68737072982611  114.85719654887768 
205.60998430100929  135.32755778441532  209.07778330106893 
347.33803902727931  292.91377116456783  22.49909184303478  
71.19433987514253   275.02529511637448  74.41670298537259  
269.68705432480095  189.45276212089323  36.40383996580032  
282.33264767563765  156.84576402570553  245.34200577090752 
223.37791707180037  222.07855338188133  37.92296639619987  
24.68736854870525   168.48812113898634  -7.17501824739415  
29.03857519681017   318.34421336895957  139.67388913977021 
2.55195630194368    80.22774791368501   236.36337757465407 
26.14913510256254   117.44675418779255  -12.97886833604210 
4.49200033806982    100.47627531682821  173.70345680216883 
308.67328719987302  13.31082619210041   11.92163647898477  
45.71830460467103   80.86225453026768   140.08939044895993 
311.09974418513605  173.18467140174351  136.17019471631369 
79.24644107871968   173.55673929286851  92.42385339794382  
305.59420519147284  104.16647345216296  13.46267858600599  
17.86557816644389   303.11221930946044  275.98999900626342 
191.99491963608935  45.39585346801418   115.94523276536319 
142.89744590810110  326.87277823334273  189.21904660312345 
203.37599578925455  328.28091942078748  289.19715227773855 
8.80419014309803    239.79677268042815  271.31071086051850 
117.56325722297551  94.12977702190506   6.80463248989128   
74.53346249917379   110.07764222290942  175.70280272258407 
347.33444157071108  227.86672629164951  273.89124046733235 
339.73035522182244  63.25661888287358   -20.57123711201600 
254.86213868355404  230.43906992702114  293.81088707895049 
69.39354639075557   278.18134901103087  287.52741777695456 
251.03095189339177  314.73677259154783  84.11439681828685  
295.45322513929153  199.82309100665279  216.13105229328804 
213.38878777242977  240.51057352457116  167.67334286440393 
290.03241550520602  132.41691970973181  186.12731248959344 
327.49743591166521  244.64955966153161  87.34393672202910  
306.11713438503676  162.23088959077035  138.14990591734741 
351.18102907522183  7.93606683120790    18.62465058138069  
211.89919840566731  15.75424839366094   36.06482688926984  
90.76632832106615   223.23499842838592  183.63809890229723 
334.52295776564449  156.80248449855884  63.73845069761921  
257.93751036025589  101.56954555314053  100.10553799532053 
184.02005405838869  89.02532477871083   145.09802495289529 
325.13025465086844  305.59748609142235  169.19174895370767 
235.09119020522277  -9.74886869512162   5.58719230757755   
92.30543669482921   175.09652895561453  163.92748668947280 
33.62971941547228   59.42391610903213   -29.30679577559143 
332.67693969312751  95.40989334936580   193.15246878775329 
153.62948674484434  265.33687615363476  121.09308680895538 
272.21705577912172  16.28748007739780   163.44762057054473 
321.65177643761751  272.40520494446844  67.31190880089919  
135.93753302720992  232.79285590900218  238.25071765107418 
323.45655118658016  -5.16136955717321   -11.65384762606860 
224.94086544740210  54.22143550964310   111.90924763246883 
44.18192430940644   258.06547073411571  231.30074121523410 
208.32036843875551  178.91974801830042  78.75817417548159  
317.95829597545116  180.98132533032904  118.23240186247676 
41.62612884641801   310.09749021952592  57.41408234580977  
7.92113668314118    314.51374473939040  282.25066935320478 
214.26318246970067  185.12507655678797  82.50949560824914  
238.07686539053145  232.63810714496822  141.25749632357739 
321.92718072667310  270.25617554537268  31.03193319328335  
59.65300248398541   182.78758642193793  153.58940126361171 
174.92513421108930  220.14880090140684  59.13680562611812  
165.30957355606697  114.22985726536052  276.94630053939193 
317.73943774887874  294.36553850954095  -3.47270675289616  
301.91426052074854  238.70388848441735  302.97836305609144 
295.54364845808391  243.59453705144892  150.03106612482341 
110.98314906648001  117.90647664594414  165.24964709266220 
277.16704521611479  -17.63473516314221  108.68274238071700 
151.34337811774390  75.31183077658231   281.41457040064938 
197.04486629431892  67.29504135360565   50.29023396952057  
330.12459431779882  106.22446476402638  24.34455805909412  
2.58598015443680    107.21936563701155  4.24227820718783   
226.61889060077357  43.03685096537103   177.72105309640310 
300.40938105945384  262.49963735816675  68.40603370379188  
288.57433059521804  218.45983093043975  43.27450209285311  
160.87179353116733  217.24624934504266  52.15351998493718  
91.36424438681193   113.98271199002048  51.13542739275978  
127.15826555984502  269.55452871172224  312.97575259552741 
302.82980611293601  184.09233543012652  187.29680895897604 
222.45881270243316  8.90993566953731    280.83265704811373 
191.69658896850819  13.43006084081213   161.44599085551684 
207.96005797742734  197.68018023278302  123.26215401294198 
358.02257011212203  191.92733068645109  -11.30564390837177 
106.50700135268343  203.78082918569103  249.34925957025365 
130.97963481248780  199.86364832400142  125.50928952002070 
67.71402321246080   49.06952719452737   163.92700036698895 
299.62798416285466  6.67472998577851    87.09739019319538  
168.44873514338227  55.08695759741667   86.31317457053430  
117.73716541415435  12.07698491429587   214.67655427764575 
108.72647804713341  19.43940017624320   29.04211068278109  
173.99998767801944  293.69239136436232  127.63610830381361 
306.08213401576302  107.55319293234109  275.76391509624852 
175.70774496097252  71.27434794153490   103.89140608313988 
322.43748883617957  270.95391199510675  148.93002386061914 
1.67977997654388    267.67772004468026  9.22507800449388   
353.01529636892764  144.81937325689395  219.77241458488808 
178.31066764458294  47.33823310005472   268.44633310505753 
171.75113206520274  310.96957245571048  134.15613145357426 
85.48505082798083   151.06768097173040  168.85724216053714 
193.91961265403904  146.15304802112837  229.46540899416681 
108.14050498039303  296.37818060018731  93.89581995599505  
129.07188330259183  -27.37316679947321  301.29690290237801 
167.17034624266742  29.11387143239509   5.47573772823857   
99.74180824184197   10.78055505283599   169.72327452695575 
279.10684173394623  267.09064569265900  145.25886305657073 
301.71239014538793  190.32119984624777  322.27306914053264 
17.76471541072873   51.36479545343094   126.17534583162916 
317.45206519186127  150.67046747225587  72.15544711327114  
107.20545699845157  94.14946539062038   91.99570816402571  
12.09773827870173   222.76525700978027  238.46909464189730 
211.60241531996994  267.40630421112189  58.05817358960984  
246.11302733116116  220.11464555040908  67.41822429996355  
329.11932371184963  157.53248950110660  27.65541804732820  
296.25485958661784  213.01601498965107  303.51577525704528 
352.06791017540434  -6.15263179669336   132.23484726014627 
290.64023520974786  0.25483731740377    328.88927014436752 
354.94649875851013  43.71254964989988   302.33470883365851 
136.75489409848331  101.01532853662948  228.17150634322991 
121.56825930094281  115.32770882672958  15.85753554960660  
327.00417711808251  117.24237301820770  266.33087317431358 
161.64802627969874  105.31205300223809  112.79578664137176 
199.15249240772022  88.92234979875259   100.99059185632814 
158.36052220258370  204.89928535676648  215.72159240417676 
119.09328346610818  10.26684766476574   -5.65023478577869  
339.94416726800330  8.23479409530164    255.24427661842617 
340.30852405014718  282.35681220172586  34.43241426018628  
12.70677794394333   85.22029769863522   223.45423186098432 
355.31427826125378  135.65627022285662  195.89597128569238 
174.73960062389892  186.76082985121525  62.52475171712418  
278.21125388464839  71.20992978752386   258.30721469644345 
78.86675432335474   -7.54826635574861   5.55714022903236   
214.53698372199005  191.39459586422728  191.82019183866527 
109.46624278672563  323.43446481763323  320.67596152491660 
269.45432925867414  136.38700964153307  -27.92431291715646 
108.21993409631023  130.97951584618895  126.22137388907004 
63.17430134152565   3.64568099993652    10.72480483855477  
81.27735458375733   26.97523816793281   144.73528333541088 
38.27758013030056   214.08094280831031  122.27755520315014 
31.50730797109316   5.79500861807003    237.65306234244167 
276.70721491239163  246.23647364291799  71.51998797133159  
280.16244363792651  144.09838356693447  -13.40585138719378 
334.24335759035324  -9.52898170985151   234.90104916949861 
78.43851101795842   278.04924690774686  188.37863836839566 
216.14373977371514  21.08440100626640   228.64418984455546 
222.22492486462727  268.44781223474661  93.19986588720269  
354.03174484590994  232.21125400156757  115.29269189578778 
307.69027278083917  -18.50873489509043  298.05297936372966 
36.49252841622420   16.62651351849447   304.19773495662361 
141.15275511774706  -22.00579518841338  261.94176905919596 
146.18839054770785  176.94051924667644  -4.77178961038818  
37.55846256056366   113.91456353224936  143.15155268922149 
22.74276041288001   254.88586014137155  243.72554311885335 
253.04883621021403  24.43515298712643   288.82037787030220 
316.22152620816303  218.51514358029146  52.32172592412797  
265.47568251017117  223.49756885083667  33.27001802240299  
242.12966233357704  126.96661921138730  149.72646107087655 
188.12531624494693  39.99543383188210   141.90476499234487 
328.32709763994001  53.31097388223159   11.64318785259635  
65.99331213437770   154.42414417281330  244.35251265067291 
250.99220225024888  171.80195593225693  84.25334020718739  
129.52107577022602  94.43317414193886   262.34318161629824 
102.72552656564471  72.56718825130338   22.49138584569827  
322.07709075449634  218.86084760701385  41.65689634791650  
92.43692423753939   307.10912477966770  27.06826255141193  
229.86047128904320  50.05301810708441   320.62865530456543 
158.24840616813140  290.93069186383229  110.36421168721952 
111.93498404902772  308.91282608765033  88.60953544215755  
89.33891056527152   122.31655675651649  160.68515902952109 
7.23940265153809    248.70989540727049  74.96482588875078  
220.51212142770586  66.26011302657338   303.99450203323147 
299.64466215140197  71.38747490216274   125.51543176353391 
78.81782232637723   240.96061894212028  20.26436323520507  
339.86467835998684  109.15552199142778  169.81630206081346 
348.94511002291438  120.94968986246320  66.24794209131892  
42.42311927421169   84.43651978299533   55.69621433987015  
48.18583894254596   301.36692140415079  110.19871873086333 
199.67959660486449  104.23186646955662  240.85142754633057 
333.34852938037727  297.10561331455665  225.58727220713138 
276.15974193277219  215.58323327207293  236.53942858409994 
295.22352336740772  77.74406603601187   255.88860975387166 
7.48172113514677    78.47550141466439   106.38443909819085 
41.09865272474539   95.50277692159327   326.60954270498678 
252.58560304592402  134.58491595069421  291.03065756936672 
151.37444094332042  282.17197026168560  96.24920601310524  
359.91785558297261  278.61906316124157  12.17326123055125  
277.65985861914982  221.16172132367956  284.84780000016161 
142.51927422841695  221.84584549625683  52.92864743777918  
141.34192568284007  141.45270817940295  -18.54961836602051 
221.15452032862518  197.54585093927358  93.03271768051923  
256.20945265693666  293.32489427064104  301.81096462949438 
202.30186422725339  178.47692236260283  29.08402104191319  
298.39569635124553  72.84385788432670   193.13500691126725 
81.35120523236507   170.28924318251478  194.11350779873396 
107.14756950156632  265.24804462881025  231.68383541195504 
159.97271660501181  144.97927364247272  228.63835267562945 
158.66760044034930  11.51657820716031   187.15666999146728 
148.38657592261853  9.15055143164303    -12.37833138111105 
292.68135669404899  324.50055781982934  135.38445140490867 
153.66209299771538  228.97506552921755  93.68585186896019  
346.74416362139351  209.33047971657706  55.65887755220623  
199.32704103891834  305.92923069256301  152.62706590636944 
252.05691788489119  77.31526472262442   0.95737574130224   
211.37309938655804  169.34807783183766  261.71869222925596 
10.69693691901662   283.33528325692890  285.48813117980484 
32.46700059579025   -5.79067685398829   104.61195066135701 
346.30255426281605  199.28776972825767  306.86123672925549 
87.80603807908759   52.38152755791444   294.34874212755716 
85.22820110639968   17.08079353165331   251.90961933401161 
190.53423145429892  206.82252150480076  257.29217801960601 
15.91115139540197   169.33544561928457  194.95735524883690 
95.02881201109757   78.65632344321996   -22.16445813675548 
281.37984323573011  181.99474772883806  2.03354577992891   
109.48465524607546  209.05560426010649  189.16869386681350 
256.08569129398325  -12.31524621565595  108.33965198749522 
188.78543879685404  171.43278944283034  316.38779075327267 
354.20138861117618  153.07885234759405  229.05213363985956 
336.60884397966254  148.13344302441428  277.20641583652332 
331.45085068881406  258.27525952452862  202.46551444649634 
233.39690144744694  160.38415737592479  34.52848483455010  
24.26026876193173   65.07173783338224   47.87160789503282  
192.73125846074572  -18.26039184322933  290.75404516615362 
72.05177244097790   203.27986594393872  33.41179640374015  
343.19848321789800  204.45500478501339  242.58890131377893 
287.49711439133102  309.91995462667541  102.57027621373902 
317.93683485813381  67.91964602223646   27.26311170074413  
186.03708493532963  67.51134548149633   137.56458995319699 
343.35902553691210  288.52918064407174  241.72557186713050 
45.43317001566515   226.33602095102503  -0.59745275564472  
116.64251345659952  4.28010373611849    299.21173261899906 
60.97597981645791   87.76358880805182   196.90257633621655 
303.97685684872590  153.93767050764367  118.37075428687763 
191.51315440644262  213.27320045381600  67.12269554292855  
70.79826965793956   48.65177779581707   321.67118904327987 
248.40964592109302  -21.96877479328455  118.68628109597643 
129.24830982767344  142.64773319611052  117.37030781520008 
31.34576783003263   41.25111475743975   306.16645334675297 
162.19496208651478  17.45530878485674   -5.24977184720983  
259.17399112798699  175.83544484417035  -4.51662790364347  
0.81239596553544    81.14623674797527   110.45736839300076 
126.66273008573792  197.08361204125552  115.34520752016087 
6.23316919370763    234.24395542855854  127.28888550404019 
17.50483056143587   216.60524097715836  141.57554738062299 
299.17072295237807  217.94177133934696  46.19222494370402  
348.15642057789734  254.04451223555117  -9.37241469475305  
135.57809056439484  9.86408780454300    282.75328414073590 
300.40190461517057  307.16443584880096  -18.83623638483535 
235.53682880300829  301.06555379602747  252.24592716089842 
272.17067343516203  231.89925788677169  328.78443175994761 
202.32330292338759  306.69309392068379  226.03014246375346 
1.41219675356262    284.48227621926736  45.27762780412044  
268.26679319965149  -27.82278702137111  100.69293302733865 
32.49076711395050   -18.34737461341597  260.22573971328552 
198.90093198569997  -12.98994869429847  145.33809963523481 
102.64429292176318  151.65239047711739  -4.15782227094489  
145.30291594582630  6.23198552640519    -24.26522100488227 
20.20807489369374   246.28289177898722  252.13995560769058 
42.94681807962717   257.86538877985083  249.73627935467238 
178.14742504125749  286.81988948458138  139.00363206279104 
334.33701559217099  302.91353651115332  2.60440939227684   
59.18649659730644   43.05227469260242   82.66773229417495  
1.19720972372627    93.76970525912859   229.68554483031005 
216.59170737102008  260.96531335881497  23.47315552641846  
172.75178128462755  18.16007832646228   189.61476422731874 
36.94769009521289   239.40791366959991  93.12130355275177  
46.26137463695952   268.90397142754455  162.89677167485320 
6.27002544674570    23.14534307890185   236.12197655916952 
109.08506348184244  193.63844040102740  179.41529323181072 
177.54986255741210  317.06007633300294  -17.59166476848382 
162.37668304563755  306.68774098388445  17.40494158580001  
48.52258592942227   278.90357206333289  8.15181080787406   
2.72790225142265    -5.35500772465605   268.18218616989969 
277.37648794645401  257.61503491377294  175.40065948246348 
243.35141946826008  258.75202784567648  24.27049255596484  
65.42234673282363   209.77089981321834  194.41261628704979 
112.34691442717426  228.14426854138162  97.14440673554019  
336.77420521391497  36.64188354660917   226.49739086099623 
93.92886750809292   120.89592213744814  173.97072614026376 
5.76367341023716    -22.55945813452537  42.71859902552532  
200.95070579836965  141.63697620934599  120.83141031309614 
286.63349534599365  -20.22792962977912  99.53482951996926  
232.09505220374277  293.12123697832163  162.87124174424940 
285.94535679023460  -27.21474887030002  302.25714182173618 
98.81339581989212   29.63315382835132   300.44084077910276 
293.27958758170450  321.58605629809995  21.54224127264304  
48.09617171779552   70.21669677369408   148.75026416850292 
298.93047667612063  94.19708156729745   100.20319711533713 
188.90154796251468  123.06212529636818  221.60490348995563 
236.91245312196054  213.93337733465330  277.22041808641040 
279.61243047142472  27.79950240375260   66.07285683809421  
282.85691865825100  24.11696400419495   62.31139017836949  
105.43501379277204  194.54565916015264  56.11891447526989  
313.74139685832961  70.88856207461868   155.74426550154286 
226.68448441167834  34.32590024211332   78.88756436739577  
45.10322346207504   206.38960572264986  83.97945568926485  
94.19168164727103   16.65038835324310   45.63506678174539  
174.50362111155590  192.71837548180304  323.40180736993250 
253.94406289351130  172.51935915257124  312.56368059767885 
126.94194878977459  66.15832828398797   285.20819647754155 
252.58082156735597  190.36129338763857  62.00361017591305  
235.36240279852430  102.84440261763990  242.19416354502090 
73.14010292502931   33.23531563200365   0.64027559261346   
21.25291083293837   -9.34081779022512   84.88057320243368  
350.52851882597054  243.30909796077560  113.52649293179857 
160.06671216569865  201.38202303697210  113.47198592761924 
94.52994976457056   86.66817001282399   292.81807210366060 
69.28047597542775   41.68947751910960   242.64810554547068 
149.09940328470304  313.14579029549685  35.54390542118040  
141.29125567811161  41.47503830411563   130.45895614617760 
165.16048243787463  115.67086863852958  202.05083360049528 
82.32662139398975   261.08319141653641  239.23974240496290 
310.63261267279285  273.89346343704102  23.73073916872031  
266.89472083183693  125.89883471780107  77.08084089348667  
199.16574084936767  78.06837957059678   -19.29877393279433 
266.54303870560591  19.08119550267844   152.61493095145499 
3.46223566090285    125.55385379127137  327.65100742384260 
216.84617522892907  110.17827585912545  126.57957561271601 
95.93663766660896   136.47328141881300  132.85638893553738 
316.57604472096079  38.87094189533327   99.10893204059627  
296.61322803880972  63.97625482456964   322.62161771461825 
337.52178602644767  282.39326620806185  92.50620932476892  
3.83014005811738    241.37574393495669  167.79449595626303 
209.27988112199230  32.97031376657902   264.34285023764176 
47.33232551193709   211.66387905199122  14.74924356971651  
358.13050736618936  292.84237391803453  53.73027691524830  
349.49496982856834  123.58525555066720  213.07005259145612 
176.03548023979542  140.95177324404324  48.60552386281930  
15.40742333411118   218.59770458946917  86.77025030653317  
149.93462999169020  -6.71205816655421   20.83567342196445  
15.92673039104606   23.50271775793623   310.78956995235802 
357.46941807184652  254.05295354070057  325.38023115356094 
246.07060224155057  36.79453462569064   32.58044005066757  
27.06488308273822   54.95386924724401   23.39552239243743  
104.83232021005880  40.43289886229257   203.96394750135863 
195.46873899665022  122.24219956322995  289.98343340290165 
199.48185662502729  226.19017497248842  58.14997839692950  
106.06446860679458  273.35507674151967  7.50373653465911   
240.31150004224455  240.43516706993677  134.12462501956105 
338.44421845391247  -17.18204470155306  116.14494127353527 
278.08555824211459  127.94664356547548  263.50179386432433 
302.42951220109626  284.94450888556435  143.81693588627127 
39.28719594288438   298.80681988502073  211.14727482953643 
112.40298870325222  -0.64760770982901   4.02048447417643   
170.06192829157249  103.58601725928943  276.92134818121320 
52.77954719734932   201.67543669139272  245.42365819409099 
102.17610097168132  101.41639986489389  135.63318605596683 
65.77463207285038   236.72169851649278  297.35764876204820 
84.73951071823977   -24.19761630266406  198.67563452054520 
179.81052438157036  257.06580814724077  87.03060489602973  
209.92570533784246  71.82337057975120   280.15457645853780 
246.19854246919263  226.72169769256953  13.30294577911713  
54.26019613961714   216.41569811734570  112.20571371797948 
65.93702021857544   54.70103022918090   81.58534883324540  
206.00370146919357  64.21520233734536   77.04554862115231  
11.47668237624307   150.60213648435632  142.38253834651010 
165.58284101849168  83.90417638337091   10.13296156134699  
81.74608946738846   219.31123660878069  285.15623293011947 
119.50409043486052  80.58823662150270   232.29911123523726 
132.56872497334541  183.66882278053981  127.53135526750950 
255.68854935492297  164.00022496393726  262.75665698523943 
137.02865514643429  216.34768753908693  145.65903927474099 
73.50406191032191   163.60287155500882  143.04517819668908 
185.23205064654076  -4.89032637174620   127.95317770083315 
261.44770388090194  278.29144824458820  149.33409314216198 
148.75045725020482  -27.76807933086209  129.03979153968965 
22.54806805903840   100.59722929855164  71.37907540107238  
236.12248122571347  19.51922829519889   137.54976484312601 
19.96893743792385   307.90681942971742  26.41787473657815  
315.27334352303899  73.72814867486522   212.13864293453150 
292.98310672503032  230.37356227866991  147.40283175209584 
74.87860641151866   127.82971412071700  214.80306694252371 
60.34671140491100   250.56610499899864  159.79400479109836 
243.51102018128728  159.23089839097744  175.02976415437880 
45.01942279372619   130.08062725864247  34.01523331099628  
82.82647029792609   121.15885625221512  23.96642693265393  
201.24304020919476  173.98755292958671  268.84145675830615 
51.25114679390006   17.47069654147022   -6.73461076428612  
202.31134385328585  251.54149679030667  261.73117249072783 
68.04414448314689   251.03103248123392  -8.88692101785036  
5.85744731988849    193.24793500710294  99.78227124842795  
66.86608063246271   258.36556526968502  230.48217454385610 
140.97538964284524  257.90726140324006  18.71205520050250  
275.17554362566807  53.58919208951937   225.65544695110967 
76.18979725577196   139.62885233151457  116.99633868792256 
158.94364701819276  153.23739710197410  242.15676486373718 
174.14439613907263  322.43988195794816  159.18830845587593 
320.05150903739718  -7.31678295261561   254.59355386376683 
45.87870677441163   239.60224512153928  51.25147183405778  
286.21421537216747  -11.20235339286552  304.68725723765931 
198.43546345547955  59.96265348564063   101.99991156287786 
283.89442023908128  79.57481964627986   275.74511324299448 
98.96444835430681   84.64528385023642   44.71970830333755  
107.93381522259632  188.61131788568377  121.83704718524450 
142.07331643279304  309.78396526412229  149.97887999054888 
239.10997641674334  40.92889366907694   91.23868657403247  
233.90008325019735  -26.19437564089016  196.54551310119371 
244.23304820638745  49.80203097270210   325.13966647549859 
272.96968530365695  283.87700587034954  174.80418131411352 
338.03750551948411  180.92282553892403  224.32893700428494 
282.79702855886671  101.43983241520854  70.09916726277045  
198.78121141713734  -8.56219148856029   -18.88913267292464 
3.72799536447540    258.11840287837788  78.80779040370555  
277.11972187869810  214.13378583451637  253.86543595554264 
341.88469237850063  130.48866959603410  308.62807447244961 
244.84498599897876  314.36329062422834  204.46074423843399 
334.69711634806771  60.81060826713929   135.77671873875616 
295.15797701725103  138.14307901283482  200.32904061536797 
23.63857708001520   170.50470160265837  54.22791430197887  
88.54928213486080   -4.07735887800751   -6.73450615596332  
216.80660622150143  55.48357396863057   189.69678282583905 
359.36441605818300  299.06424430675946  320.40167021374100 
1.77929081399623    68.71191704525741   109.81758416968546 
223.57919401852993  95.41626876998227   168.49439607432950 
197.80360462393995  319.93784077972049  180.11601354737678 
108.97121096670733  235.36777140056290  36.86852154139964  
115.35073566244125  161.00870666525500  115.24567241469745 
237.32838661657914  255.38940404982975  -28.51461335681156 
342.45816839965408  160.97180976787345  174.80531452101187 
114.26334870993560  106.28787512249099  133.30655621887763 
26.01281589682417   299.98525990386946  206.42426467475019 
153.62602607904336  40.03950287274650   203.42545738111491 
105.24231488340308  166.90523224338096  162.90658786881392 
333.52734004659453  70.79653960181874   160.24993630591882 
188.58337882703304  23.47942343712991   10.82064215902819  
77.76901050540148   85.18115275832777   104.17979005624508 
84.90226949447307   159.57538377278624  -24.91083256012683 
186.30260447798898  160.03602144756258  271.13208668685326 
78.72318304938851   213.60639810267989  155.45968648573694 
80.96374182666337   40.29600012111921   61.27952911795504  
284.41169074409379  12.86362452889539   82.82155069024371  
167.09644651699350  269.68042818625764  256.32458820783688 
114.38902970119749  251.77667642415440  39.72339165332295  
205.83286564754437  72.49694503944235   180.04541228137731 
210.63185571735991  259.10456539809940  110.28690711430880 
308.93856083248403  325.93644501121162  161.70776579028501 
19.31286019089441   115.98559733402723  136.31733731326457 
175.25392514160865  146.65705439610895  48.49155814104684  
234.34379446052850  310.80573530419559  226.93186039224099 
341.25844769639110  315.49829957193242  100.02370988055063 
193.88350343495074  -4.53806173581468   266.78410738701245 
260.17405424354928  10.76019929841881   248.65396210070298 
222.05432183032551  154.00561436940637  296.20497063851309 
50.87973838843026   -15.16846599027136  251.22167482667265 
260.71597655109076  216.04528988637824  168.21756392644946 
104.58180534051819  77.67541949565906   323.46557609023961 
339.04938729240240  8.91969872031814    224.80898114988454 
2.83379067698126    -3.44525758057492   184.46756918632653 
347.10861128950785  232.25637200815004  -22.13054962341526 
155.24212152734026  97.71011380568279   317.57641020773917 
220.56100166585480  207.84735825933299  317.84800664157956 
6.65267344004354    255.81290238040754  226.47991830356301 
300.07994891373409  207.31018315032799  143.44332526329208 
89.78168048416370   138.15368161163019  322.45074931131404 
357.31466256818595  45.09037203395721   100.74310297003919 
218.63382976272658  165.09406475099840  279.60445130274286 
173.51575529039187  240.75486694112266  298.09564291353990 
241.87687454958396  242.38654631368831  192.90520519891570 
128.92162154681188  102.08841976968657  325.91563044150951 
94.78322764717647   5.17670452741168    268.99890870106162 
331.65427619511678  -29.64668931529093  216.35297215285286 
83.79248559676945   63.09738249399003   106.66009962330673 
229.89003401013261  -29.23634118007119  182.66381609609425 
88.81521595618712   272.54297532767112  32.80477918690045  
51.25169471573744   209.50733032918131  303.55323391616002 
232.59598539303713  112.79710368898600  282.52563266209842 
18.42769247251111   322.17357191482222  138.52977987050465 
346.98016563976421  224.93730582795720  160.01689288850136 
247.35190815123008  283.04029699935995  3.16331671660885   
165.22404867705424  202.99685479189722  62.89460901094996  
180.00897840540571  290.17345138320331  91.52510553649360  
333.05388376511513  277.68028107706027  154.60202994404938 
250.54465913720506  91.27967914910663   260.77030192943550 
355.98496121917276  308.10944857580387  279.09985768818041 
108.81536459556582  81.63237941047771   -10.57588684765332 
249.80457885985916  288.07888965649767  180.18608309069211 
123.19963758640046  44.71688566662272   129.21978419671419 
18.54169126476919   55.00779814016862   281.11625517535361 
1.97069557915831    316.60744303042964  201.78686189500306 
172.39945770733809  77.04662074317997   315.49495963706767 
101.14096733472269  85.56129025963476   138.25307485963083 
233.52082331272510  303.19190094436385  207.97281341776815 
38.19996002317169   309.90730560285516  102.69452760846147 
4.60941839455210    9.58059264923719    246.89185098101490 
119.40714707846337  130.39422952138608  -10.37843254824941 
184.57280685499583  194.20730594153699  176.13753864406004 
153.12148017972910  137.73006606719414  78.27036156972862  
194.05220519638462  153.00394052632151  273.50919502160559 
213.53667071235728  219.72195862129459  152.82418121903902 
59.98764428733151   220.05717604559831  164.20207667630044 
285.02542485941638  284.66217042517701  190.48808397517990 
99.29576697194290   258.37372089106185  159.91875735980744 
355.58705349531078  318.25773179691168  52.33120076690155  
22.44254464291890   103.85110697518908  260.46385053791943 
315.62964287427832  223.79644273481321  8.42551926482751   
2.88671415807496    72.71280858488588   266.07293147665382 
184.03820710046898  296.08734052267079  306.26143174679430 
135.45957262404019  185.65772871246568  84.32205553592112  
130.46794631600173  259.90777348609703  243.43695308441642 
3.01075188193984    275.41324142099938  169.24838089630910 
202.61293325961205  215.48349890053197  55.26900412158766  
286.32346484594302  23.19337060577399   125.71685573383047 
206.85404220370259  152.01211257460028  187.14417386692611 
204.37402270114282  150.84231439087111  57.59748071537351  
241.41078328519166  241.29403654831520  160.71139340897906 
144.23153541414914  216.91635577355834  116.70477907661527 
103.86535794957740  -2.13102907201527   82.34736416433309  
124.90240489566602  168.09599616624416  67.07958768075611  
82.24821272317769   72.78578152122373   213.67578505247749 
280.59014783322704  194.90323001905105  44.85874155955237  
194.93830350869271  328.74982993291496  298.81010952031062 
183.07239475653071  18.03249400742133   92.17879631641246  
345.26308466557447  124.35165097103805  216.51183610431855 
206.72727773071358  67.90969718964207   279.58276287591138 
195.07507741181868  290.46245363519535  325.59580021421237 
328.98432091201238  117.19939954049286  -12.72115093989725 
159.13566871325122  322.36374123901692  280.49687716564432 
138.75571045719295  105.18347446591207  57.80845148076297  
332.12326790294475  89.93273342658983   17.34594042249445  
300.29094432630757  318.75937868648265  226.26272782382671 
3.54095448990345    133.58542176078623  203.76205978121953 
319.94921710093274  152.12173497511057  223.24090897800170 
326.26488191053085  267.92140438247810  120.03424916266482 
147.62692285439368  283.03259631144704  127.11071829247794 
199.01744134268114  278.06903248084791  286.29935115276436 
264.23169015717974  128.53178516055866  128.77117700962549 
17.54303267595376   189.58641826451745  -9.68544183925191  
116.96131686934812  125.66543932222521  149.14497216340484 
189.45457499770251  -27.04858004016790  225.63445345915690 
100.25442918529889  235.07503974977459  88.49699928477008  
90.50079262904435   -8.37744534896933   278.86205730995749 
25.89898960378587   181.41521241893417  180.95253535092542 
150.56910933607844  273.97134808885141  292.60871957769535 
31.30957116194718   56.95871330317162   319.96568284638658 
207.08405834713787  284.17284104651122  317.84277510455371 
98.80172297961064   29.34520135916735   1.07999609134202   
138.72574711918159  91.01527997640945   11.25239426308245  
143.10828342101331  300.40299518936763  51.63894258036245  
64.61929852183673   221.19215615280314  90.70659019126622  
13.19332108635764   27.96148741070813   -10.30347838428632 
67.45551504222693   95.38982209753135   29.84769498400249  
39.70417619321066   211.69070033270083  0.14106642426299   
158.87592458754318  198.47003640512486  219.42632995906359 
207.13929234589048  287.85765516136763  -9.44562250520430  
125.68047138214341  257.22353593571421  7.76322907781586   
26.31720520780873   318.35407556731650  232.12975143742233 
333.22949565603631  77.15957928718204   230.92684880536530 
99.42700891470962   50.19456662638960   98.42334177807680  
286.83997648555345  269.07093213064542  296.59314369772306 
184.17745829981257  178.67811753692789  156.92663654761438 
38.53876406097344   -17.69644884889022  3.57427827096232   
318.69161603152901  26.53672232111583   150.38842793591090 
333.90855861774526  -4.00791154113639   80.69859658842893  
128.55053617784492  38.76340392617726   41.16072550492849  
125.29211464245408  259.38610165209434  249.93322637386160 
260.10739346839432  322.79110755577028  172.54225425166752 
8.22769804707816    174.00969808414547  284.98030154847447 
155.45307141114185  31.64365553404960   23.84221913741439  
62.10629006940201   157.51736232074521  39.83370191609183  
180.41214837044174  33.82230253423143   26.38000064128995  
328.85698983399152  231.65551693425533  211.42050145619112 
163.80823795447833  187.56193402526532  3.46927361087847   
231.63793078799515  118.22614939122906  286.67461407968210 
185.79941295109953  130.37628263849712  276.39166353940959 
167.09972650493970  -21.85592699060879  58.40397000449677  
41.32066674387766   18.92655673533533   219.07859271992388 
1.79037584988819    146.34108667183696  57.10535186427990  
318.28765524785462  273.23463681902183  319.97086067758238 
145.21754606643094  272.48161224053177  152.74530214980243 
24.45292558546151   215.41278128919100  236.39608457823925 
195.70821123697687  -23.90708281230335  142.40614974739273 
311.46137525951815  211.26136178249530  203.32447478541962 
147.84988045339492  186.10318037668850  218.11782577719939 
218.39770657332872  199.45649735758289  106.26652461248000 
11.55945678123346   195.40947951578417  4.23461929296908   
29.38522598607771   9.77325816595698    281.19529055314729 
344.49446459497079  -14.00928523683535  263.25609819696695 
81.02382355990642   163.09782789903468  280.20204130718264 
32.82233990770130   166.92607274817405  304.70813833526182 
114.03476161195800  170.26565387413231  152.32919109731355 
225.29263596861591  1.00513803362297    329.29630713169871 
272.73252606348717  190.83898928141562  117.25606222210274 
330.73134385577475  16.55357386295941   313.27326828025798 
34.44961811719741   -20.00544684227273  315.53594426332603 
1.74600388004417    41.40330375061997   267.04029049111807 
185.46073663749473  261.97951546808895  310.54217641457416 
357.85426094777591  316.56159272150973  152.28564809280627 
98.90231347463038   117.41645168964729  160.78484634471914 
132.18242654339045  235.90142256253318  201.66411962526880 
73.82717205166595   201.38953198253250  60.05819002838233  
99.07943966400381   268.86090754162592  209.79812108190549 
27.41136543435605   -17.49810375417260  160.63416542429263 
129.32705945454489  237.81784353743933  259.77005992696076 
98.09140948673760   96.32554313407408   237.60005617133095 
309.31518609914468  54.47238956983766   229.82651725231193 
52.18798689223697   210.70456093290849  15.18317591618438  
239.09890003758684  126.03539605184409  218.79886580983703 
35.63400267203083   -17.96290792265461  140.80059218683169 
330.16650519076762  78.65312495724433   234.34127816814072 
70.85834589756050   68.85016715558400   152.14135166152599 
126.75564568341692  47.25410859918992   89.58495716916993  
254.82560018391399  58.35769256441452   303.58879571851520 
23.62167245067453   256.96136145311027  287.58653631495105 
263.13390770790812  -4.62456479180798   266.38079773865468 
144.04554832455122  143.54734104138498  58.52794169937610  
116.31674934904467  -17.40616698727316  219.65317361066496 
144.68998927088106  18.26669684255779   284.61182143081129 
219.08515894405360  193.58640677464362  108.37804335093574 
276.74149155031495  -3.89486910582910   -19.96579769699526 
99.17201981502244   276.78586536942026  200.79769405858781 
322.46937344769975  93.65838488522692   -23.38338490301640 
240.47657434248427  102.39894929074870  191.00978539150003 
105.35030355881457  252.17891847721671  251.40342070489402 
357.81199106724654  27.90529869736901   207.66699119343477 
61.14618807955227   -20.88800415316287  71.46804152005167  
188.42983013080280  181.75700085954489  202.47016272914072 
123.92245247014816  161.15291249952170  21.03374528582441  
329.50968259225573  77.44627597544124   76.35988056370257  
217.55132067082235  65.48036456455016   272.21177737850059 
293.56536847190665  144.00414423234639  170.77456016894027 
186.25429975860453  233.65424322627501  220.11610248782529 
10.27473687840174   177.37989690578138  302.02032758833946 
35.48945773801577   292.04627664162462  40.94600327325989  
136.35398144358896  5.80276598232914    -4.37100493331165  
198.86377861347933  302.98890326001515  265.21845218952029 
91.78860318379851   -9.17786934140538   72.25825644997262  
52.01273646675288   245.93687747777449  204.00955249062795 
0.90234241069111    68.06018212459169   -6.30914433369714  
264.22939441537142  276.41634953940064  112.89766473446642 
329.78594858528334  251.61565423637001  269.58434409106115 
302.16960240516721  326.65297527561114  47.30146382297380  
340.97944986381117  287.31486970776228  298.67974420061904 
74.24918665697885   226.45393017086798  119.32792466151824 
342.02655872354256  217.33421765485198  198.16885458413407 
30.96446640180467   207.97160182951114  183.33967977883157 
213.84112083638141  154.64588405064191  228.07969755330157 
38.64002969473185   -13.93165194492317  85.20771566512879  
323.01924102966990  251.83910392729786  42.97757473569011  
287.45867625649856  238.60231313390346  283.32792784465687 
349.45946547406771  241.33864050915344  -10.76568901303543 
85.51924744824304   290.79419877693351  78.38935469420981  
345.27429080618316  70.06353653017278   234.83920268354876 
305.45873921505591  273.60678950356862  308.34828216140085 
348.58558075154315  48.85929890618476   180.09289167110671 
63.01111025550581   165.88916802927471  13.14891597157960  
272.27126059685736  297.37958332333085  93.44059588101358  
185.32906698526631  119.64064149612830  45.40793615113760  
92.23601323632677   268.15060991010449  170.50786495443430 
0.59544097794186    100.04955259132291  268.77457665664440 
54.98948141809224   149.41872932066588  -25.49322204487134 
62.39506031211271   275.73476556385037  282.14532171426629 
251.09118618091432  261.06486711962202  221.14809257815918 
45.08898011093623   245.36378638681089  -16.84186512372179 
236.68246372012544  121.16314754882785  160.24074294297324 
136.25801537739716  43.29230443297445   163.14415446633461 
266.37622830099849  53.55401176266098   -29.30702996421181 
288.37365402882989  152.58827220342613  210.95913460642936 
287.18467826493287  300.87196270406366  96.43019092109691  
171.37539107739411  178.98169358536052  305.90226602107822 
260.22976468487860  285.08444956575914  90.28315324841799  
151.64124860092127  264.89643289467836  59.97731546457335  
221.26086713604798  109.69558739377888  203.00425399364767 
38.43758024858591   325.96175550211825  302.38411183766175 
35.76073513323402   192.69372959457203  180.25331728566701 
343.52170014347581  125.51589822635196  41.82738391138561  
6.05587328338139    206.31556784200495  258.61211577790539 
65.06003724514977   77.14718815941416   309.10138839156247 
217.81191884960458  277.86540753141736  135.99720470620011 
5.23048150058118    49.56188707376025   287.13545632559357 
150.15958604895516  209.89832110449055  124.76277871779820 
85.82626270079000   -6.34661343292201   269.86315587332717 
223.86421445083627  46.17290636229528   231.75348470773309 
350.61246229221064  166.71457853599833  94.95495862889751  
61.63103420556414   227.15937917185823  127.03520021836644 
96.07443599360568   207.67515357193531  247.06581044130058 
250.00486688762561  51.65741194388806   301.00440324343748 
149.11717249922489  261.12175036893444  265.79949076606971 
171.33622592316289  65.61193800435670   26.38974090075062  
109.36726136732597  53.11944331859992   76.31985800570544  
276.43533486413691  58.31096403391830   -1.20563293752276  
204.11943228705331  69.55712822112750   -5.51498712111542  
243.97615137383636  88.06408205793848   80.52167876310926  
104.02250914712671  -19.58239718431549  261.11701164245079 
149.05425995745816  94.48952210556990   87.67908132663075  
261.20198432836571  139.51187833224205  17.12672741348194  
82.56580544104179   17.24680153099003   195.90177194929032 
43.48026530760193   276.31839013149101  106.83203667631076 
337.37627269790642  61.18031854781950   71.28537144910155  
10.18204423643028   327.64348327992428  199.81660376766820 
334.39286435450350  54.40163310582913   -7.53818014670780  
234.42758804515933  139.76559785848852  189.06741162504923 
95.92392274130999   256.03747733176840  137.00673447341765 
312.83251726591493  30.03744866761249   56.69689671411706  
45.48838655380548   31.89606835235983   138.36917966972615 
58.58609681272919   261.73876233862757  -9.63876837787043  
194.73035771565756  167.09109301969605  83.45397277317454  
334.73872374740461  -3.19073123313726   198.55367832944640 
37.64154551167614   168.12827496742673  14.56846707062650  
283.80426412642441  308.33819100455082  142.88481283573151 
47.11730322735330   44.56404147165183   232.20852350852323 
326.12463595593181  228.67771599992602  295.44966291549383 
124.53816607777762  309.69442398357643  63.98397607492396  
112.88809356482687  90.75906748388535   147.80537879115653 
243.11634263664479  131.96205680204909  259.75405987211326 
291.83958809411837  20.14785486481924   138.90162840388459 
321.52847934525266  310.42611804399098  124.92531968060703 
194.58606069291392  63.78531789509879   165.47300933499255 
174.91288908381605  233.43740802151876  168.94578948355638 
59.38017914935315   256.79001607029267  217.68996613842253 
281.64672076113106  245.84708449954292  195.50872706952416 
47.75012013913015   13.15790483876111   210.97469073725756 
40.55258871420354   240.88087694884484  306.58774764755930 
51.24585352131113   320.48067584067610  88.42196445477030  
261.74295932820650  263.04163486000630  300.01093170551087 
204.12862144988836  133.07536077471639  285.41962536941503 
63.44399076099201   6.18485002479287    25.69487678613417  
348.68350791382983  3.65802678654462    223.87527830618254 
195.81058146565817  142.69615447107199  317.15635096842738 
250.84075815118047  95.96842113624878   252.51982463906154 
47.30266533784243   195.60169187578808  117.84344316122588 
289.20796380253404  292.91219078231887  277.88627987354101 
202.55249066718727  325.42427751128884  136.66934505005275 
145.52231245221336  20.66172896829748   68.90132765359570  
142.25934241166524  23.83486122711042   127.08711667831886 
41.02876198923931   8.74939774535471    90.68603354138358  
23.31262923856246   169.98590256162726  284.68033677656786 
101.92817768772794  43.06457446965173   309.00887373754534 
187.58774208031875  77.95776290761749   47.28460057606971  
202.45217911335331  111.09006956132939  309.12693224140435 
326.04970643568049  160.55045673615376  328.35796630577840 
26.70008556973252   100.99935753534194  81.92290380549946  
47.10322225293365   165.72171578029440  275.61113633865205 
7.77885924618676    148.23361249718459  302.01694545542966 
256.70723332453150  49.83780727795265   0.57003898387995   
229.28853187731963  109.52818826695423  185.17370286769042 
280.39540039886128  -24.35957586023763  108.03527455269602 
53.26140319347537   124.09516688813795  55.80474132117530  
229.89548230751737  174.28764017947702  100.28459970916524 
163.33272161898589  233.69113336000123  133.47556527136612 
113.20100718069439  -5.82581106733727   189.70154081365527 
44.99263524047078   42.21895711241794   312.50240243036120 
120.36874807880841  23.41520812724473   313.81219239767614 
201.48990233634046  258.67701472918543  97.04704354591416  
7.45219683504892    44.49101477681693   184.96748287927613 
54.76521654665171   241.35476886719800  317.91854632948076 
124.20791784048726  257.46710573797958  67.34314937352326  
197.32109026902742  284.03012008823453  214.70479630771371 
282.50436791177964  144.01957078860417  199.41820227734564 
186.20295867332607  46.72515173518414   203.23830958315588 
340.51026972141153  43.04992393774086   191.07258652343023 
35.74944466974014   224.39762818928816  -27.19537717261255 
356.84058308682245  275.08412705955828  52.14251761196434  
256.47767907246674  213.45202978299420  318.96215321060851 
197.12757688366696  201.60642224329413  300.81702645535086 
273.57177799850211  242.01062150217689  1.60864120081780   
91.77042312772598   39.70838424339323   100.01561788143658 
30.29098375994998   165.56963865165577  45.42046316031623  
233.25557717168169  52.24326332560547   201.68603559840085 
43.84090936607060   239.40458114257950  265.89096658455463 
169.04657161907664  297.80776609411618  189.56963449558253 
33.77747875400797   152.85632445670524  38.41067778930936  
284.06401854204563  -2.15757992853448   277.19551841689412 
311.08152697963885  268.10988554411279  305.84546911939276 
24.28250701208692   62.54698256110190   24.66376889020027  
30.67027180643517   170.54231300339708  -13.43154709485722 
324.14567001156712  192.93070635135123  96.40075231270328  
274.11131215265397  232.06386409756908  312.47115843679398 
316.89401206763165  51.29430280732174   318.80171483225899 
126.53242372949161  270.56131519253330  328.61340409570835 
36.81394238438114   254.26906536798208  245.05098375688181 
80.94491775353272   269.97310157225945  -10.05071164412703 
6.90852442703685    55.87453325047960   239.01072774907902 
46.72325828390640   166.65509764125460  98.14360620495975  
234.23700470677790  151.76842117610443  211.88927358333035 
179.07487137483250  241.02917836239499  86.19770576366719  
48.22976059231186   324.38391879978406  129.20324138031711 
341.32296854014265  115.79797323761997  329.43413298115507 
122.89084759443848  199.50724659255033  206.01351060128425 
69.21472248887920   -17.16341119594281  -16.91346165317520 
333.87796886908757  54.19704024106015   208.93261779419436 
186.53334211267915  63.08328364279171   42.99273842886950  
233.28155921628630  232.20177765072998  246.76232763175585 
23.67400182993346   176.88701473140395  211.86438180692525 
253.33237703255429  158.58477086940724  23.67787719852395  
24.99936966117470   113.43935146728364  137.22691463190654 
128.53153083371322  155.42571383555213  192.32183494690813 
253.53967937478845  24.82898935974509   259.35475646050855 
359.31895074654182  281.91319029425114  121.68312965468229 
337.23600875187429  324.39023078770492  191.54299811567955 
269.47006931272773  218.22820377515731  203.67742540578345 
57.58145969145227   132.58767253817393  5.64869371388454   
329.78149806018382  48.80912295532427   199.98266994351692 
259.37341044438011  51.09974392451683   116.97731563867245 
122.72052625814148  30.52532893596698   99.67201526125501  
202.36064403890887  302.89267982218104  224.97201567490254 
5.67548863073876    88.94321747887879   8.80106152022667   
26.87410812996958   148.99376668444933  234.35561771752600 
43.54912971271002   200.87398327306704  127.27625913201194 
52.35425466534319   31.88101172548442   150.39922492724884 
201.80367165922902  210.49083136354812  171.56482899541342 
253.48162735026494  -3.18751369623311   282.97148580965393 
154.09369821884178  97.26385996138737   62.31991685855441  
110.75812059924696  102.69001321823893  249.02698712363468 
119.17414983980561  161.47887617108631  -20.93849490104741 
248.59674618525582  298.84364038899679  101.97564724147148 
94.33746688634650   113.73822077315512  -7.56074716151957  
205.26434938694513  313.21795820478269  24.45575160749915  
10.62823089650148   52.69666526507990   22.02111828039463  
283.87627134713540  7.14721260700779    153.55405211109755 
294.51241124167160  152.92638556522732  249.80662567467118 
98.51456230602588   131.77675907972943  126.50307805240732 
292.26798471542241  233.35818454769577  171.25254480090101 
0.52073082390664    245.28284411654744  -14.41382772702225 
328.66719314247359  88.01634351735237   -25.20768502557456 
260.78676299844523  -12.71324477204441  259.51478312662175 
327.57705521992710  118.69366783611747  195.88233761704578 
129.45060210858873  231.53884364915882  14.04037867067277  
151.44630284244110  275.96962588040464  270.67433217814869 
19.93851401846392   243.30158484203503  125.11223954168247 
253.06268801856899  273.74468925988157  277.20043482140983 
238.44686158422527  10.77539147987374   49.12475896157500  
138.96211292635661  -14.41073136151921  102.90970981754816 
341.83076913891455  184.72943869054478  194.14575772105150 
137.12723636015843  20.01684246811100   11.80770763801393  
15.85257699945767   263.43588447528157  187.32469806521235 
225.67529881787655  148.70603271773135  -29.20917400464047 
215.41647349479746  137.55127873892283  41.57499513043832  
151.38746232725561  232.79087819391816  -29.97701299010916 
158.66037354170416  130.32294277538341  55.80039046969480  
121.82396575971920  218.15630047308804  62.05027125007892  
47.80946004548121   211.35828746304219  157.36679111099116 
257.15001451930686  13.02544256925749   -10.63156639942193 
92.65627447103027   6.80333339158392    -4.10061145818963  
303.08270947445482  44.01041351403485   191.47715046525332 
91.87946788556209   202.97611633460565  171.57752138947279 
288.95720388459233  148.44978974531386  167.02353720809967 
76.47084437911548   -13.64924217740305  -29.83944222701427 
120.31515309412266  98.58219598309336   15.44360550256391  
146.57085086839732  75.49879909502664   109.62674620070507 
269.54002622663899  324.09339009634562  248.57357633743544 
359.89527654957061  76.54954729998555   -23.31999916671852 
93.81875253062604   209.85848400338222  -13.60192780330351 
263.84296385794295  46.95602164809863   215.26360542884288 
282.86070821193397  156.55642016330998  92.78847226055103  
233.68742490665201  50.33828081927577   254.17113071262389 
337.70171317763129  241.42168574690521  232.09802159826683 
178.13094048823692  99.79180581037099   16.07499969634315  
185.69237402032402  118.39443056966630  116.05665873245471 
305.32259696501546  168.09419821767560  177.45494998199342 
45.27103588132281   151.46711463307446  -7.68526400970111  
203.02227110252693  167.20521501724866  36.23248707958663  
30.06064909912546   210.96905706984967  28.87880352613662  
224.67635738011973  230.48919402660249  -0.58280253815605  
27.88855717105974   73.40904626229835   194.19497356674518 
172.32607448529313  57.89894798751443   318.46535393129074 
25.93743415119517   210.12582013099126  134.89078113763216 
187.30460708472003  218.03827725453411  143.49435060695706 
247.05568917877093  48.75696876172999   248.69457720674723 
334.27601976280152  145.91316985030525  144.44529058475280 
226.95527156014052  80.90605406783840   49.68654418674488  
286.72412889144863  327.14624525184627  22.71462502350657  
78.01041838331155   239.65550249583924  -0.72489722082169  
163.82607351333769  132.12088509216792  124.30744187543274 
275.52564027502171  305.47278282760072  231.59599468408538 
103.94787409917032  324.17145100354060  59.64931904163920  
206.34636449984376  296.56369523874406  280.18486813234125 
209.51384062265899  132.08413469624469  104.99841012919268 
285.40389359910040  147.01129425973687  -16.04632451915694 
267.05522464631207  19.62594863217098   109.47775471359313 
224.14865010263713  195.24030691002903  -4.54389453643930  
330.61061281053941  270.70352536139347  229.97605636359361 
159.81970268041573  80.67644180980086   289.15137323425790 
101.83791684204593  -16.52335946797858  66.08822758397818  
39.66045880379234   164.18112332885613  275.30615125348970 
65.93918517495285   286.47125655470666  214.74192727938996 
306.26473380907618  69.16981079361612   54.21770518033381  
48.43451163632334   167.33924515802804  253.95101618913361 
61.50204192939163   62.10425432018670   53.85166656909392  
354.67812114430859  42.97245800807858   278.34157817528433 
58.85116704648826   286.93255445749708  83.10959430580972  
307.98445658588145  -18.05054485352331  273.42902572414215 
351.35321131960086  120.34468581766421  282.63311471177434 
49.99745585139372   96.00966433753024   14.63158804425887  
359.68619578633462  79.32932717576817   301.82440766227825 
155.40511044625126  303.38591764077728  175.98676892682892 
251.55201586543558  298.90795755012113  163.77358830582833 
349.10964702731349  -25.73015393542070  23.58831574976220  
53.06986933984725   132.66018828518463  113.15002664904361 
329.15344918774286  178.70575236124921  329.83999332029094 
36.76936312382764   307.98411899213062  39.34548224048032  
236.17028398055771  289.34648757998843  109.01999805063076 
38.11590208725539   100.23934017442602  -9.37382482597404  
164.81696251884148  46.55013519255473   150.01848020015484 
274.07355678270056  202.83182625914213  -28.47963549389909 
202.89926757177872  303.99257223023920  87.12157961164685  
49.72714530336325   261.71104745193435  85.02149856907660  
32.99533879888648   118.15052796533584  86.71318682917220  
108.78991069477303  174.02673774751796  319.02344200798188 
303.03630547683207  181.04757424973121  179.83250553485959 
328.14538209417077  80.17525891942365   257.86972392646601 
292.20364015825555  -14.09101477649368  307.48870605205803 
317.57459360308030  106.46190879515873  101.63171279189697 
67.52071998936063   317.76700818527002  200.14912861092648 
45.64437485811937   68.15613670337605   231.53761638826256 
295.70107081959020  143.01122677027837  52.95900215819542  
343.73168657494301  278.74657076948716  25.19665798970805  
109.69074117597833  151.90156485709537  162.57028974635060 
335.38932755992460  155.25589399148373  325.50265458990907 
207.97780285974994  56.28489212830678   -28.66663439635118 
141.11557197624961  282.49231362652012  299.23119616658926 
241.98071766170494  93.78288168522204   292.24060443324930 
285.97872659719059  207.43665172971177  -27.06294745586750 
220.82207653001208  133.53406853912119  218.24727935538769 
179.51348131069858  225.38035154889928  191.27061706012913 
150.72128534584056  59.63844029813355   127.02817384002412 
199.73021604576809  39.81491281425431   245.75339234462353 
310.64744912380723  -28.65398582245792  -2.33522114931787  
337.86434565257252  -13.98119982721183  75.49430644457802  
298.02467918898674  17.82968299743959   7.03727353315620   
155.16291306513801  7.46304179918566    262.92136995572628 
297.63347587609098  64.89131871352691   143.83394217010505 
32.19278012404275   152.48715202488347  268.81805180233266 
174.17945586411440  132.59156509660798  225.38626848057604 
49.25737310945237   -9.91943582758157   239.81791389868516 
25.54140312476607   287.27752161647737  216.02408614140973 
355.33229696180609  44.35594743578841   231.38064209468791 
171.51999247468981  308.62834271182282  38.04062176730655  
148.03909125381210  88.24705813692667   314.64440479364373 
294.65335773208676  269.86122348825398  253.87922158212666 
121.01327511028281  38.37281653200593   84.38634252672020  
206.37653968791849  327.74417840836003  216.67634738492811 
245.49077226983462  222.57229257325596  115.84443137812193 
43.32358807194938   69.00134057406841   96.48388573302404  
144.64802263643000  270.95571232067954  38.91622409609744  
274.76125790349494  47.07122727261024   223.92618779418413 
70.86570636114224   9.83881216446716    17.63120440289941  
79.62300881772383   302.12226129597730  310.25272896649284 
354.75709880334068  6.68731627308506    313.31748375557760 
47.27961533515705   325.84957575311654  24.92804591465353  
187.49222831592803  137.46892148609467  92.73420085188103  
305.41538917203957  89.17879517465639   78.05237185246190  
327.78534779566598  233.41171428789113  304.70358392503704 
19.35414837096477   266.33610391792251  264.05691325977619 
81.46443275021022   168.26526188807671  88.76507901090318  
154.33725377092387  111.97881152890199  199.67253635140540 
264.50529850001828  43.03204030296611   168.69684097816364 
135.18653291376407  207.01148952648438  156.43733889357725 
217.91000080567184  64.88797575129317   5.96955089720196   
10.14497754701532   24.28093013915450   1.80054632263375   
3.23121519450584    -15.17958013757409  231.02101362038314 
301.26295045476456  188.19551653773865  16.21534957706878  
47.80538027514717   132.84469544285537  313.06648589184897 
261.72454441485667  251.53312056298762  154.75601674045905 
86.77271232221996   146.93101002051733  261.61149421769107 
89.65367737387120   315.15722688744984  171.39033271923992 
171.03569501921757  150.88400086996137  94.33406231637713  
359.83441980546809  20.77222666689850   186.78517641699372 
94.01050194121564   191.46209370296049  240.09161175877841 
118.64016216062063  83.80505087557799   -5.64195688523422  
265.90125801595747  109.32457084393030  295.64305792542910 
7.11826046746570    259.04473683592568  10.46814907978585  
0.67708976504955    104.15817388833710  313.37087323842144 
304.99459559343637  107.28533321920665  92.48768642957522  
129.80802340297768  254.78803588916992  251.47366289313175 
102.34552320443056  180.94604384160178  199.61087412326040 
45.05639419485625   12.32741332723831   306.88929632946486 
66.14617532862295   116.66648607527347  206.92398664595066 
63.51776022868201   263.68021515868514  109.94936222511654 
76.37657360767112   117.41686378382755  13.78727030808976  
152.07610869385999  263.71743096411348  -27.07571131583462 
2.05614144575463    195.05545559848127  171.80929093078285 
264.17338168684415  25.53741822733129   296.95581718947733 
70.40431326345266   246.82930421751956  57.59360968556190  
167.74692022352016  130.25769763309856  53.91703468908516  
272.53004463655145  30.89721389496513   69.55385412430476  
18.66960447850797   179.64771326327323  228.29725768810692 
134.33930238914584  29.17165073920004   115.90331279242881 
60.83982423332093   151.63639390967342  102.60112741706109 
227.62752523130899  234.72333645256037  -3.06542791333865  
151.21962504018907  23.84290466468661   138.72808845116336 
197.20714251775135  -3.57554335617392   274.51978869327354 
