197.98131352965245  51.76692919439208   45.87873394464437  
318.58567734891591  228.50981734687281  251.18121647113793 
101.13090278978598  4.78321916944328    310.98882831467398 
187.40509370392428  400.18383153691133  412.70744400968613 
220.28848364746153  67.36241951196152   375.95652480437298 
73.81851311913049   344.29556461027141  343.67132821876379 
20.96686726967913   58.33351792717421   64.18654582962449  
192.54115381861067  163.90504636773119  314.68011984735688 
229.45599766373832  106.94782398173152  387.70974606467257 
1.33938454874631    331.80963917676615  98.74061336496973  
68.65888284078626   165.71869127606755  217.73089696320940 
103.38758136034603  407.57244691650567  323.85145663021927 
45.49199153027231   26.32552413918670   421.24515656383130 
310.08722122519009  229.94379502462857  52.48676909353853  
88.45750956498929   305.98881060614121  19.15244457926223  
99.32732199862403   195.41291004165191  82.90868446837152  
47.02566360341545   -19.08528380062535  164.96825894460036 
70.16052489449575   95.12211305356122   46.07313285708356  
56.23957601125130   24.84812925470278   216.01264275846677 
197.07411026125575  315.63636427601176  364.64865648332278 
90.33670792309823   161.13580761020097  318.26548543891613 
12.57516531996380   209.12582963980967  425.23114848514649 
171.04834046376237  21.28707744576548   315.35304211477455 
62.83503042432511   132.19910876083185  87.64051418377653  
251.13812136795366  400.54152840837963  112.81414040007036 
201.39523786090061  13.85261730649597   0.17541649544667   
98.96010026795608   111.54925636160957  -11.88722429485375 
232.71963460139477  252.11188432317419  191.05207820871519 
349.39920784412186  19.20694333225237   141.07675871888972 
127.52597075461061  258.49253173961449  22.13826918967002  
225.25721004235919  70.99733120598408   240.19902027879323 
304.25406321082721  100.11750832840161  364.08662540830369 
11.86420126210657   221.89605386004555  190.74769312129757 
90.68579655184718   106.65279540058864  157.86568634608702 
67.70501402413875   197.53285123121557  -4.21550198305439  
117.88791530526838  129.23902241855637  121.93718189438448 
256.34653182622753  85.28124240685328   -12.33166289928439 
22.12752459825267   -24.80190377181614  53.14632723233171  
178.78656442954642  244.99297763169739  23.13132008287620  
6.57003846626765    310.22304619664482  163.97407557203002 
67.39464049342364   120.12383865707099  363.49439417568959 
105.91815380150234  16.05736817055709   118.89040073581435 
145.64886535270250  16.20598137218771   331.11031783807749 
158.92928559556668  82.96788908171308   225.15199111428055 
169.40757308495955  156.34036728964753  351.88610315055968 
108.67422439646040  309.29932526358124  339.28462306671844 
81.57839295653574   170.83405076712256  263.42879388631701 
214.30268685612461  232.32812132603726  401.49658190178172 
289.10628993239726  8.72553843847442    105.60143417265081 
330.54001558675594  317.60105900622870  425.38210846972441 
221.70418437645344  242.56717506593611  361.31478514536315 
14.37311655999685   38.25975962028195   297.02230843226386 
18.72247592422658   370.60390407582003  403.32682030221252 
133.10172856361066  269.02818333556013  328.38803529007055 
204.27395707394993  366.57833590839323  126.82085275267067 
199.86929958548754  94.04940629850265   87.05618408329876  
228.11978546192347  233.92356567098494  313.97214566413192 
55.31394448006633   301.39787928534480  402.39248215059234 
331.51918266308297  258.30984164279283  48.44953991246730  
230.19192012234032  115.55614454589551  157.30956520410328 
56.87677625593216   171.68449167145988  215.93830339155093 
44.32664945820952   240.97158232470588  34.84561571096303  
243.31341731447884  411.76772505295065  142.66119869335253 
299.78121254962178  181.13769015580417  178.96335894180098 
36.11033043136966   288.96120587653081  38.09151343578377  
284.56170433158729  171.66609879022653  141.25504121942316 
145.77565439843627  -8.14706705761456   424.87477562299870 
105.09258498473652  22.18656808607237   28.58456364628541  
347.64737653581153  85.88714645396512   5.07015606437837   
353.25277652770552  326.75401808532439  395.24896307314532 
303.79826364816472  361.33990929381628  226.16220741713477 
87.37177225142665   179.45735750134264  371.87921807291218 
245.86995297333362  86.34698383879009   49.45101954119976  
285.44290526489675  263.08055298991508  395.04785766543228 
282.97997880260277  125.44196406805102  54.49519670963397  
42.91838363278921   23.66297896661306   97.45354405280430  
141.16105464391674  193.93739256669974  107.69956063438545 
253.39388322971541  263.95031137541110  230.85032413744824 
304.75700486920806  214.75552289690324  165.11523346988645 
270.86761714397340  194.35791160930162  408.30428116202864 
133.45473434070644  296.78583789513107  7.88528469540454   
289.28994653384240  353.41806598262468  57.21542164669125  
190.97935080246694  24.26563535276808   296.09603149143243 
268.44738258353624  306.59720796374512  151.00101971835244 
234.53708355881778  186.46730580642748  327.71412071857043 
87.91418274571720   360.05681189605605  119.67529138646321 
3.34847062027130    44.20983466480475   32.97579364098388  
80.10798216743632   174.65019325418262  144.23931354014766 
58.91952202276028   352.14680238266192  144.04198037063114 
135.58300434176979  320.03692072660294  397.85243767205208 
164.66089861933321  234.62770287514041  309.29590201936674 
195.23491478514464  81.16259827847519   311.75046900702802 
183.04065704411477  121.90560924659661  39.11629868992351  
108.14019123006057  365.83445739530464  333.08847788758055 
176.61028214973371  185.27939429114298  169.25924960900622 
173.92220780355191  270.25568323695705  306.24841012786834 
200.20390000243452  301.93682740082107  49.49084391666369  
15.29669435433396   109.00606808881122  140.28483470907656 
233.02772514143683  80.94559154942135   315.51423703249338 
52.92923380010451   145.67560451230443  225.76383912049147 
212.19162464103479  265.71453924507847  217.63598815765786 
157.56186746640407  180.50272396028569  200.15469213528502 
242.17995576929982  30.69987699832842   224.35727154118894 
83.09011161346652   22.60102904329784   156.17434103401669 
131.19044511161775  342.79150288886046  245.78607435477772 
36.52296912420817   82.80497100438846   336.93385135227226 
299.65377638500456  128.57725971861120  71.46629733056469  
171.62141024730380  370.87852008379207  222.22394890258141 
20.30908820356453   316.34053625663819  96.58735935382539  
58.43658204343343   373.75663076282882  394.88684552465116 
161.71792186793976  62.82982092930874   62.70353495149210  
285.64163824685545  310.12962161091315  154.85309129794064 
284.19870936935882  14.52727885824308   -3.67669119451634  
282.87040846529590  390.22181204853058  293.87238902157884 
94.64285333027640   21.62700732443913   7.30636600312420   
165.11886213482487  137.34475435714822  355.63355368141157 
203.18858407361731  -28.66955231890598  399.02230630397611 
337.75897335508756  223.98438148015444  204.41817384177585 
358.91979552442291  249.72551764965618  331.06871397276905 
100.29042599030518  316.45950490751494  44.16608482522774  
177.22049869939974  94.61583460515091   179.55496640240412 
232.58240278384858  44.69161440611228   342.52524591014674 
324.41778309947932  77.07216141886097   98.76006705070165  
239.36796115919680  14.16232132524780   270.84420474855142 
343.61678550393259  -0.32406223205912   297.91649930511068 
128.21783216949061  292.11113600971692  342.33038005650496 
338.53718478409996  404.96127607660759  367.33402941850238 
67.26504823028742   348.33960337021540  159.30262260630556 
231.33506341676258  24.47739434729942   320.48066401457618 
345.90033507301962  135.91162138782414  312.53765411005833 
303.54889101515352  393.78947930635377  207.79541720806066 
106.69094424066081  415.70229414660827  367.70836826894237 
225.35358659759393  188.19047841699845  288.81940180271823 
252.28180049079856  207.03782898561735  369.62985501354041 
272.12215232570270  274.84286775917167  81.09572817585916  
74.27589550452652   2.11226819488008    236.16238078378802 
260.79389820031309  198.15547047397405  376.24569087920992 
180.13583397193707  396.42898989670857  149.89010927672743 
294.76584634400388  314.17563501980806  102.10897601262053 
283.68313768836651  50.57091046945928   239.93184328045663 
179.94497509051905  12.07911295728476   301.85526728603480 
115.31726382225747  174.95401401308786  147.14929074754193 
201.33114053785022  181.47841270830733  283.93744916184158 
183.84174175268171  9.95851799553690    16.67330623827957  
60.17442309644069   -7.47898328533914   324.91251809408845 
126.71768823076927  144.28370420710496  349.74862603830275 
313.30501797735724  185.42366964079139  197.63083120920996 
20.95380737175311   362.53666221155078  50.30409646335607  
16.62546910091735   131.58237315157470  -7.94183033591434  
312.24552238862253  157.19391650980972  125.50971771873492 
163.41367553281961  248.35062538281971  3.64820855980751   
69.20048062874595   178.12991114332175  282.62825079778025 
347.03628663646947  337.69954969089326  76.57495905129454  
298.57022928088725  239.77983384391246  123.15546905736301 
356.22961193787563  14.42993047570587   194.61778259095928 
321.91774693131129  387.02427708388348  180.67820790304538 
265.53855617014528  15.47956943753880   31.63819207268078  
214.32061959216836  241.37961932895769  147.44061752199821 
255.02155879285030  1.45520454802347    207.47936815931615 
208.68390904662212  202.11349669759247  340.83204771570325 
197.58561351387928  359.82049612636018  326.77285132662473 
66.05470573848741   199.31177751802250  343.25697776467143 
268.06664700753294  23.12724600578463   325.80842821120308 
235.67741148548541  216.38539940753091  283.42615638068861 
141.57635274111794  413.11763786910637  427.62758913765737 
110.41478905815578  -4.35968822997284   345.59682840624606 
281.54172948130815  -8.38170504924717   21.00512219887762  
356.06929149466492  70.77540022331796   297.16817836557965 
158.82004100147466  393.16815282202879  -3.48564692649143  
105.56049013538822  175.45679793472766  107.51955105101024 
113.74881874753692  139.19810059261758  -10.46538221323359 
258.84806545485804  102.85792337015945  367.61811508877992 
266.14031556505836  305.31505516515097  166.30784102490065 
65.13224366193026   162.51367041585829  338.60524135941972 
182.90012996966965  95.37716171777764   149.65086832629885 
68.10441367542427   3.33744894131787    73.22665359177024  
230.81753447757939  428.89946126546448  25.44384040975096  
97.27872455813205   42.20209917657962   -29.58297898322036 
313.62100406164330  343.73780971337840  397.44305662498630 
111.27067885767245  396.54361563200848  370.82465951278851 
76.96536310389760   37.24573383281476   385.90147709635960 
323.80419516013495  350.63320159415844  -20.70956842950073 
216.86712548412416  217.27530922806784  428.64850398985135 
131.87325278491122  76.58340035635274   -24.74777272530276 
328.90775451974378  255.22951977920610  184.05887627495903 
57.87707033875537   107.39777332121719  246.31675060988260 
176.01119130712797  56.60076471676265   243.72697194471692 
10.11704465448536   30.63155790818255   -28.58182292696926 
120.09166595874045  216.22529852421815  -8.40572338224547  
353.73716099948206  -29.28252553996543  364.54497328015390 
106.67506382232723  158.62766578291081  266.27767121671320 
337.33344669745043  77.35600197932958   276.41699794001272 
210.52091268362329  223.67267225863361  381.67479480666293 
8.46227994779882    397.48460587210559  393.36310814940168 
317.66652898234651  10.00566676155463   108.02711449374630 
12.79245151384762   392.38861987480942  -4.28758291715701  
349.55602726206382  378.56009123750658  115.79677916920463 
38.85574262222055   75.61875191436914   28.39772216179440  
82.66815528490807   384.21232723276034  410.74929104531185 
98.83058214576741   406.27214125484153  386.09082058774572 
163.28923582663990  417.94971815555158  319.94769124056484 
349.30052292841827  157.30130730956824  144.98001436345700 
57.12747351713517   286.38115356712967  345.04998383555062 
32.04007454839773   55.78211191208575   281.26469027538042 
139.16486445901810  63.19857721686932   284.19639361008001 
1.99096482696869    31.71337023395811   271.74100601472111 
132.54719540500918  150.34084817199437  23.06067554000705  
314.86620623734359  62.40830496648519   -10.55324778903763 
99.52999220120947   99.91306012923459   35.37789939978026  
202.18811958285474  61.27452896603815   342.02296467173005 
170.00986719285925  111.97707084062395  193.48187895835161 
191.10466482260574  92.46901585692035   353.28472623918771 
25.61758169187071   388.93741861483522  359.54406109485313 
26.75373110164983   -5.55417094570536   372.79231204299867 
267.87495886400222  352.90365452336999  48.48154258779387  
46.18611725010692   379.74463463307961  128.70955057791673 
322.99846885266146  -28.19470003892235  351.55378443262794 
110.66927519977700  71.58466829414871   -24.89846413094349 
235.18673241890863  327.86509067609148  -10.32625255626533 
6.83822443660841    58.27884087011579   98.44369032903930  
38.78818677480573   47.95084052980475   59.97541399170393  
286.81611098801369  260.38346833432274  264.67608693919323 
60.10670883648119   350.66709368779669  76.28736718369714  
291.76404651875697  375.83382722920334  -8.30169252809322  
203.73936719367987  -4.68360584882219   153.93714811898292 
168.32793576248991  365.59598024050797  110.72846701347666 
17.01603113167268   337.47075245003890  26.64653811910425  
255.12054824635524  155.33979211133578  39.33607060355196  
255.64120858523941  168.04992307963033  259.07899236314574 
326.80078067326497  203.32723811061484  120.78207824850006 
149.33578348945295  147.92006152824814  -23.85497023915574 
16.34916457074478   133.84440882870911  311.79009441492315 
142.81192786416472  286.65508549199103  6.03531482540693   
324.01582915479003  326.53411106995253  220.48712617096533 
331.39027158551232  143.08964658662396  -3.46185029393935  
267.06773078099491  62.67998445855645   47.46650053570211  
239.72567658801643  334.96604879307733  374.13647871967976 
89.85890278240610   4.34729573722342    366.92661858198892 
351.00433036049384  409.48857718932675  85.52767731034585  
6.98704525112478    345.54007852173027  76.92814635177758  
78.26937833096065   121.49883608298211  -24.03172230354684 
278.54948033702959  -10.36185450665599  421.99080007380866 
184.57580927398394  69.80363937793041   18.25973720284514  
3.73556903115049    226.14188562271517  193.22404641516368 
238.26290099453701  365.46811078364027  360.92856676856587 
286.20965386460483  335.47567294624406  408.61141450905819 
47.22925807540758   204.62562179998503  99.49022469358289  
45.99373304450057   360.44332348747781  143.24761594304488 
263.25579461577433  362.87081530658583  341.35927262816159 
258.39388169652557  239.17790679334104  223.01750994857954 
122.52653910726333  425.90053482671959  189.16939824596463 
326.83425767150021  351.51003515119442  58.64348254025160  
195.10675522865003  62.48151748348093   74.70595547856136  
238.18458129965285  5.74087767207640    -3.20198502595908  
274.19602410451756  43.60571496157739   197.45075531917587 
172.04785496572197  26.30633780206909   207.85915680746299 
303.80477290186684  421.02769360012445  48.87919326505441  
31.17570157832719   246.64595086712768  264.74570640174966 
353.36216879420232  299.30460869606901  89.34511684080778  
262.39680301028147  133.33805015812629  167.28666409141897 
197.68881795323836  90.64347338682836   105.32748504948867 
105.41721690732869  199.62253709555119  44.10886737699384  
93.69456367373611   203.71134542253537  278.18224747537010 
243.00627365684733  77.23428311911809   206.13127001960584 
29.46855561937419   216.52988224358143  198.45723028561767 
24.98796744986308   44.62418916005483   416.55739103365698 
254.72952531652081  353.71946203844755  326.12874917196677 
159.36091612199925  97.48309300005371   193.28530574147328 
135.23293099296592  350.67528906232428  214.79345632415905 
218.39700449400124  67.41709444682458   356.75194668694309 
143.93832667789050  359.11701238902288  17.23396953195819  
167.81467007202218  266.84914730763796  162.20046743352268 
147.49398702171126  297.95061658341859  260.76898165161452 
192.58223279770374  92.36981615148716   254.51558952068859 
76.28225488023890   12.12699742894349   -24.67228926808789 
145.36339257145499  264.88129225219785  49.19248979197107  
23.99891026863001   263.68239085697843  381.12638382642666 
80.10782022755225   421.47755495129167  -12.90962730368820 
258.59778865025368  420.53344851799511  180.04532984958379 
70.55203255006553   147.47668081533465  419.86995078166871 
337.01952649741742  100.69063224531851  166.42340140095322 
69.99233763391572   80.28456078013028   213.91578223190075 
156.32567879849682  294.16227104439275  110.43819669267302 
250.03737038399927  190.98574293103962  281.12379439667671 
256.18459844747929  394.52200306476885  172.35703762631047 
26.00763512203600   127.35954521039625  153.94923642925536 
138.37832683533799  158.07718053153383  238.71115546726674 
277.53981269506380  51.20669155377701   378.18134495863734 
307.13292447846146  264.54325008657491  82.32264376645985  
62.83951261428366   138.77016100789712  259.73774970563028 
102.93140262171963  148.56734839999413  35.24081712892156  
259.98336085308608  180.72096094637095  209.77172788546633 
119.25385661411576  21.46512695559485   340.05543147444843 
115.70325010392885  306.18704400309400  379.26966416673793 
304.57517739956199  156.85273731120324  205.04470456458796 
230.99626453697161  162.07938972869454  318.67670136340428 
36.00350768089326   257.98865869059682  89.50675246669697  
0.60409561542162    290.19397872397980  231.13364059739399 
148.95283484335891  322.00806040410083  23.90463251700324  
168.98627137396554  424.68606451544747  340.09972816038231 
252.18166244355174  222.46880051302173  94.32440191016686  
282.88498494821170  253.47565143219305  289.04465906938054 
311.18661157776387  149.29438184651471  148.45136405678500 
244.08003932761787  252.08840223467018  263.99230006054006 
145.60985404180408  -5.64909550120215   87.53373012033065  
290.70240482296515  -26.50159912773830  257.83790149484736 
143.81952167667708  266.55577506800103  94.49972825989560  
225.27892448743506  350.34030246949953  142.90370083812365 
197.21307253320123  34.31129372475915   81.78278772334470  
93.70922676947151   279.43380975073063  133.05544219255495 
10.63011352417544   223.95873720976269  88.28533638211098  
111.76026660622864  260.58058742232106  343.52830483125126 
177.77660007431123  1.84897605929770    425.16201591250569 
238.43764159610265  -26.92899351209611  177.13851230651900 
216.55326317938821  105.62249252761984  377.93939304446747 
168.99528412506984  148.10348947715866  354.02177918618167 
166.62100913982073  366.64755819989773  388.81486255654499 
6.39916335692410    247.20243377325119  333.93858642705897 
110.46368542018001  221.70063673115607  127.39550333697917 
182.69331406542165  101.34690826851340  118.10074319522138 
30.57803736610509   131.54377953234791  72.30757053537282  
329.78393556583706  219.86816470650828  25.92909353953916  
178.37495823593505  176.88001454019479  72.58613248975978  
331.96510868230729  28.91782804955757   428.16592427490059 
204.62791965321136  298.81674032095310  104.07049820399141 
64.49302116826759   323.92997927643034  158.03654567257368 
167.08577032513739  42.31572261911563   243.59107739570942 
149.11640633034685  74.07109949671288   331.03391000487335 
17.56782088756370   297.78793516403829  382.83969405772643 
345.82979818055912  63.57967501943178   54.11575995570708  
203.95968616722081  90.54352828547606   311.20663948442177 
346.53439517222171  211.51533010211386  129.31629364052574 
82.38573426657301   122.82029477329698  10.06695365869633  
208.47332769838624  275.74883290761454  41.27642502114200  
46.71766583873809   402.48633639537286  289.77648397390232 
223.42570179890851  428.63998382193296  154.31614203141842 
267.08752824458543  126.94276604562697  294.48775397357917 
251.27543115297968  255.57363367368919  115.56304422629646 
239.62403481723075  141.47459908715081  110.70217740847306 
203.05244402680958  75.81142098916810   382.65785458436790 
152.36571941335870  -28.73001883863873  63.20162597997253  
121.91252426136623  305.70875689808003  -24.52719738279552 
314.56786572945987  177.30205239859697  29.51537572081733  
346.44198371307635  269.63295090710375  117.25891172797085 
286.36410456806192  420.32586827722633  355.94164260485417 
246.40533655916283  124.82108438563296  36.81973224406715  
100.58011747614921  19.43511799768694   2.86908642793275   
354.80162869733761  99.85269352443342   71.77984061686026  
57.50810180577034   243.64990581262862  396.04970162500632 
119.16243931313048  316.34482317981730  235.97435232767140 
108.95229804614662  139.04135166067826  258.65020074780449 
190.84574398853664  -27.09749469181534  309.60352960533055 
140.45015492629085  197.63209855744037  267.75958828237623 
92.80589678338167   99.99279556026463   172.44886852204974 
55.98616574817062   279.12810523387481  86.83696627806160  
358.66372273664911  406.24905477612799  -23.81555774341867 
211.79641070979491  171.55998257049808  256.31967979577774 
212.92072313259632  263.08742849423078  69.62690609743852  
42.86391891390824   152.35630690487116  419.27761975963614 
201.30221423613892  271.23804126238986  249.33467799125890 
305.31297893149116  221.12181548650733  327.57517589481864 
283.86422553095883  126.20813039031108  98.87013439683534  
33.41797699256942   194.37436512485894  426.77918952849319 
350.17462698616140  180.82545417226871  3.78521614669626   
287.96385461596918  11.08037481534924   109.12492726184556 
191.05139846584035  229.46611839621698  228.30997808288407 
281.19418757866708  334.66558834701499  286.81728618151982 
186.23592878018235  294.58131002520525  217.65233965423880 
47.16747589595493   -12.93264028694801  268.00136560147712 
114.24655251128337  230.69830801951048  289.60642096372914 
46.30891459246877   313.41812742931620  24.21266229262223  
137.43578379112228  244.72884380903781  211.12559507279806 
157.89153184721127  24.14541089805904   345.99548188684429 
280.46624100411094  -1.73137767083946   156.04263059008466 
190.71475540273548  380.57080575244015  65.45946464014256  
169.60296486486990  -24.40602315565775  -5.76466740426667  
92.80293532915526   294.19975738083218  125.34203436792347 
85.66948587977542   144.00368642398462  414.98238395802036 
153.34699011113531  228.32172966270059  410.71012813650475 
355.89675549221539  251.45372848955753  147.66679379628835 
150.63272759452497  205.37882232486214  360.27493144286797 
221.53128290447367  335.85536501102257  269.62007829655226 
257.98197221572292  111.97256714527873  273.74237087299412 
352.06036699385180  226.75725399141680  113.46860343693550 
229.61291408310771  3.98081420168650    174.31657866215357 
233.32225875588020  81.31571408462550   115.53810245485431 
44.41625280898144   215.39143673536523  5.71846858968626   
215.62105856822737  97.38738026604459   -28.84517123708169 
296.86999754020928  70.47277487072066   403.42546712855068 
62.09551478595243   142.12862660501867  276.10068184119007 
349.89641894241663  115.29744394555254  104.83070936183228 
5.64763620707333    255.10194731275800  213.63016255955779 
79.88447291356822   289.60477500220270  284.78984461113430 
232.21761355617502  106.50929926476931  243.57759202054933 
24.20132235403050   -26.70233339742922  81.21827205371989  
176.32539259525069  -7.81671919914691   87.23692752228372  
144.01490397621757  183.76971137833146  165.77985396522342 
208.00425820548273  139.63273382832119  381.15466426172276 
349.70093900485460  365.67206905160072  123.67336141930656 
55.79316520570828   212.59268313781675  70.29437014098694  
15.76834719657899   14.01432934011969   346.58054349447377 
177.01693955261624  364.59581157762523  368.60529029312829 
255.39262255513023  121.84915209846463  200.57590271086897 
39.62961258419012   9.59373821996978    150.31866480415769 
187.03645142520642  301.89457337100305  -13.84419772216643 
8.07573387748125    205.72084981966847  210.55971182603091 
3.70453037209904    80.60830778981725   63.97138132662397  
129.11133834474504  158.57089158343584  -1.03139563339073  
65.69895874454674   288.42057631800213  34.77772087227727  
154.12791630733702  62.37386689345519   3.29463507047941   
4.02857796139227    200.31537765964097  38.26908415824114  
104.09497936301669  408.06722973170508  235.71001908596270 
317.49934351011683  119.58189781965160  326.28549598641501 
260.22528930422567  78.49750543010893   119.91764216736402 
274.52557712493689  240.89417596666465  115.14456656184782 
49.46851013268970   290.67568170144466  123.13604867623101 
352.39743852612702  211.34555381979627  131.96566245470038 
160.79963200737785  277.47951490260476  102.21211362183129 
42.01911157808007   -28.37171874729535  265.19894249019126 
139.37618279086874  229.64485559410667  288.40368946244877 
153.15376188655210  -10.65024840605396  127.93195319022388 
276.60635670992451  21.45220622470389   209.21419399379076 
109.70022854663658  321.27480738413635  179.85660017417192 
308.99057189973036  139.40322763690253  137.70386017842358 
167.79274476057469  39.02070215049088   6.33468672196666   
142.38732611117698  30.64946666956664   176.13867932368049 
163.66431084147234  50.11031966073750   193.65250102287087 
124.77761419204887  19.20887881558985   191.45945569061703 
308.25381818563932  273.79752882173125  87.23552122024986  
273.70473938748358  11.20499695012263   15.32664786907712  
293.30920445086304  182.54130304286906  291.69156612140421 
331.87108191461863  221.41254460122335  380.68489285543615 
44.10075384582498   338.92732892434748  226.54739915226867 
159.16943485393688  326.49515623085694  309.01606455429078 
83.71560151319521   82.14651052455491   76.04691952407761  
351.92874995927701  351.09909136381816  266.15905397238464 
218.34890300071791  -14.55343811406479  53.25887218988115  
233.71303319781489  193.11176958269510  376.26154284000239 
235.57488910685450  69.73461757215932   191.28839962017804 
305.14174072769856  402.70720129510727  144.80972345648200 
126.98568101945165  6.31942565069424    111.84221353862748 
185.11173290587422  -7.07554880329228   259.38681039097781 
237.12572593302596  366.58717906135030  292.90617097033726 
76.81994603945272   343.99660196902914  -8.42172838746648  
10.70468455235078   345.79698696160187  215.14208137356786 
101.51031540795039  253.20224403013492  128.77331142150027 
63.49724906032000   96.29251913735618   291.25857979838713 
97.06560304080345   270.88689450013248  60.51652714892046  
126.12703312040617  80.33202508471464   66.83757364828791  
111.53531724717237  286.43340915288820  363.06779120322489 
35.32667963022011   -27.24733827719042  0.31256661797229   
68.15040198280815   143.59086098190735  192.21330284432747 
111.51680605982040  201.79158392987426  234.31690946643840 
204.64228179565166  426.32734745468895  47.05862541562205  
0.39148223115937    420.30628264397149  228.08424219368499 
96.29209956167040   9.36552037270721    200.11074605778217 
1.46200394093105    201.60305637335094  195.95171951276114 
209.69699931820253  281.51645625457462  260.24008340171241 
44.72137335442419   391.02402155384141  358.19440288420878 
242.77149703839328  201.89961906208993  287.11056670441388 
20.93765532391856   202.41391703722391  268.15041790830543 
133.16352739682546  301.66454669451957  47.95378226453195  
273.52721613056184  296.60371114444354  35.12206405192151  
57.51894361835701   228.82061334251455  137.36872742174361 
27.47596993888015   186.54175500260109  363.06806793940217 
85.66034263874792   268.53147177631411  77.16964038261185  
57.91028447614161   28.40544738027139   87.74495956088730  
318.02493798167507  317.32830161236950  288.37970133271585 
133.47576720277274  395.51182665240617  48.27786455718521  
240.83963160727461  267.46059844381296  265.79537323809291 
301.77950055720379  179.09547925712752  386.92927447279840 
50.89296940366653   17.04566704799477   36.62138525050327  
234.60749183644219  417.71728950611805  389.23679201044411 
325.56591699869176  184.36427836821986  119.33580043908873 
175.13334742022121  59.79852726849494   370.44394629157370 
134.71245250195582  16.00115984106417   -12.96772625883182 
249.91569785597693  226.59113761161143  104.93491410328025 
351.47292986878307  -18.85351029127761  30.93780902954676  
259.75305687491084  373.37944188197253  222.27034520092110 
88.58302709957941   377.37939315411563  381.23939196850375 
315.51744274396503  353.84499115656121  28.13250780148064  
250.85881681121057  223.82581885846045  8.12187789617825   
93.16259083720142   316.43177631941012  302.26634018495372 
138.28124642940421  216.65106731271922  101.21871869841766 
70.45135030319824   150.39297293807988  202.64425705367981 
213.99273806908508  43.67334649386532   215.70665272334332 
133.69797793559755  338.38795892237539  306.87541428393132 
19.25367984825053   404.49714681302737  392.90647321543838 
83.41710018087831   282.09828694302126  160.47703326344561 
249.04228756436868  129.47441977238185  184.25585106567681 
284.82058945140835  106.27984135604734  89.67037649303266  
277.38534116375024  330.75472240971760  307.00850988577440 
164.68625264209228  65.19178244694490   267.55730959258773 
261.92730667536563  279.78017446249078  83.19877254365399  
79.16702709774171   74.48996928234948   426.35342986269904 
348.43756076335950  387.21468297617776  359.26652053845481 
51.30894905956965   324.54711107833702  94.93929514809433  
347.26355290523645  248.92407883874006  11.67178020882401  
53.63243890568259   81.94946084132512   176.95552484008300 
137.29826119822934  408.50583209981613  417.44106364477807 
319.91730718995734  73.15666181168500   332.74084150274871 
70.82573548477548   395.55515083824088  356.76799156807544 
26.19135786078377   398.13027048925062  20.59632809012564  
263.71371434588133  256.05760659790542  387.15373086679199 
182.77478795422161  287.13787329765722  32.08550174455024  
47.69483709279275   427.22160109608990  243.86623818478199 
333.39724661599422  160.48619364481269  13.76555844700979  
163.40407808517682  389.65368489337135  291.03463635567050 
28.37757312686877   268.90726743494236  -19.51677792723382 
139.11361539812307  0.11225384238204    196.25650051009103 
334.93591600108516  149.84966627779426  252.57523250550867 
150.46094737454226  85.99420806995695   390.33232154784889 
220.77876103068527  298.51518108597207  52.22964858984606  
248.35794956778710  2.55291327902483    182.99164763645800 
257.26939873875756  374.09744908868055  309.10961709711239 
11.66848381583010   105.47873438951498  114.54757360001770 
235.73790033568929  187.61058130508968  152.47143710154680 
232.77382770234058  190.61114270978356  391.19427357985114 
121.37633179226339  -4.28276001368471   380.90258190306258 
46.24409074842577   83.52131930682094   322.34076555613240 
180.00823008953125  190.87340681325975  122.24395103162553 
222.85034449194976  261.05693727056666  300.98391217052244 
179.95515188078232  396.77807017250194  339.79759259036183 
122.07134108820443  321.56764696289486  211.54630366498660 
57.08751294060792   399.79505871263871  18.65207319069622  
54.12259491823780   236.19091673341126  129.80144289937994 
180.76160192958795  322.03027950977577  48.55408892948007  
80.84074462887658   -9.42246235114210   297.83233176942434 
306.44799241009036  411.67341165972289  241.47672172896728 
110.62640799578514  258.99507325017044  365.89296901559607 
89.80641996473099   285.17131841827404  302.96803388899286 
304.24112701004054  -20.17426080789059  267.60458148409703 
325.14746216770004  330.90189680965705  72.18609866231304  
344.34075788809906  201.09790173903576  260.30129226205452 
289.58337998001798  167.18166038863455  31.72543615665477  
87.15914359950186   330.21468385420235  65.00414823505842  
95.54059522528986   156.65574608458917  155.75812948031194 
168.19300320378196  116.80591858150083  357.39705639714384 
185.66227454798246  64.57572611494041   197.13865028929703 
291.31474418611492  278.03139703460164  52.04415206529038  
132.53631291697906  -25.35014363543972  317.10055448973594 
339.68514590152307  304.38289800310531  69.75316764220268  
125.64390647600219  406.26837031366750  400.93614199671453 
194.19804557782521  123.80702003929304  369.85762095120305 
147.04193200728139  216.22664866665858  264.43248954459193 
54.65423606557786   131.20334435834170  151.15292340231417 
178.62953027132571  69.68236292709807   308.92187637595418 
121.12003263384366  149.66000028597895  64.46577472827433  
317.72814697574074  341.14994557423375  338.11440803369192 
206.25162406417914  82.48118936088702   110.99629150251758 
267.37844588638171  255.46638289962277  382.25353886460897 
336.56735477101046  40.20482223944674   159.79722896757534 
330.81584450743998  250.94630353374100  282.63648824394153 
253.37061619312306  329.24082269704405  250.20202077901070 
248.06506878206315  -6.33851108436136   326.88720840987020 
93.18589217419496   79.09445206483365   286.69349714165361 
168.95512743077629  428.83879777169415  57.59678459191866  
332.30231528691058  188.02052052112347  361.00618851148312 
316.61837363519857  72.90802597856356   234.29235131527639 
106.51734304563088  60.48460427111847   237.48969786579607 
227.19955647365552  211.88430290955679  263.73478898030987 
351.59651994981675  292.28629095772197  81.51558937143496  
243.40965198588950  420.13691543332362  124.50813549892914 
236.66389508971696  395.26470776121818  362.48831197438676 
62.31382143167811   129.60683177209813  287.89176166435897 
138.87625516362104  40.93397906881425   224.30421718099683 
26.20822275818573   127.38316401796581  146.85170646110046 
141.95704044593663  274.70218911641035  290.63242660479324 
267.37705923815616  70.18779588671666   428.85477625311404 
93.38359216971600   256.74285818316383  49.19436103686739  
40.97696576904320   327.41411019880650  217.44778983320958 
191.66133509184812  19.63415103639600   428.50082518364070 
329.85535493794583  286.05416251005306  170.74775293928423 
13.92975444738401   43.73097161298514   110.16445664411549 
356.36184917670073  175.62043508238017  41.18585269628028  
132.64914443427793  320.30034083579091  -1.29518454716023  
176.20729360041562  429.11111733746259  415.63521341393914 
298.27390179445490  80.38532516182117   175.49561102104428 
160.67741637346708  379.35534723274549  396.63494694020795 
28.46829976626574   100.17857985243137  419.73949596681115 
227.71440277887692  358.67652063580516  351.00340632156565 
252.49297024722918  282.61874364226475  171.06295736918497 
65.17234482095984   155.14472720042718  243.46478380365278 
333.63122620494420  -8.67002845305889   338.88837545655400 
93.89654676950470   122.40155030033702  134.99564941688149 
316.42636843937953  360.08036848361968  221.81073179064109 
106.00053440830831  38.98644553999654   155.10879135456793 
247.12267994729976  418.27985225001885  370.54519261156861 
32.15036535348198   252.72597123355553  232.87994636832121 
105.85177301359202  295.22512739071379  106.89332848999049 
81.36856533894462   202.98695613448501  269.39697164656206 
10.55526948828585   415.20460933518086  178.74999142484364 
145.21890024357972  265.74742602939432  282.61235092003534 
21.20282146174615   100.63017183582124  57.81132802357372  
246.20348009425669  347.14859103242611  8.52336041877581   
129.13369898300780  203.48441778681658  43.32390047465100  
16.44827902040051   140.24113537716372  47.09465162803497  
255.41127357141602  300.53326827951992  329.28307197999868 
358.09093936366463  236.52564862707999  314.42111767009163 
204.79386642057048  90.29856399666261   417.45817298610655 
350.45492126586873  276.17263366349448  192.72537157611990 
181.46391493513732  178.35862410591318  411.04928296569830 
34.68412307347290   74.34339483185104   333.21543259871197 
192.08805954335674  303.88381449387907  -27.38091427149254 
64.25542520308922   383.18093773797375  35.96396594711398  
186.00258496717760  130.23581609941331  -6.11694918406485  
108.52089439826119  308.75210397182582  -24.17045165819913 
161.00143989220155  93.18657406985012   164.56536434010539 
85.49389515320021   89.83056842679731   288.77250167836223 
153.94682898871417  200.00839454605807  250.43827385519620 
39.46167307732776   83.60643115663197   349.28723904770533 
5.04356349116671    173.32466507681809  26.85884173301456  
257.44772775194491  328.16323451934375  108.55149995253907 
30.05408084309167   141.71409133589736  333.25377266069580 
310.91326545978637  400.34281607044863  333.15096012619728 
168.78048828444810  17.80021983885339   90.03486385039820  
316.90642550968124  243.64778481823555  87.06410077944658  
133.96315621422232  371.39304259360915  253.90992356096967 
317.35686630758141  43.10714965237753   124.86728784906410 
29.47704841515211   120.13154235834256  22.50029285948307  
125.74442426582874  421.67491302114848  33.92357870377342  
30.68680202253454   257.52271315789562  308.63475078198059 
206.65100485352619  135.91869834002824  297.36747632852138 
29.77195215105795   392.87316793931336  91.90278953848845  
154.75767367275171  401.46250247020737  68.94306057725210  
208.78993411458148  81.29876353399644   207.37405551044253 
227.49616938349564  214.90322538665106  306.37619603218144 
261.19805073293060  61.63469935720963   265.13695444036074 
255.64233457559845  56.00769321978105   58.78743673766142  
290.44505110090694  144.24608494863278  123.43141247739828 
48.62697264572294   383.72291781849543  89.73886151007959  
348.33244963175770  403.29119393108584  138.74346078486869 
256.22946796225239  81.30659591581144   201.37276287599292 
140.62129816110055  338.70160722538844  30.27515161792920  
22.75277932447884   306.53396423954575  241.54398376629166 
48.29763872121325   -9.44847561796007   190.37816198364405 
295.36424358573333  154.91990284015509  62.22870229938539  
46.05598066289429   385.95358290651529  353.61766127988818 
196.17727006393821  323.89662434196282  276.74162745684970 
315.83138303137906  411.92017528587076  69.26251562309234  
318.17658642744544  354.26752285931030  237.70129532878968 
26.91642930317840   -18.70056672209670  104.24745305992030 
272.47645013193448  421.32265157748139  247.62090220530757 
29.54672042115057   54.37817725714511   382.78713557440705 
178.43238838448229  405.78593721912733  388.48348041991119 
107.35302486050139  191.68624076100642  102.47016837626899 
66.90329166209048   306.74700688186601  428.50033707263566 
161.19170221321190  260.67909445545570  215.83788003405948 
17.80055681360717   17.42035032853970   146.64684165359517 
1.85014692406309    0.45270935176409    363.05355336982302 
216.43103054510891  105.46473800549910  182.39563311658347 
117.30621532302979  32.68035722290784   -6.16436534440399  
261.53615973666382  316.05297789719049  368.75231133305272 
216.73958604641385  154.60494344660790  -22.10013501197947 
218.59515540444065  -23.10637940155111  4.23632678652974   
356.22770127960581  199.96824894155441  -29.98512632705794 
33.28162731223676   -0.97087899488875   -20.66845544702255 
98.62789172605727   42.78223948672655   121.20811190638355 
342.30196918563456  274.37594355911284  22.10155161782554  
189.26090466461395  427.91821291647301  378.68131821951863 
123.65189542447364  326.52202670105646  394.89810890428743 
132.98335615624927  44.88024813010362   422.89099309404526 
310.15454464837779  326.68755961555013  429.29437623106520 
79.08188988256360   328.52436495113625  328.25748347510205 
352.87692714762159  -26.27781443984447  308.53183600688413 
111.85762435531591  120.53105496761134  25.70747002592805  
303.99187711451384  245.02271485017866  20.08135021696869  
21.78138071960661   369.34808025660669  148.60823097945880 
278.33168736731335  29.59622440754882   152.63437731124390 
108.35125085590909  376.89851659846045  104.91860762005169 
325.21679258380175  34.12587498288215   312.92240942341846 
201.70134260505290  297.51190331322232  317.60823450629312 
224.91480005062044  119.40868037778230  277.73533968281799 
13.41579215320682   289.26017947505949  53.00157310601787  
188.31430374171956  335.35048889420290  88.60907824597309  
256.31796723058733  61.82671745851576   244.32128112706545 
195.25369762356860  106.78240699395326  235.87699336337596 
314.58283100872524  355.66707773207315  193.07611473647273 
241.36720286578779  72.52672662716267   193.55714237353405 
208.30490516988954  369.59172400350172  372.16949926771508 
167.15494924527144  3.85762950275317    202.28825791507211 
11.05385121135435   345.70619101744109  -0.73447984265439  
260.99036170950876  374.81318029879134  411.92937377601390 
305.01256524648886  97.27225485788303   -27.93621786279040 
264.76862660294768  355.04569941433994  321.85585826236752 
91.81116526395051   9.37635311809239    321.78227419024836 
108.52291629779344  168.17034350748085  8.64045825150095   
221.73431622876541  135.29520418133453  224.09426866298756 
56.53194083296214   211.85060776425567  200.12867822559642 
358.48472032306222  161.78570902838911  425.95657664504154 
271.02597936572812  326.47786265467295  3.32995228699582   
20.59275946671001   270.71131324657705  186.81549453540427 
331.66483278624486  369.10680530533796  397.42161021379121 
0.99301543837021    96.31433753129163   380.90826297576444 
84.96483047848940   374.47688879773068  412.56700756776399 
121.68111096640530  295.81413479927875  11.22778257468612  
206.81240778337246  44.17493552491598   364.56758315116878 
182.72815974857468  372.87312062650386  54.58796863697638  
166.96395470323887  97.08732436899328   409.95462920243921 
343.84884343369413  396.97417581235896  264.69473506442233 
181.21125403456531  92.39876240055546   328.37098219778056 
261.77503125374488  188.36419241707628  163.67136394959823 
244.89615854957867  305.34295740184700  296.99209811203048 
305.69869320705448  302.36360827994838  407.62522060634024 
21.79822003231988   61.63564196624212   360.37697718757107 
219.34965040318818  374.19240828296051  423.65261649702740 
80.39677155730128   253.82745289376885  272.05079527216827 
19.43499926865005   235.77696837842132  393.00708623536099 
295.93707232678332  408.17245314175813  380.07191180751090 
161.82072797231612  24.63779191297559   252.31861011286219 
38.81758051525996   247.95790361654690  3.74966047283679   
143.48408627616277  291.50831025688484  383.35187308486843 
338.45711448958343  -27.34799626335621  355.85838107223071 
6.32725608646168    145.76518133278879  331.43298191924322 
228.36954578061716  28.77666056166481   189.66887724823036 
289.83759728187238  327.22477820821803  248.02933840248073 
29.28233270287260   420.84322204287929  155.01584671499819 
89.76431075201478   110.43585015967531  397.85106593705228 
19.21872179215900   328.48934057682965  129.00279911910593 
214.17171423919376  235.78406764191396  -9.40629003971658  
142.36461455326815  133.16537774289168  395.16144274198092 
221.26337154916473  267.20745044503309  173.78583065463266 
61.77439788222950   98.43105059983418   96.18234993248566  
358.67964200348854  46.52709653808063   206.28919043132436 
271.84403087919679  211.23046733877416  182.16071068119905 
58.39508741605898   -6.00178001105275   88.23974292127259  
48.27878449614062   -6.01535013908564   83.34431564833224  
300.00726294005909  117.96801969891351  171.51665051518273 
266.03771359393437  376.67551882149399  153.62281453805525 
159.93475063847885  261.88010318892350  238.51861482210148 
328.11341604746093  281.88199530531671  360.20196952066607 
345.36448325044898  212.09800343671802  91.81850646205511  
128.37546202450847  288.46068116140964  29.77170929569489  
184.18006911576899  387.69996118727249  148.77233883935492 
48.45725574613886   349.68089500806053  66.53226957630783  
134.42871260479490  51.13999133157657   143.16020757762504 
167.88203439929953  -16.34979271317533  263.12535399496369 
152.63453418720385  222.47788755169060  175.96285596943531 
348.56345562024023  421.45928350142128  73.55711943393645  
148.83986763646473  104.63740452952470  164.65067984959168 
86.78275792118040   76.25638060414386   188.04741312312129 
178.59166135461257  219.72580236225050  207.70768485538903 
169.10958701560924  -18.58708654843972  -20.48998792832692 
129.60020315135097  2.00042184807704    312.82423859249428 
282.91271934572740  307.96461062612906  349.11247304063414 
109.53882632611148  -1.24984319463016   358.72395103980296 
197.99640524673552  178.64023912145007  2.17513151458919   
233.19196958031435  299.40146500764342  422.99372501165175 
186.75933404192187  192.71210596290078  230.38589213550836 
314.65433030322288  -4.43046425817641   68.49356177492896  
312.55891680595823  406.28492974721570  226.16561381310947 
155.95749934426789  120.31840963116994  110.27929742398348 
31.50150007352305   176.50897913750995  167.60233722266887 
157.92904452198283  66.71278612037469   144.62474243403420 
184.62513843234527  74.96609534145536   69.85295919446996  
41.62623164270858   131.94367947417950  344.52836853215302 
26.60651057395456   172.11197777868932  7.07191562573742   
160.17251590394619  273.87137358120492  35.69482852748123  
207.17110934246310  220.03685364810389  50.88532301267395  
329.36886860956281  216.41080747027092  361.05526105784207 
39.56868552990255   219.45418131335941  195.56947748117256 
119.51717945167856  326.65317474896443  393.66767352552336 
102.82093239060445  273.52164767808773  378.75624022047447 
27.15452698067861   263.79475271474649  116.59573086154748 
96.15204409878667   -14.81347535996782  -12.03312873174852 
22.57500538323807   32.35014640402468   113.06140009090402 
339.72582301387973  342.25059937567181  221.64042230174203 
68.90616595005268   -27.15694019618487  133.40801136907174 
26.79810738923553   369.20784258641072  371.81624879455876 
111.79449451755451  428.46805678958242  125.37290390015502 
86.44301587424071   201.32515986551761  142.76168575813915 
355.39645219320585  2.70896722835246    240.86369996516783 
234.76887595022288  24.63704520738685   6.99817633549824   
30.44807446159708   421.97379377599896  183.00190328983604 
205.61533213589937  288.59227737250922  41.28705651554121  
26.79429708877801   374.95277252898205  330.14280119387183 
32.23300259694332   417.19244985636408  300.77027568682990 
174.36270955327981  243.28083608026299  252.83118913198143 
6.11859112118220    312.02872019145832  191.85976953472087 
219.43405246869870  275.42692889239640  74.31095996485116  
265.72927032254387  196.60127932792474  311.24780523644347 
319.86181697742956  170.59975370611750  290.42266641817668 
98.29492276517306   77.50462543758587   6.33616369090114   
17.28293390550711   96.25729028974700   285.61345285445287 
295.15266643138932  5.66546131779491    123.18710269511359 
301.39533043585669  22.14493622950932   144.43255209420661 
13.01232281766467   230.68529495687426  16.92853763132342  
215.09545780044277  62.16094051321990   310.94690783562658 
271.91651104101481  39.78621146625302   43.73883364378743  
227.16481463924544  161.18889959625469  114.77353817181637 
274.24352066364281  353.70328922157773  34.03391356481418  
73.33177578015110   -29.62848485238712  301.93000687251333 
127.78249977575786  12.51884823097090   358.35001925150277 
61.61997786746053   405.21432563930017  255.63837097970412 
41.59897508089592   89.12318293106095   236.08676683188344 
201.08885834617485  179.90052792763871  333.20027759491040 
132.09007980068913  -28.71664738795844  28.17429434120643  
184.14674640581973  19.36700516133708   276.24770889664632 
247.49583518932999  -5.36339197815015   225.30211361672141 
46.03756308270566   70.50158628828325   75.99214654886494  
304.87830853363926  241.84668171532257  58.93624201613376  
356.39543664471927  224.01088125179021  18.66802034162889  
43.21395038673784   154.73628375929826  404.01706058844042 
275.47118021166676  288.32250819623545  426.11598370249510 
124.76137955190585  235.23456888479689  82.40756219115755  
108.03802621745119  311.73542060420596  401.15268800358177 
329.84229872568000  57.73456101667151   64.92983851317518  
198.36279940331522  -6.08921374455420   24.21138730344546  
294.42755998863731  207.89575331094841  249.27578086983885 
151.06302883735754  272.87303457215683  121.90947711374503 
79.20317589057811   319.62141869121535  124.27418221799550 
268.37885228563556  426.18708535392147  105.41445223147832 
277.55453784277051  390.40087260747094  90.60199290274350  
44.34974792144719   45.98161546985864   146.53041227449700 
218.68390546475376  63.65822224768198   19.80069552833814  
296.53589242564254  414.36490718339229  396.98583874017493 
338.17637738379403  56.32143082379919   117.21914037608653 
160.79986577184567  237.83218593650514  106.84654162340235 
190.22719237946114  59.80365154065643   53.00629811482899  
40.45105239200843   61.02962151146014   312.87190996855520 
125.09330551334519  22.11154270097020   382.70701972098141 
46.53707256585900   336.19657482090014  116.74807154537203 
35.48675097909625   -11.16286652404537  228.24539584111051 
11.45580743272243   409.48767396618956  342.51431740650258 
220.69013422064054  364.84476943969031  276.71761016455758 
190.09845594178688  260.95473697061664  339.35504287127651 
279.35142780829699  118.35393565874679  136.56888664346403 
227.27879239171085  268.75240716120049  357.41036892775941 
330.41344581518052  103.82004506172399  199.26662608398448 
113.85155078420254  44.84068251326694   33.70442761940843  
79.74322811503805   91.71522991105870   255.72037775257240 
119.58737907708147  342.95883995280786  232.12776099031817 
192.59424981771122  338.75729931180626  33.68473768104720  
163.65734380373851  358.45173321916900  92.64981595065092  
29.51524343486702   359.01403887407037  348.67767454368368 
8.03555356610260    84.25619619771172   249.62233108592312 
82.02615351140538   382.00553943856431  259.87423020529212 
139.12974731285664  36.12732104677045   237.81965353577658 
345.06346041539302  369.61458748017583  260.59035766242937 
149.16064378139228  49.10276304917193   187.18412629302955 
189.96159571869657  267.05714693369248  126.32477668506385 
300.23187375076174  240.22752422242911  369.04518778361700 
324.12431283476377  299.39760318423424  -4.48210928613874  
156.67826511598869  62.78076101673710   178.40891019843707 
40.85813129785895   402.39504804279528  16.71793256363151  
102.66297636324376  297.87808692909482  2.31403803471018   
22.37445526200455   313.75706472519477  318.82091732589345 
130.14215187894976  257.76570638581876  -7.39709095269123  
138.01052375970647  120.29386722826612  100.24882254643259 
44.13009207987710   164.71227466300925  358.70572513268240 
248.36456129770949  167.26998053399302  212.16228887167770 
282.82470759662874  104.28651930199621  195.41809112011057 
324.71358943661431  314.76220319284590  315.36827642530847 
49.53970563423568   29.12583446335771   408.03090231111918 
259.97157310434426  339.06795700724751  318.97452203545720 
101.98322586686294  334.84397449567808  127.97179955505234 
3.18202640945596    329.44646860876935  276.33057669497532 
249.09722694603826  241.11564475396102  78.37995243209991  
151.09109945197281  76.53425036451796   407.19900963709335 
196.63103026505885  337.63372109903378  384.79914467551464 
206.72954427101715  132.11517333607412  288.54712246557585 
303.34602883549377  266.36964004835676  299.63790070030001 
267.80009901968469  370.25575875424306  111.01928680375033 
26.00179098659314   403.37082430988852  111.07098238669332 
35.66117927999406   -13.04927597189740  236.26206645509711 
240.01539427809197  429.27422997585995  27.97940655808821  
214.85749913967982  371.19572886267156  111.65358674706812 
259.86289574433101  198.30905776249102  43.93089570822413  
315.72627767206177  207.20823091845756  203.50692863500763 
3.44589717278533    126.47077899276908  409.97880005764694 
338.65092829798925  277.15486021098491  218.13328327209737 
104.50312993522419  38.99104683622649   318.27531580713867 
341.16071524415014  276.49718174369212  413.22981829637291 
300.63336828884934  377.96295306245611  124.17902717111085 
82.50084824726834   365.92376910349697  -26.02576412690726 
198.01637950693987  113.64317171211752  243.18230586780732 
94.61491703667210   129.78480112674771  325.15691934208212 
214.64120192389797  206.34562783933526  31.81896203316125  
141.97843863351275  340.57080584169091  352.04556005369795 
295.68118930946906  303.92189970570348  348.25059166735895 
64.75542383577744   308.51671545965155  225.38985996479505 
280.85299257827620  160.64620495655879  423.18653606062060 
287.83071794631036  80.87107749414184   242.63132265380329 
353.08335289899139  -0.69021898704838   121.06206243848266 
348.29261491480497  206.10224558403769  329.04832962054280 
272.70580750670183  209.83830261686643  397.89274263803310 
5.64114187339829    222.73515737295435  427.38041844384475 
342.84968945853097  215.27186987625802  413.13572919723049 
155.15766774832483  338.47468853313075  422.97814579086236 
180.40464606079246  357.68280647485022  313.58070607729815 
108.28845860717806  338.04385399875952  371.64241469736584 
197.71199074525171  -16.76450654567695  -5.73704371700317  
144.48888530535160  245.22780494478678  127.18510359797634 
57.79748321800771   389.36733246550790  242.53645786466672 
250.05261478425911  284.75359577117842  80.55030527722629  
323.01854440491172  373.55724419115717  399.05684075367890 
102.13897251548433  150.29108719057595  166.69438110118503 
328.78514940555544  50.76494610802355   361.48890123010443 
134.92227109279597  319.67022219888867  38.98551835463060  
103.99654712927777  418.35462061661713  316.90784034692302 
18.25683191952552   213.86554465714366  346.30825114806925 
58.94790045825521   42.14260110477392   147.80636904167841 
289.58707146001939  273.15372313164249  156.07396066685263 
168.56115128209501  125.24214635772964  41.49443003212603  
155.95281327669804  90.79546892759868   49.61967357019637  
83.29794455713480   414.97285482160311  21.69918234978991  
337.15053803527718  360.36118104414379  5.48424371116522   
255.78045067134693  -29.53926593815324  267.52639254429261 
212.44264231793031  36.37370552918088   159.21907943402843 
59.27925177081386   162.09634112252596  374.43113108242682 
247.17117177928876  232.16174042687845  248.29723391951302 
311.66444341791760  91.28648683076831   319.77242479851611 
95.54010692130325   273.86966751031684  135.18130639337588 
283.61220604648844  230.19110911798890  211.86066989743682 
154.67023938309188  127.64496268825661  292.51899907534795 
162.63980769408951  -6.41470813796118   87.90308506099204  
298.75079930830219  0.50638480501756    136.77125464989641 
1.69015809172795    215.31040273291021  231.68427113457665 
286.63903994025605  103.39873631911925  373.96076819054144 
253.38410000560037  162.37643844680807  403.28585154182429 
248.13204095183858  44.82301790151317   9.82167897543943   
110.85000217256831  0.67539298152804    35.61947130652392  
41.66051468676739   202.77581106147568  395.65552508684300 
153.27668824259129  211.38902331276725  427.01062908395068 
307.84837194972465  342.42525049291902  31.70587825515445  
280.49202117000016  82.00410832874610   329.81054116868853 
190.72138026295966  8.18642285603669    392.11919838264157 
0.56787387018133    215.82567515738438  365.85841146486246 
194.61926066488061  425.09344971733645  379.98922083313522 
60.44889025447554   378.83636819008717  136.26228593154306 
284.33309797997157  159.69451909286383  74.72603243359856  
309.26864729596946  367.92461600632146  216.60122016047927 
211.46570964587812  166.92489543392901  169.14674445507220 
51.31453949222245   254.99668818590976  239.81097495500524 
61.84770476050049   307.20748129670829  156.57209432127311 
265.55043383331304  89.17741395061304   390.20341179487031 
265.06571718333413  383.95099258825519  429.36124962796117 
181.81498373936338  406.04598169825817  17.01458969561772  
189.11026704095312  212.31262215129621  116.02537990918793 
169.53304332251739  244.08951569305054  379.99134910184250 
188.57902159703042  -23.09315670320882  -18.15170775184598 
335.31857717861277  370.93594460216508  149.35354223723434 
284.71242228236798  254.92291746222372  53.93830167933140  
8.22199986790413    218.03810548384436  342.77200036225952 
78.16251887653848   339.57369549338745  4.63477562397572   
213.25038836761519  -25.09978641443091  78.71130360541000  
353.06691771260591  383.50411524245970  118.82168212982180 
210.70597393752212  73.27852290169810   311.61269178847584 
222.25590914120829  372.77454761917363  37.60060596123385  
316.79909412064234  -21.81814045310702  142.70457899199994 
124.21767828024780  83.51646200935002   176.02788976946022 
51.73902826383558   234.91519577096636  232.58132715266407 
113.74595258626947  318.77550212821188  310.77344323273149 
283.36181316986125  294.57182250544076  402.95822072724633 
145.10126153115053  65.45771803497067   -13.26049462047351 
301.71358989687701  145.62534395057079  165.64664641694949 
250.45586484675488  203.42665052403567  297.62487684482807 
259.00725746858365  25.50839791242070   148.13106490372044 
153.86654585201720  159.97541460930643  211.81333342198619 
277.46826958296032  414.93030570699511  283.14688954590525 
294.65707687831110  401.96911958682620  172.09588320019935 
4.77832283580206    56.93256174290507   167.25346351068816 
357.29942024966698  245.54643999754222  185.41453302864838 
9.25707912784261    219.85820587299980  60.47901684251694  
85.48661820737114   12.52027057607123   380.52949005293323 
270.47265492364045  308.49663067246206  96.02281120344723  
47.43550610905719   174.27935736188226  112.35303568301617 
150.41617055582390  81.77447923955842   -24.76563540563092 
152.12462368875012  162.22700628694903  147.35369701218224 
253.96738917792530  404.06287196917299  110.99876614901444 
112.52795468122638  252.32102914154160  42.47172682440073  
303.88254642758443  303.24218525028198  378.38529643389325 
154.72760702850752  103.09665598247986  42.91347433376440  
249.17259295338746  109.34028239298857  263.28891402540950 
245.63380531922019  359.10654205478954  -1.87311890095981  
113.14063704080243  215.36032613285229  160.33087973324561 
91.86138752589962   224.41954243384745  77.57474724129368  
351.16966582196733  87.81910771659820   393.48867775383036 
286.51226528344091  157.56855758538171  350.11389166771454 
265.02103985436139  394.32464323114579  261.41541838618991 
199.13506904327488  114.29743905109100  189.32409035426377 
5.47016359296812    50.11661985547293   404.66756267532423 
93.23497644884031   68.00363350285357   299.35340842569406 
31.30226117500118   63.40943412242915   289.93226795272017 
335.34582860004008  57.39736391605054   318.15987854659164 
345.90017052853739  156.43377091358323  277.64649144452420 
66.45345118756660   407.59181836635889  270.05350551566238 
354.95416309806058  40.09709073000781   14.52435128737979  
279.06890212647676  218.74881414962712  155.26110617446233 
146.08955052377431  63.39768570286434   399.84778734439971 
96.00148045244765   53.65128822303426   427.57470460546841 
285.45630075570296  9.11887489637049    273.51447006526320 
215.66390288854518  426.87241071681620  261.25408588279248 
221.04704533008140  125.43663978623371  420.22575107605223 
306.15096434413488  326.62840884758356  174.17131283380451 
209.82138137125085  388.72622137384786  -28.19369947512804 
252.14156206643759  39.96985053280665   36.71242346679924  
44.94919538450971   239.53773477005848  142.84079286184951 
143.37349060754497  30.36819246967637   419.95507330829759 
116.87599361116283  277.68583059397758  408.38486568651524 
