334.79433396211903  93.01319917209230   392.65406499006269 
233.62887852950377  33.78476750444152   0.88803641352033   
122.39615625843224  176.34745933218085  32.29710595274763  
66.13820851681645   2.56233127333617    19.81700806383880  
345.50045650227014  325.51571336162226  79.93290703150613  
7.47786969348933    107.75090103619428  27.37060224686062  
204.94378826361691  74.24438018684091   437.90346338244365 
226.41607862420886  -12.78917824318173  199.31311207847904 
59.04312626431891   173.64370133133815  101.48798052963448 
68.87606199628306   164.75370512555480  465.16923206662722 
219.61724852288219  210.44585088770955  223.00593195279279 
121.70742622239362  216.89349178425414  115.07524024804155 
68.40882799194964   266.35093088924992  477.02235286336446 
156.87782401124204  17.20294112044637   241.76558894822608 
83.85723094002235   -26.12508351491805  -13.07072985116002 
301.03187817117237  133.02376045914829  92.22650482466209  
53.60217845617416   263.37163111166745  79.67013144333183  
173.17350756082146  203.20525184216049  331.73758180815832 
170.54739030268584  -2.94654762730716   -8.94068362090231  
28.12613620026671   176.45737869922672  2.52312541311092   
17.62720171918652   -17.05534124215474  234.83244422739364 
253.64648221200642  154.72111516283400  314.05265950747861 
278.51283445765756  106.82327074139673  218.45246431727443 
3.13708436088540    204.33031621995011  97.63219690297173  
327.01954399616261  214.18378397102452  244.82977729728509 
196.22089975985224  320.06173882056964  175.04302641030370 
58.20672373203385   231.04911505297895  41.20381207798208  
186.64196260571376  -22.49909718565075  95.73227602015140  
306.01909019868560  241.44227016325425  335.72624957289906 
313.77339056647287  68.77938557578214   109.88364669054150 
175.71787585376308  243.53531743201938  388.47954730612349 
132.73154185852789  -2.94149877244873   453.87334607590321 
30.87027654707108   318.15548625862175  9.12472106023790   
168.14152380372141  221.10070720972993  28.57312319415782  
235.00868042721990  105.58570319652941  45.69682131947249  
279.20384319127896  228.64832437826766  181.72421842784712 
63.73558213930356   20.74320203120306   405.34442254295590 
141.99463476533947  28.35378201127165   160.07774515040734 
317.94277308077710  170.27367031645531  169.77600714601118 
159.07368682137306  193.97035447058806  274.68491636887751 
3.99268201514949    62.52744497821288   201.52060024792215 
45.29194992650440   154.35102804361460  48.76247239823198  
337.74854793576270  25.12537884143845   47.05309381053847  
277.34818200292477  146.95335712406407  490.23162490939308 
231.52414905519029  63.27083271454248   348.86575560766914 
289.18112707414247  292.27836735235337  57.36114980434537  
21.09600113870592   216.82317396050340  303.42136826702711 
203.13542000409805  92.74775299214637   289.01656488415853 
95.25937619721654   271.16201315484062  504.72873815599485 
51.64008883811152   152.93293854729811  448.38792669640753 
243.39356310276594  20.75729866825907   158.30299919475672 
25.49539534481664   -0.62574319109935   173.83913321996050 
177.79941490092730  141.97917158217177  244.80470033871126 
56.91315336477063   96.20335933404620   449.16958364846431 
307.39118364996875  62.24494806921585   331.68352901389386 
23.71403945743020   141.35868973076305  -13.35158764565927 
188.91391615472756  191.44719882681019  397.97657209779567 
77.72911060264947   165.74597924056619  68.64104492986822  
144.18357662852625  77.43242418552691   131.66260354600166 
266.69604104513428  5.74501087992932    51.27813980048514  
350.94840208064460  268.52860805015740  192.14895948800745 
338.76203015018336  311.37870560696706  197.28254689290907 
304.61735021827013  94.10423599664503   119.88722308221645 
135.72104089100208  189.88255393348334  400.15390714006594 
87.97621654870051   94.31104422668399   255.15877327369020 
346.85461035653873  54.68458891603041   523.89583418318284 
209.07172453823350  130.73153510425277  321.63694487672336 
114.81333036157802  151.63729571992488  89.13196339127808  
107.30977090706084  215.02054421714703  78.99121225265884  
41.37071948478835   231.54174407776327  265.33413695197572 
68.10700395425070   191.46121006527849  371.45025694223659 
20.14629829532712   29.68365575145577   296.68784904617138 
23.80563304669534   189.97415253759465  202.96107702035678 
152.76052281455964  84.76144639084903   -24.29061963846483 
240.69512591051077  110.36357920720795  372.53260032744220 
272.78303360330995  197.45048602425913  428.00692051856902 
33.66971180781144   92.15431322269568   -4.89257181575092  
94.51586544182237   316.45859679984966  248.04927730564430 
192.34250582231940  94.19773042159862   209.90061819877749 
198.32632421999929  92.16873653902964   306.54143269330552 
21.73663141940507   118.77600910190188  433.85719024601264 
134.59465545864165  240.71178309679931  430.19971726916447 
89.19987516266168   129.70824259355931  99.33133779817950  
339.51594472068592  5.70303407542856    402.93854099003647 
48.38129851116432   101.09976771441123  321.83765029280841 
10.47166690283737   241.91533709013106  462.67574789159215 
108.12500524987760  223.56795164181648  -5.08339124377533  
19.39792977373350   -9.05830376723330   164.91426311243782 
245.75695576665873  174.68625083092272  -14.58294344007659 
86.93160411240470   81.82322725939858   194.87856508273694 
245.92789274660942  142.11317773124205  205.53764590898169 
262.18444564464130  324.45790087148936  263.74150922177421 
352.28550191072725  257.61080488790748  421.83691977387286 
300.32782915126319  292.98322562693528  334.39083161506852 
197.51304878025746  -7.31748472194714   259.75979828280276 
27.85517350195279   302.99652113693003  495.92859580597360 
336.71439195426348  9.79564658957124    247.22975443869080 
29.77962841745828   312.39972680723378  440.60426817959518 
69.02050731205070   80.06942522009396   257.21241715763716 
292.18705531329994  285.36026936210760  366.11984963673410 
143.72348584053591  47.04214924617989   94.92658606416198  
13.64596396879373   189.11665294862706  70.56324873415282  
72.07248764030300   217.84071214258944  525.51613288293345 
231.29277021220972  28.47192273973383   -21.11297574235298 
347.33090429497497  289.46055230550019  395.32802530571246 
306.53674798074400  122.78973962490991  -23.62840871563565 
314.88407645737198  121.70914645924404  135.76154231163383 
184.84224657393250  308.79823144318379  433.38800753683080 
131.66777487301653  51.05725378678200   -17.02223260453579 
89.51981128124211   105.97512831735182  130.09608557838493 
148.23676668308309  224.96404140982807  483.54845243109696 
343.65456500779078  285.61058332672735  201.79891718697110 
278.34713657287216  102.09141786709685  210.68591115831899 
147.05382953034280  100.12385104714974  332.55550968600977 
87.49360264979116   43.52794950408867   502.56801301925259 
13.96047529710396   317.96438505620131  452.16623960724058 
162.99380455826051  -4.62811921466615   72.16177842335939  
102.91178537947495  0.55186929087938    447.07687173859523 
200.22154043479605  211.87565823770717  16.98775768811412  
196.56430332057909  82.77816153779328   347.25182456004103 
358.35443915105628  283.07700356354263  -27.05311264700178 
259.09571510610260  80.52862461883501   -27.54162193272461 
165.28539063926650  -6.80673913656612   152.30732326334822 
212.21401521144472  134.08443932692995  296.69341579936923 
321.39851341806298  30.95204311106778   160.39967224878598 
217.01880187128367  54.50973788282100   323.47290127228302 
334.23339229398937  122.69922901980297  199.49821974722249 
324.17703925831091  101.40747690187996  78.62108193157613  
304.40215547583978  231.68594330347895  169.21723858671385 
58.20093045532737   -19.32763434025063  -3.01596624353630  
38.45612014873154   205.53348752709280  119.70620126488535 
157.59048838555626  22.43107592688965   480.41003078483857 
331.29149956282680  298.87869006642433  450.49953693709114 
304.18653880785553  250.32077901967773  449.76651359446026 
119.24347937161410  122.51019557326214  213.38929547553883 
266.50136660961732  269.27298402917859  87.76206749879654  
4.76751837799143    163.16981909577606  103.55057079844875 
36.11603513390466   14.03021453746655   269.83419369478577 
175.83495358177447  237.31474116712604  406.81602002799815 
216.89146403248418  112.99795991013474  169.55587896473594 
34.18269057095117   260.89054940868749  176.33553583594176 
354.30574694674334  165.81706450285367  -18.55107695356731 
226.88303325135539  50.79100745773006   21.62282973886410  
288.91934810626663  124.44427080595565  379.74992892295114 
25.43728278056174   277.30530869435381  99.40479969630559  
213.71771023322125  16.60626488565038   257.38515807330657 
276.80497064924805  246.48119229797754  240.24552812359701 
58.27883616062364   173.40735528068359  143.66864160445635 
332.16629478054818  119.34756886276745  457.33215478811735 
179.85731604471351  -23.48892905696103  156.96392698044917 
136.14535110083639  180.13852004934162  91.61443328561519  
38.50798360553553   -23.86477880473623  301.03118812011388 
113.80564313022506  -28.00324186727088  -23.13129121031547 
84.50624972688355   234.26238437100602  462.25933483245200 
243.84979901609779  314.22966100547490  313.94321407037467 
342.57838091148210  239.18384785620958  310.36275608771922 
320.97481931107302  156.35604885005628  388.67888015845460 
72.39485040600610   0.19292693629343    129.67230323386104 
222.72441807701929  189.56010285001173  447.84082380889726 
134.62434830793376  313.80049352987010  457.87699165175525 
12.37536875719032   -12.48470459821145  31.28334291008006  
318.63890348434938  25.38956506595674   43.23113198525776  
211.66505836952092  271.44725713606033  -2.90180529581303  
204.65363790643204  79.76818634192082   451.07174251582995 
1.78107126558439    260.99257401625255  471.42071180126220 
295.90106216872533  216.85723218413563  378.65005855805799 
112.49019757296944  81.53723974854219   179.30064123435631 
167.60418043168565  150.63308544647049  293.91095544271104 
354.40701250546732  207.07142678506699  90.80357495805828  
241.55159462387394  129.24934737432864  514.63871170941457 
40.79093913200984   275.67678392297603  -0.05926311874767  
153.82053567120354  49.65985727348792   424.73871116877143 
59.97943558207406   258.66696418521337  81.01447142295693  
275.85028200692062  224.87732013907575  197.54360833012939 
124.54869854757726  100.22183137655091  -4.08128283774990  
17.58350788878287   131.55683759391374  -16.62664983899102 
199.05652841106692  142.27601956843756  102.53693051353881 
253.58065931778546  74.44158436325230   487.47950621103735 
64.99780895617748   229.92554382789314  16.00918715072405  
205.13943179842116  306.81575536885896  180.78988420884289 
357.10776905689573  80.37704015093190   468.93153558612329 
241.69203456276796  309.81651223694047  346.04767667013135 
196.07526967212647  267.67870921090616  524.32437764064548 
274.62462721831747  261.29491160759443  -28.96549342517672 
244.88855816489462  125.11047034218493  492.53781460275491 
51.45888923488775   66.12231034987505   469.12915829084352 
275.01252572259745  265.42960657206152  56.32460354468907  
107.51697499228814  57.38585605709278   149.85263722168133 
225.63174225584800  176.23421678210502  232.81729524986162 
121.61688281575039  257.63261607657483  175.99970511034115 
210.29926108333277  16.06763296354121   204.27863709110247 
253.07859403515175  151.32469949354598  285.40017571407714 
176.05557478094110  14.43054549628229   492.52932076394563 
254.55990399237925  13.54372126380917   56.88375444703229  
157.08980880730320  175.55435715939691  134.36120988681645 
41.28511737541623   89.86005517752764   315.90713702248962 
142.07239419075754  140.39174768856407  469.24284890327783 
319.33502146472097  5.73453819461668    137.22697796378540 
169.56753775327596  211.74780254709015  92.97674296418120  
310.59094384427988  203.07905369270796  353.32552028769715 
214.83993920750780  163.70638850074781  340.13491569626899 
340.65778239113160  245.73551780870343  32.57406616834119  
155.08925063361551  63.10898079552102   401.82283344362884 
67.07992321268442   312.41461703878690  139.25125350984706 
265.52896849636119  329.58881371518942  347.32998543054208 
155.22212795702472  82.02242664662705   186.46302632156133 
28.63934478095887   91.25940958879187   347.71204973578892 
112.03739115716623  16.19253345854207   471.08725882197700 
346.28150086951530  141.59312320161871  180.69174082818935 
95.07511536499084   5.66835394560060    363.52428796545382 
246.95843875792590  134.62455810362846  440.54089768471988 
206.88336814281965  63.05708979079353   355.48586186149123 
180.09877428177694  -28.33575767041349  469.46760156487130 
306.09416468466776  226.41552221569475  270.76105480627768 
183.85417885672311  6.88670696851709    240.31478363171607 
204.63022647242278  211.28605496972079  446.38606894920741 
97.63025993455999   59.89292464537300   -7.09089898835358  
154.84553699028092  125.10153177419500  163.93799908408283 
4.62433007997647    89.51047633735388   169.74896976110830 
149.36466429576745  329.74085302641350  430.64757011469317 
271.60913324290664  83.41517426854212   427.83126321149319 
19.65762297522928   84.56100005212046   331.24701807271254 
306.06480801596314  304.51716305697079  511.04662013599716 
265.32738465580195  324.92251025399378  172.07361076328274 
19.01084782821115   94.37721963997539   146.50737226648664 
152.05281496897823  207.02558895380574  483.94502461081993 
352.88472518530313  16.06062992678601   217.96053902480850 
193.89570355754645  37.29227663665841   425.77124357887828 
323.02012957208683  164.46781063878848  49.53428836694043  
310.95029860191659  57.08139860184299   309.07781095230661 
349.48909790965882  300.58054432430583  178.97040205882911 
186.16938375084629  272.30742742098977  187.07663646729335 
288.27860630754867  211.55714609959333  528.89643692473351 
5.92738977679278    63.00736394463495   32.11045603432968  
329.79124330155372  265.28669636246315  429.14260088350881 
46.27750420457158   106.88463760926379  337.31312051504318 
131.76766123990211  247.72894659829120  472.68380554218641 
106.43759077417603  233.08954984015469  488.37205093145042 
3.29584515098536    92.69649010934671   461.53688428548372 
226.78940360258991  115.33042794671411  470.81991936576867 
282.74877804054159  -27.95766392135262  308.45693263511441 
326.56951588906338  261.20394616795079  277.46985319736552 
306.49608385109218  242.57098098883142  -24.44233659247389 
99.55413950312828   -26.77766833133846  201.05421506674554 
303.33692553608944  211.94453591506976  -28.55370356989727 
46.21874964640526   257.29238034251176  220.44850827252696 
14.96567389930911   276.26026572284104  383.17221414585572 
15.08089106664882   243.99369229980249  29.52052950261002  
101.99685811206746  165.74275148928652  489.40829335469073 
323.20729198029989  -23.22082283409101  70.70527085546020  
346.69568628634568  183.16063691230488  297.33371732725749 
232.29712880190527  30.17383045566200   201.79016870120299 
289.23762428835380  257.98984835724701  492.49619110055789 
171.76416584183465  223.89725485065787  242.96408775220516 
34.94803551203381   -23.18578619475370  -20.68243082827277 
139.02461816574399  213.78352009997272  94.90502442781113  
308.04662067807112  28.54282051179433   346.84037188860862 
18.49760952878388   94.46058221052897   399.33440535144956 
10.90386367056063   167.81856894295905  311.33516432566927 
190.50602068515559  96.90328057581937   94.93855335897784  
275.71952116281227  110.85501577530130  460.57812054056524 
113.18244078800848  97.46416341400216   255.66271387300770 
24.15710030677399   321.28394482419361  104.61507436365028 
113.54263446067363  226.99490188719244  186.27246528193021 
36.97724982864141   19.51233499957119   202.15056376702381 
335.87096031011578  60.02223022433905   425.14639283607477 
12.59799813223138   212.89766885887451  303.93913360754323 
76.36054896283784   60.80809828136458   483.67138917622981 
355.54589127651332  308.18940480552305  466.26252497261271 
151.38080023006808  -5.36912996673452   448.03451756871505 
54.28768130637697   63.96731877731308   40.84869735920974  
199.61510862200157  47.54251142206734   80.34799136604687  
93.02094722855659   218.52194765840511  292.31063749518154 
40.53179786963074   66.32883114302334   318.29993286486626 
284.10928876691349  200.93579444761372  148.37850156808008 
58.12206535239101   128.24069872312276  353.79154907885214 
340.17011047492770  11.88413419788098   507.03266094024707 
170.43776944530086  129.75533075433367  191.17534316452068 
151.72662726182051  -14.85962461884114  120.22816477797059 
288.67937408835394  59.86258438886368   136.48616780159358 
128.29242660826304  10.43685337472996   462.73800120727168 
327.74169954932586  59.50405998275255   19.20790576457954  
73.06167185083507   -17.63326363821382  510.21899600050119 
306.53196251108398  275.02400059741927  295.50956518698229 
209.27834414923382  84.27731781722999   26.45184794586675  
278.94564279665718  58.34834436335105   311.66006668279448 
313.15945174075000  307.30754993297450  20.06686893470410  
299.05991058107276  15.11242160128950   309.05280944050094 
355.47306406008511  78.71755228150900   250.36549965396739 
52.19398944579090   153.44685352350663  382.81937446308405 
286.71178290965884  28.74710990500455   270.20551876605009 
130.73942045938517  290.02618058871627  87.56090478700975  
177.39104053814131  325.96965649079067  179.36334232730221 
32.78033657805183   108.53486395526997  498.67546243858192 
53.49195593486374   139.57018690921225  487.43206267779453 
72.14213864228628   23.31734652614203   91.04755917545673  
313.49102223696354  102.68789202357922  155.29011415151774 
250.30030439459154  277.26941415201094  517.00894669557965 
336.80138561046812  252.49874689016684  369.49071910156027 
77.50117538969926   166.83467489381951  16.10518051198413  
55.56566723007654   74.36280454651569   386.46893563712780 
16.38108126568822   183.67963742998626  473.45792666772837 
241.85924494076966  7.97050632691354    310.28139183811788 
357.78120790180509  -12.13859853178226  228.59990419785851 
330.61768528314332  197.12273125045405  186.88531767310471 
133.98743541489526  186.93159370181712  163.34513031288128 
305.06887786192027  97.56982348139104   468.33314612017762 
237.85103277514224  53.15538645682355   244.29234924752171 
103.99513751040318  233.73887223025395  32.79609786539786  
293.51780505589471  209.59417409847896  7.39094196072961   
112.04520659257130  -4.42906089632261   199.78125096465064 
231.25151922321436  258.30355170273236  387.27168365137391 
215.24040091494177  284.27990990758479  103.36995122471473 
165.02037555746878  178.79850846850260  475.19503332055871 
215.07925354053532  243.11139716246993  17.92381090582647  
19.20048230514195   170.98967375683389  255.65562580668137 
48.33848189646622   256.40104402417734  454.01250810722479 
17.20521465542740   273.82870524651980  132.74726143139412 
148.46030065914266  40.08039389529665   505.54839519909638 
27.43122020321275   16.79519981173409   137.54791462575665 
77.71716753919159   155.35629951678342  275.27725198026729 
311.36739950449021  273.80765725281225  57.11703531148187  
62.19737794882335   300.44023794704196  221.18348442264576 
161.62419169999822  158.34537090053990  296.30460400385562 
225.06236234786027  -28.05695591954597  373.55900215193543 
127.88440851394341  196.65995783504377  413.82411531826477 
269.60934748981737  75.69039775807427   339.65567690361996 
186.59726164058253  112.11128394664561  365.96725577842528 
152.11475480554600  162.72616635169993  365.87393654401995 
299.12887878451329  278.99452537141349  18.08713337460826  
36.05707035580691   216.20102984609173  276.80454430601736 
9.15581662765009    211.85127454517655  129.15367509523008 
206.31442592170652  -20.81789091341859  426.86823383818029 
11.18275712506895   135.07809620719038  135.17693510548818 
265.77831084034426  248.95566667834743  470.11203195820832 
83.49700754716605   226.57288021820392  501.48604409147288 
259.45266808163399  140.22180885918107  432.10987343841128 
206.08092354166303  243.37020148314804  273.33641933005373 
210.71221672625947  307.33017098294488  -16.05986372661526 
38.77594267169673   82.77710522184817   128.43771544782604 
116.94479882898894  317.06775380385972  505.37522173828449 
62.49991613825463   229.10936967111741  478.16052365769707 
111.30757280104653  53.09178819370425   365.88556247681720 
168.75147523675452  -29.54957992742237  117.16356723938628 
226.06009531697342  34.28711975606828   482.77017836651248 
181.13543099453281  48.22528549475004   171.33474439365341 
312.09607788006349  154.24562014035843  -23.71611057807288 
288.38782922036290  251.33250531441507  478.84207218030622 
84.20409766106296   125.18433267469516  269.63000413608552 
19.09221148906532   275.65720774896937  444.32621514286444 
11.50303497447154   146.63887035955855  316.43704342941390 
213.99523075722888  249.55634056914766  30.68690290567908  
299.49491216998450  275.85008144250526  222.70086569642723 
23.91282324075686   310.28684366407873  227.20197507781944 
194.23627130639991  199.28871567282624  44.11310510268333  
38.74880410759879   -27.39006914574773  54.32967109779096  
74.75722276871142   176.56275235177151  72.80258562186577  
290.80947852089781  46.81431526863203   381.43204817133420 
236.42334623555041  253.99587247973915  237.75843401335572 
112.14986305397611  31.95946812218948   17.04933932209282  
155.53410308875493  273.77373790814477  73.18938640369959  
321.67665432268006  79.63530571356911   279.56464711650386 
32.26501416343920   222.68312264653227  166.39921415082796 
154.58745588796211  122.94804872906394  219.49599414735394 
301.59229977840926  159.76876435768708  104.15338615519372 
329.33610671321679  150.66069823905229  153.33816626951875 
336.24525571951136  312.03715985651178  299.44545200215725 
25.82841039213989   -10.95916352158703  88.43415574978907  
210.70354095382581  22.96201981909477   11.81994945146765  
20.37379016149093   21.36082138613365   99.84464421709106  
347.70317737711628  29.22791860827616   390.99087200786823 
334.60223842387427  277.95898427701587  45.03318374677187  
316.29873376515997  133.81337405049433  354.64431635524147 
15.63838114554817   214.54182068093806  409.54812731305810 
212.68766261853688  233.24158562297879  66.35722831622269  
39.30872970651225   138.95068047194215  357.93634853856139 
236.01956473282047  300.41934865705434  210.11737888583730 
110.65941793462952  271.09860352110570  408.81175512356873 
350.83566460797391  214.46565503881644  353.90861581186232 
350.75728257507319  161.54970221470703  73.41061387308062  
297.40914997049799  316.69888348184656  9.22979317255614   
144.44648674205067  25.87441408483384   -23.50788945725231 
149.21360028247636  100.96709959421679  366.82424552710489 
28.59464560075421   99.62192182373033   270.10503120430320 
8.08216873930360    21.82636886543771   483.93424041958360 
258.52103844395970  247.74749490870619  122.87044530412800 
127.07149817883231  -16.73794414780734  370.47140158387606 
317.62844209068430  81.32951910768568   118.23104682753822 
138.49144488633766  284.91819484420546  482.96037331217917 
335.97092698299321  4.06208532814583    -16.29852086805314 
329.28349397531844  217.61498885111178  62.51955248017549  
247.97185608498089  217.74904280981318  324.50971848033424 
240.95007275422461  41.05475984420450   450.51732170641219 
68.52476790590238   213.96645857056532  299.33145593362389 
81.04752766096658   54.61155159713248   112.77653033009221 
228.99704895934903  267.68946335049253  51.78194803406579  
88.37054728883561   150.75727943803454  98.70097691984057  
299.38149878748527  288.33813957038382  107.36818859232125 
248.77848489768212  -7.66377580157062   375.08524335392411 
180.31626694065270  131.04874534735282  87.26470999359860  
337.64472032680681  213.81978844033861  82.51270618296843  
203.50745145692508  176.96078495092641  401.24054573941299 
330.75333936222222  135.99660713446900  255.11378259213285 
145.50655697575607  325.12770390842468  128.88918836900700 
1.27892885374102    149.41753964256384  308.81008476038414 
126.10069626321636  -25.37743067129188  391.75113127930189 
119.48110854796374  282.19480017243609  338.88823018861632 
203.64772083608685  8.20229612487141    354.13153005888745 
122.19564837820205  83.54717731620994   326.41166620740285 
250.76420406969459  -6.27934135964079   410.75673359644748 
94.47185936513253   273.17469310274686  399.74814129999089 
290.03548262975198  127.75137860630451  188.47225093256657 
76.93160858724359   129.90130096633047  516.76613640067490 
144.00888825822494  87.84309263402440   194.96444223001461 
74.43689906195084   251.61900369699487  82.91966811691482  
124.01027316861587  278.28255060139281  448.30865031714518 
105.74170857192733  323.85570661988174  174.75158250314445 
301.07757357295623  83.34834343284405   327.65937982278217 
42.58341552009468   257.48358408148255  326.55866707501252 
358.58270574705443  274.97844043276751  525.11760802849949 
21.63911022407250   21.95695957912965   88.75738720159356  
123.42658573551174  105.77829108543690  293.68122089535217 
225.16193842659800  284.95310804631214  70.54400504536328  
317.80715829817012  97.75630235739851   491.14208668209858 
186.06940676918691  153.25855279921987  190.18336125335898 
338.95704814811012  43.26547530364719   231.89771443725380 
163.22034753743878  328.01506306076300  85.41960794080526  
332.53006426563792  14.30694564185875   500.54570439375709 
342.05901236892907  193.47020554164510  156.35147929603389 
317.21225240021511  165.40669802738731  32.22117161850976  
222.37341421896323  226.45101917060941  482.54716850421619 
342.66565308336823  206.59388126289466  255.10448658322235 
23.83357496656842   61.10973405116880   90.74202048738846  
211.00351182730208  211.74647091859902  501.37331914321385 
168.50628136417143  39.71505361068326   423.28529402421373 
66.91698921906591   267.59656777975812  13.29767136454129  
55.96617017693956   167.32293456165260  426.55714368610285 
78.83346826056946   300.13911606762224  108.43694523306860 
203.31293866963375  63.34110911098335   70.50756293879716  
359.91896358785107  219.84968001981974  392.92215840784939 
110.48336905790602  227.70713307172616  -9.13441677137210  
183.68426755907907  310.66188516412211  293.79142750790527 
249.89207130861087  257.34715193738526  186.17598154140271 
240.75633832905760  145.72101176515224  75.83991903473991  
24.41281315195355   29.02896129037763   315.02321604699438 
326.76601367318625  -16.12649576723143  449.64340874907617 
162.43475772902931  157.05830948994836  519.67823901674376 
76.93163085097358   292.06583249250440  433.10143328946612 
262.02331711122292  236.72230396607119  -3.88340948851506  
285.25302693271652  327.90815772564525  140.68858596640212 
53.57822813544453   192.81568873369380  523.41347744099437 
236.43468414049042  221.11140828687905  402.90355437362501 
173.50097453157869  179.55226227498270  210.36979364569669 
196.92670947997084  184.08055461568281  494.43276510366991 
25.81465842711923   55.82289687932078   364.69764053975172 
195.25274173778462  122.82359856758899  -15.75441741407267 
2.45859538263731    102.18772548700758  9.99258177362427   
272.10078798884189  210.06384946438448  75.79893985253958  
207.77411997038547  89.80882514495136   378.63770430028171 
202.43098990181431  157.35285925425211  510.97681329540671 
249.49516402570225  67.29590219862811   4.64974428445022   
318.93997401329358  95.32335688035954   510.38447616209623 
346.95776340612275  -22.26254502126407  450.35205680494244 
227.13569596482301  118.23864192106538  368.99873356896614 
212.85680852939205  210.78624764916492  127.51312314650275 
178.19621908559085  164.01445765692893  409.16574366753463 
76.45249400176243   180.72114505591182  494.87617577688854 
146.07893063992810  38.82329828051560   207.66546229002648 
70.83571811131117   322.38476841414933  324.45549271351666 
353.21069167398707  185.68510532494093  431.18276461653790 
24.82797758660424   76.70198307863720   49.18488294098967  
60.85956753193319   121.08701121682444  -7.82229122712479  
58.78773287060500   47.63012447932910   486.61821247195746 
41.41587388600234   -8.64459112292011   58.33692419797691  
337.89638546375699  134.36965996381036  211.56367977748093 
344.24769088044314  136.42592716210066  374.04263522378881 
41.03441926701606   136.81990193055464  66.65441558470849  
139.11550698915320  119.84622735926510  257.70592294897000 
76.67919540354229   298.21009079393264  148.45486721232655 
50.61080821013991   52.95482867626130   462.45991050451477 
316.63882650043757  216.81980174838733  341.41725443063416 
49.41901421071618   154.50287005222435  186.35879829901253 
46.38219419138412   12.00867519103998   7.88772524858237   
237.97324594841348  204.87864358317358  310.83351864309321 
211.62195215510371  285.70705613353272  82.97309478994910  
72.77379202827481   329.95283561641133  425.46549251412472 
40.25509939128929   45.01555472917542   342.57015404876660 
39.02644716998235   326.17933080005184  80.96338914789982  
8.80938098948048    93.53992186268445   149.31500437232731 
176.49134150610234  134.34589286424185  323.62584593055493 
227.56718845143780  216.02916117612085  366.82251175443025 
178.52361251086478  244.58918236232574  408.18468093619362 
193.45454719647125  -25.87929499578438  414.20774602308921 
161.81974509234163  87.37502702666875   196.60245753761978 
34.38134368154300   159.69094768874174  321.37919351766766 
109.75574819951346  36.97907569725621   251.47688805946012 
305.11595862512786  305.51373843221313  416.67011907771382 
303.12632708468379  280.88573826022457  283.56397418064239 
323.46887391788925  64.18352876352446   218.02106517835031 
90.69093495373616   8.37806899878088    437.20602026070975 
155.58420316529663  85.63600470526966   239.27711413289632 
28.14881964784295   45.04141518443959   238.17377082563661 
274.97200175449586  77.51004416823200   196.59893607531561 
107.34589019777385  45.82988634714536   245.46997151292436 
298.73659376645975  99.42864430436757   329.87665446752214 
99.47224655461535   166.72567286368837  20.74695743885897  
113.80792973484240  313.43392092207569  107.98575179333687 
307.86169585015557  117.99800239822113  174.09762121376923 
126.72785053547669  134.08635960825305  264.54784559577513 
91.74764713685408   293.25915382175407  211.57812938554909 
185.25695477111930  263.00127404755705  355.85888424563649 
273.39585464696154  21.77042389819341   120.25995277450505 
345.44194006747023  239.15039733349892  165.34220876190412 
340.86247235006806  42.72357693697116   333.20203408510929 
330.23008140745770  167.86465493664835  386.31230285026760 
263.28780460032038  225.47468792978967  114.96575126275431 
178.43002742993156  27.30873816621057   58.39811828941438  
144.68429656868059  104.59811429373997  309.23593686058058 
318.79400962507020  142.00467958767163  284.96492001675131 
131.06218159928963  131.96522310362406  489.28886989480543 
89.08700154968156   67.57395268271478   28.34788070184239  
126.20619136632976  40.47208692090608   111.51156602105277 
10.46216599230553   175.40417599129489  458.80315826926676 
166.90014088394426  160.04281398696472  193.46481582500135 
351.60696988594674  177.57628687736008  202.49620235968789 
77.77642620196966   306.06682522691909  196.31032375619142 
274.33948639256391  326.29542374293624  485.03891498372207 
45.34623452456488   100.58198930327180  424.57582084614887 
310.64310330808803  220.20244813581976  258.12220254535265 
19.54402595300468   126.93694954054843  462.46180884129984 
169.00727336173949  22.66179979912791   226.81837322937514 
354.04484952474735  218.80271366515552  -0.35148316843590  
346.49852140688404  4.36856051167105    138.24054795866061 
124.33516477979616  97.52149285730525   216.01949315432512 
170.53877380250756  256.79812430307874  166.87837565446299 
157.81030991331016  62.63508460799676   292.02741953846476 
273.35901410106771  267.99403529087414  304.88305193788773 
113.34646431286878  311.11948382737205  97.13396929788513  
200.82585827556963  12.20588005265303   252.22191363044743 
52.89431046752912   153.86723772369763  508.43919030484710 
170.25210084000875  174.98164993454364  372.79578688026930 
343.87828041849917  124.23174960489928  162.51464587365771 
68.44702928192554   307.67947743240876  384.56057143479791 
33.11939959537393   125.06045772123105  240.21605349589879 
60.51973976910724   216.98054845670362  16.73642789043362  
63.91187138392529   189.32051496738526  1.02550480209054   
24.11544576274914   3.69437313817535    39.39237871640181  
180.45719783334559  328.77483606208415  165.46327356684500 
12.26052606207125   303.77152509634021  471.06078558457438 
131.33534218752146  233.78589131134487  162.95118156565030 
84.94830984095884   55.38823084642550   146.88384513883585 
131.55161222756911  89.00031153991097   260.36477117714549 
168.40760098989477  11.27478229399691   365.84794513267946 
167.67874103468870  101.54519019846623  48.79654133944520  
222.28917128682804  202.06287121410236  2.00651023324419   
85.21622475645896   162.82117480056388  241.20728245761291 
132.20703929938523  52.92729397031027   70.92974741768417  
40.19412926165675   279.33003459717094  439.87590639442652 
41.94326253655225   150.02647791482741  475.43703634322191 
276.21251922702641  308.14663200748447  56.41487233853056  
136.15246884395549  57.84719742473432   467.86572597502328 
93.09776033814259   21.26930287327336   167.09397384798234 
95.52956171103709   298.59143766666409  108.41677494542904 
218.53856292670935  167.69027771792187  403.36739102816699 
190.48683102373141  295.40390913666386  320.07767540815570 
310.61485191787995  230.34407352758569  138.41504551154546 
329.92737271625907  237.79508526587159  321.98141635844217 
30.86464792566512   60.56673235685439   503.95876655060965 
96.45132390298433   329.05206538539619  183.61540609983072 
104.62250010762949  209.32692548332747  265.57642865613462 
123.14109335250708  167.81071853279727  498.63593585673141 
254.72537544064079  109.76218669215407  488.18782036471146 
80.61232815848895   59.99732084435075   477.65748450664148 
45.55415232968614   118.03786409935114  179.05818516935221 
167.79838532583435  28.63503963261119   27.14792286065126  
268.61114796462135  112.00068136398733  451.05411349150125 
231.80443835957749  243.43338699371435  272.17552478908254 
311.65340637064270  279.40799278747630  125.09925672996880 
22.50355540543938   305.48935084987596  339.81214052466640 
171.53189353530175  62.61090959112946   29.36028580714083  
324.41564693298733  325.15800147518740  105.25993242455823 
243.27423962107767  200.43062070892665  6.08141658931771   
115.53311752736960  36.93963540452056   380.78649078412525 
163.09972164048185  214.39756167070013  455.31752715232699 
199.31374290090233  58.35282788950946   179.61299876979746 
118.46494385852377  -14.72739917930503  281.84893320351671 
275.81460621280252  175.59900952308209  212.12363212948318 
172.26029505730028  35.33172388004161   242.35222829750535 
274.48635946471455  34.22773183585353   229.05181837602572 
180.29129509827871  94.14655702515536   525.22676166176120 
10.78146727078811   113.02037624220515  352.58461951383447 
243.30790134899269  110.34069596526638  -12.48719519805626 
89.32668012928467   173.95105256752584  353.27419026618662 
240.68631735888329  111.12487632489098  408.44513561982745 
53.67938525727615   56.89712334561689   248.29637131274285 
48.38160232687179   12.47539701649585   253.35615908291777 
207.85955521905302  87.69755137754501   31.73913822966003  
300.28972476115518  14.31745504743557   518.24498987186553 
125.05004383461267  -26.72188368891639  -1.64864679172748  
303.13597305062547  164.07446784547912  207.07393386584607 
142.66840157132251  -26.04437387129818  315.40049303594901 
175.48801349078323  301.73700204310956  114.16088666123244 
253.49183591338360  34.51512267141985   -1.00862885730423  
37.33723557503787   2.74614395668199    202.14345161001640 
149.42480458339995  75.22394399693958   369.38236227186104 
142.04801834723503  212.75038651577759  146.10780962716802 
117.95261187646440  288.76218446054747  99.58766602910782  
291.61317288100395  328.02314478659298  225.28804210798242 
282.61989898916073  18.62829177655043   323.63218202211669 
42.99692012558486   194.26565683743743  429.10071339500996 
67.22355300328395   314.58665444829046  460.16622064609390 
62.43665815752320   -18.54095835825410  115.02413080335558 
111.66702903529043  13.08342792700351   31.09824084551053  
168.51403859817228  324.23500297452995  28.27603573793041  
295.95380509252800  103.09044047756367  19.70268319271750  
290.19917962322887  177.21460135948450  266.79315517804383 
94.52477966803080   220.60829773709710  84.59718615466352  
202.02319005908220  245.45118396587151  38.63591233811511  
312.43035385257764  271.84041647391456  445.21683026600545 
80.23235558375687   200.88580924044592  175.76142134098023 
177.50710722219617  101.26451339099941  459.00452528908511 
310.63930195303124  308.41244009428442  118.62247165983911 
6.20583395450062    103.62533889736844  163.56512214739095 
109.23224883189998  15.74617628525048   106.90112933237435 
84.74704948203910   8.94051010517968    431.48593819411326 
152.39802418606990  141.09955255724745  313.74289912180575 
61.17049939489781   258.75674756129757  189.21381329887430 
343.52935376429673  104.09387011381392  80.65568030770463  
213.35821974782928  225.56918770575837  398.88097620925049 
126.73153946244334  266.38721829005038  347.16619422222686 
358.54528233141093  26.82062913636558   282.79312647653046 
44.53511991587670   60.92282126884989   496.91904511235612 
113.03609945589288  48.61103585771852   398.43917546987518 
276.10415382898850  143.80372821585107  117.71953563452007 
81.39658618851500   325.89535584088793  38.58168250715559  
298.56845365681625  111.97473033499045  169.08353749927139 
344.90898881190407  80.51356226726915   160.30050372104560 
7.54328575263121    198.45297739851259  122.83391399705280 
173.07857147467288  171.35092030128476  -23.92165688308689 
356.81928314530688  43.78481261458403   483.31406842475178 
254.13711135632889  323.71272574733638  54.89786773136798  
264.41583616448293  298.54514514033201  325.41757495502884 
230.89436062648971  290.52838817196096  223.71061449479075 
238.50048716891888  153.16292188992409  84.27509895836441  
266.76634944670172  171.65592849978918  144.40205840186800 
298.95494434285541  202.23430806854557  -22.80575579885038 
175.01086977506597  78.14235183402575   87.93517934271645  
66.88494743051420   157.42738998907450  29.62844185971757  
249.13880393547345  108.08466828349736  289.91196501554782 
263.81832621821411  320.70863103650123  296.46141478035014 
173.35454786102426  219.10656400779976  125.83779016138917 
74.81418787157861   314.32295744661775  202.20984458160342 
212.55585920746631  314.13243802072543  37.17176306850524  
107.88619785019729  14.46125970372915   77.88095603612540  
285.96910875666515  94.68472106011390   491.12515198122492 
48.26965798262970   329.21276986357395  311.07883780554863 
276.33890713687936  120.19738291725162  371.98624785900523 
242.18411108293807  129.98782763765007  309.81730150027880 
7.40563993266965    65.40238427118656   11.05033867679037  
264.11986504131761  189.81184304133703  157.28067060659902 
265.26504663571416  -13.13959728476510  518.45987065252700 
134.11620947021797  219.01575171480422  141.14235706707871 
261.78201868804371  242.07487632095007  212.71122738456879 
172.08285759821109  90.78586346879766   119.10781893890623 
254.61672837393883  79.18495960309808   29.03915660959962  
140.17623804115931  5.57732592235200    58.91685146651194  
207.66260731512426  282.59636307096946  431.68218205571998 
355.10270416215809  185.77239394354172  145.89310095947269 
109.91663444172946  159.55651506001720  430.46172853393273 
229.38858234910458  -19.10856575754984  100.48631808874018 
123.84489377662409  220.00414179459324  481.81625599267147 
123.50688739444112  279.02184152358660  62.81528205285922  
95.89956520177826   278.12956377974086  270.02868338483046 
105.32730797755738  200.43893090327830  160.22493120887387 
170.53918947141153  37.41442815401456   187.92325105421045 
352.46190446411816  -4.45092318835473   135.29067541933736 
339.19086182868932  204.06518090705390  329.16646589762689 
157.82126470441460  -17.92566609916805  123.87581270943463 
193.91694140298526  197.02070097331384  -20.60579117756614 
290.56995319669102  189.64052532824061  201.36153240417886 
135.36450743857856  226.12011906417706  245.38022447993313 
330.79282274393694  166.41702460017163  361.86720496264360 
339.35865022083618  244.36322618598302  472.49462540122795 
308.45874676509032  -19.32079149244001  239.95691271016051 
124.62315253924376  134.64597888158875  478.21531202854538 
166.85932876167936  161.19594447439792  16.41995706625455  
24.90623327229525   292.12805453240145  324.65850840877738 
65.79412481996295   304.18556179623118  -0.58418296497223  
228.33504426912526  276.47332964055551  122.21421008765083 
267.56198301980919  54.95210529315310   337.78931488681195 
298.68859871511012  254.44255837636314  459.52765520784607 
127.48015453703074  250.69913139185206  303.49492240058657 
157.14282615543416  30.19533991849326   52.99150776676653  
272.99393936224476  24.48823269160923   412.19810668958939 
276.22992080236338  -29.57175822878622  330.11693871911729 
102.90490994285108  28.16730665910436   189.17348765956015 
174.32243053482097  105.67757588860169  31.58483641115549  
21.97838358179850   91.89925809243540   440.09243537565084 
229.32686081748378  158.88751164262268  219.07688687891846 
75.19013979159556   213.19270204301876  -15.55763711962789 
339.83136284835786  -19.95114027090528  378.21154335120508 
263.81918185390202  278.66801401766293  275.11908801150798 
336.42958496327765  323.71645036573381  305.17612469753618 
257.16082809257506  212.07906000490206  480.83526005312126 
189.92077038205431  -0.72781737838333   107.45389013385244 
235.16910013243222  215.55526789821818  505.23377926005742 
357.63756520515142  205.78252184171834  107.32641821205638 
91.69256318764968   194.89703229851136  -11.14048979242147 
217.74774770626252  145.68774959994013  469.54116293157421 
329.27711610187487  218.82229454686839  224.45789959349906 
58.11922144828876   63.05905938242016   242.89126678247356 
237.76697303115927  -10.89218323885625  414.85848406404955 
17.42061054109190   44.39353167196816   148.14089468813262 
188.98105647838801  233.11485580010537  334.40656667662012 
38.77661444120231   153.36392035681789  105.16959794499266 
254.47596497128657  145.47850344093058  319.02760860306773 
308.73579090075634  275.95396027160228  339.96617119121424 
147.20025440069546  -3.76676145846264   443.57051114376799 
338.77142904893310  280.85091303721020  431.00115545293494 
156.49793841620840  261.20627470390610  394.36454591600750 
72.03589965766854   12.65630128521865   114.26569233747998 
155.77711665768155  53.23879937725462   133.93093573825888 
262.28370896062779  176.92436389499866  350.90996488867603 
175.28037569918374  54.58816155640713   56.64747274297864  
304.96230166211529  24.49638017786840   257.29826426491599 
132.54924865810233  310.90793488874988  332.21618288118003 
49.12918688388564   302.53238008597884  417.73661861409028 
114.83645143125166  126.54278942464222  467.48370095687250 
275.71232341720747  184.03993228285293  411.84048926771175 
183.17250223202791  201.96396681036350  274.62042762842714 
249.43704127249731  86.64590139399246   395.72121756694276 
207.65318115745006  102.51227707784136  348.13793375109452 
243.23919904919686  175.21193722249802  118.44588490898661 
256.39644643793457  -11.36865225935465  141.76942659023246 
221.62462667081783  253.56451414498207  135.05612680126364 
222.28973502943558  142.90502896714909  150.44254532324246 
228.87963003638149  327.92015066629409  472.98127166206001 
109.27103540423602  312.48936621687432  390.22373288061266 
32.94978654005304   4.04915404483641    433.18211964820017 
83.70874585702217   251.50929478974541  323.33517487184542 
228.90228687600251  15.27470141680600   127.71173103155294 
309.66677123029416  283.82120510496628  36.91459693486470  
166.53431572968444  70.90629625433873   367.84803616136008 
348.12804043256597  233.15121047294770  176.74578662682481 
249.89473829482776  2.88907147626175    117.44781170806323 
185.34332972106537  254.69736024540600  525.30426845440559 
277.42024328660796  127.36916251323026  253.26102322688439 
197.81195333224420  132.59472976195889  78.18329248446742  
167.94492564355781  219.33531695943645  241.71724478025391 
153.40653429161910  86.40217549877161   373.33411505224922 
216.10620724213513  255.78014793954998  100.53634640580574 
38.92098434813126   -22.08639876370469  491.00797371501994 
236.29348865532498  0.84172576090858    30.46583122075643  
130.97710787790191  -13.11338330427604  25.45507003552927  
339.99522348142966  312.93665270742008  93.18667849242746  
141.90649122697729  243.67099081054772  447.55008429949453 
297.51675249373807  227.75381045916026  276.70978835347927 
175.83598377551314  262.45627885671240  143.13283690255423 
78.08015021751908   25.96677193575366   299.52199907132382 
10.73500442942545   -5.34776417249716   65.61762265646436  
155.98058192670916  21.95889856153272   95.24175772274744  
24.81399839604672   65.07915530835515   411.37929685742472 
352.64178873470075  166.26078728173320  142.29282565840410 
285.57861458699472  94.07022603555369   221.36383469804565 
240.20862663841950  311.54233077155368  391.38872009550460 
90.60392834750678   137.87920236788941  474.55659484494771 
151.01133230490169  305.08256323171747  439.43457826888721 
123.45775424603028  171.00865712807200  146.72993561517663 
145.21906220949782  45.13203954893936   265.49034114865509 
238.15724294425618  94.93076832663697   503.58897696353733 
186.84893774512133  231.03802669712485  198.86862598879176 
212.52593391293269  53.98610397935346   92.60356926384337  
346.90836826163735  51.32013470972275   64.70418810843040  
62.95411781260550   178.06489725316919  90.54256056142901  
53.89672492461499   80.24741839696654   238.47153434906431 
314.62306171935319  186.51637233034933  377.60640164134526 
264.47400426591429  281.02321326812506  51.71180346006972  
218.96361596174938  196.86692365359585  337.57082927364223 
10.38968382606473   94.24365376708998   285.80320182763893 
6.63736774858822    273.64651966499281  354.60720712329089 
200.14937041996640  56.73156899159001   27.33332419565392  
318.37670650313748  161.08637509800130  154.46544679885673 
90.74495311516695   62.20713318732868   391.18002564387734 
288.29154077882333  175.03201301288152  254.31066732950080 
68.85157095038566   299.11504426129733  295.33629205804260 
138.75490299740795  122.67895532425916  489.95430793647938 
86.99119975535929   305.06986477870737  48.48361868439250  
290.62953350054789  261.72273889281576  295.13812741023730 
136.89491983547836  323.31090855652189  270.00963358411525 
304.23262104411077  184.99183473226412  173.29341299511913 
256.29571272055472  283.58070665973202  109.46233669875306 
217.53001312259275  14.71398272079658   11.45345659447274  
100.03916903001877  252.23451527113974  127.59193523297134 
199.79923548545997  200.75369539864687  -6.28428284990588  
316.76663879463689  261.10457672436848  35.93771878862765  
221.79589658563657  131.39516852595636  270.03440349661980 
8.57735868357200    119.27154403794819  373.52054337521042 
243.86371437242354  311.85373314231464  276.74618468551938 
209.20810814766693  -23.36638124555111  371.81922000116685 
63.75392189518450   212.46061011624900  221.47901326632925 
70.62596042045722   136.79787896693159  41.34950334948203  
123.23394292799826  96.39016693702247   138.38790606571214 
35.54541372583796   126.24827453871035  138.15950089335394 
241.29365550835681  151.67763830113955  90.87888628052490  
136.50539706913096  81.93440953668741   85.26516195592305  
201.38668280144987  147.13908990390780  399.61509061512800 
257.60052832180315  177.75321932801540  317.40190762242923 
220.88689334126616  322.58922773516053  407.41105930426153 
109.20267018727701  145.63732983055615  488.58654836095297 
321.75745348943667  266.94995595831438  115.48972888570552 
293.90599073539704  287.15981422578000  86.03224213703996  
36.74843270266464   108.37436733558971  397.86590469849466 
133.77825636781006  114.03439353364877  222.31650283773027 
103.49269696776381  132.79330741166939  437.60021999165281 
181.86669201142868  60.35906065896796   259.82789493431022 
180.00998276306706  129.78407834730035  458.94031409958956 
296.40431026063754  168.70002490163100  -2.25517294017455  
247.17912727390043  48.77912252620369   71.55642088463340  
349.16733129160650  188.94459326640595  401.45688910619242 
8.67772799341033    91.77050878202489   30.81716581610007  
239.76049845179685  263.54008932827963  398.72748821113851 
46.53082428763035   228.48026641144361  295.27223286030107 
255.25996259709606  209.98635732921827  349.01446634501474 
186.92125253710213  191.90637941511727  422.55195553718841 
213.93641408170544  45.90034500183346   147.71356598490746 
128.09777719646868  69.96320820996303   230.41751590620709 
123.62026042639124  -20.32244609709729  72.86920667632354  
236.77100821908226  294.75442087146729  214.38266850411094 
144.00759914276989  196.19849522237041  228.56447485109095 
142.80473686782412  26.60929698056889   468.04202194836677 
273.84175932006485  106.34179072253056  373.32171795728129 
233.10207156620692  198.97093755444934  297.95883023363007 
274.06004472956050  50.95660798624397   398.89925527280110 
93.81525838639905   140.59564219220965  -0.47725429327845  
295.50037969397471  -27.69949991013560  274.48114364852449 
204.63166440732385  9.93748122602607    240.83810991906796 
111.60857283802561  255.89501475481933  519.13942129119073 
258.80739621056148  46.15672414411530   408.86388741822344 
253.95111841906780  160.98552640163291  97.89052495284699  
53.25810947134018   63.71413568712082   229.15454452260303 
11.73184069081332   14.76647273128582   229.94478082743404 
109.55004637331069  19.35544635208657   -23.71148105906322 
99.76188805692567   79.13610032822039   128.28483708516609 
31.59426438679748   231.43458831679658  518.14483305743317 
111.12471813325820  58.22974121122274   15.98490816942815  
42.73468301353943   118.53844627177287  388.99479816656594 
25.88936732743217   306.34138558167245  454.81148375022985 
343.56159463745036  220.73191437879794  -27.27671064918190 
82.70513034182306   328.48677148059687  312.52470741019835 
93.83702783046077   101.81969537824560  200.00577337753703 
300.22640611332253  250.69472250026547  326.02737509272902 
326.87396128536375  17.53823342002331   312.00580186935650 
50.00885450021802   157.57577222963553  72.59625829840982  
149.06570526308980  102.54312519543319  479.53233590192519 
300.95287011801372  4.02791966318702    205.14278932386270 
207.00773549854219  114.88919465465631  466.76276348417178 
326.37583224053554  195.42003570527518  76.25735566912036  
157.20275198515739  85.82958582675977   376.53132008516747 
91.44873432873328   -3.86675335443421   137.89260506824286 
298.87540666363367  117.45387477188049  208.91078137841259 
354.44723418637392  167.07975881409067  105.38965404888177 
70.64870767427777   261.07362091154573  126.00381896466112 
52.26741635868554   87.30655468877174   114.39838756242128 
337.71912198445864  1.82344469554575    481.73160764636754 
155.02343652977819  124.40686043044784  284.45948655557800 
14.50521173658577   -27.37431712125088  123.43074058878915 
310.24263917379398  109.21676593283959  78.93880813190763  
201.44563495691594  325.04413389817933  440.35168924898886 
50.53707907910117   109.31630181248363  504.66834643340610 
192.66069598910065  37.67691065978906   401.78546431066121 
253.83184871655757  250.48011891347920  68.80093323093759  
254.38005760160584  281.34924363083184  121.10318387219263 
129.31591407063192  108.04050371104560  -21.80772969143865 
212.51800906785292  127.39019910662270  441.41847052899402 
351.25054375658118  281.67165178362114  419.76837476520245 
323.65058316226344  34.88197669894762   236.74523250857743 
93.48787554505468   -25.02574503612693  460.83075430254399 
254.68100143388406  -15.26803658061423  336.86210127870930 
126.35724830145233  268.17630729196742  -6.60660743917833  
184.62137412561123  329.58743257907037  23.89358072499186  
160.20023095379656  201.70188594977500  -22.64545557957831 
25.31864535755831   196.51547496030383  255.23512474005383 
90.28596544219714   196.42661875611654  -13.01813011578810 
123.23131939288554  170.36631060601559  267.53862241847884 
168.40881672069864  33.26154418695015   307.56415349934952 
164.44239439959830  329.93560367589896  455.39288425380801 
303.07820634721986  171.94935488164703  509.33223121930962 
93.99679254371765   -16.75150876354563  424.30743202181645 
168.73418747471609  242.05130566045665  240.59273600953401 
341.82311935859809  256.83354399063728  292.71841266823071 
231.44214587991911  183.24236761677585  121.14803542547358 
249.77854167257729  95.66154704046174   160.30329490978727 
162.90862029439859  -23.74136274154888  207.14653662729498 
119.82126641229347  321.26155096988379  278.75863073544332 
358.85350532104627  194.02471571639364  15.34725379239718  
55.17227583229022   115.71054797097017  235.04792950253272 
162.55219940310636  106.35527360127571  432.08622050707874 
312.27563278628355  327.42441148541599  285.92905912962698 
66.57201450180959   -18.68277220073591  106.07261399600071 
322.46855482924690  196.78756379606654  -7.97315866534171  
120.66284898160005  325.76938163563267  15.66807059387033  
19.62499635641931   264.63057660828684  15.60471116307771  
77.28908799615766   -1.70095723321998   141.83676959977899 
3.78401397921867    210.17682275404545  103.34827962688138 
5.81729477941418    249.76186285684190  497.37651008536091 
45.74364368803531   139.01746911886411  136.63818254141367 
345.36991137699118  217.70324134210171  458.75645981386992 
170.25644645241488  44.71901307226176   288.43435661059419 
206.96103999060779  47.43033618983779   519.56891606859972 
81.38816242052457   192.83243758212757  -4.01463893050862  
257.37641541159780  231.16920788924199  373.66992890798286 
249.75450078410543  -7.79677782995599   103.70641883989020 
124.81521009936553  217.36063944401238  34.52990032055412  
158.20232029040361  291.74799814806511  96.03931362220086  
141.67531241982101  41.45426798529752   128.68580024325371 
10.44715688213594   303.93277456359965  452.96157785030351 
110.92251946422141  247.29398600943733  458.01622758966539 
334.22861085696911  252.75605008258401  305.18690279652247 
280.37760434304994  55.00842040666147   239.44771966231860 
344.72131919384071  177.01993999428976  121.37668404776730 
189.10564897739349  -6.48678042908215   175.84092181182379 
4.00759199513131    258.45465378015172  349.95909677816218 
79.04246722383178   67.29184048983728   332.75800209460255 
47.96890868967636   62.92328339289688   365.97123458632598 
153.53856143485808  320.63543715404370  515.03178665855569 
265.91805362950049  314.66857613679088  140.72919323475932 
283.85002225802401  148.67609881468508  417.55846246996458 
301.40440471724037  22.55643807958155   -7.30321885286141  
175.01662772243660  28.80665068759136   55.37997614409414  
278.64746524501317  247.47815207612632  307.42810096150760 
181.83562256704278  -19.55093024648329  241.97627054009922 
211.01253103942915  113.67261346870893  495.91245861416519 
329.27659944461391  124.06630171625523  284.60517968156677 
14.51185233904500   179.39747434800216  95.96196391729525  
111.40324565562014  206.32748905924188  85.28512084796483  
95.85550286075679   321.05535580516283  179.33086642585985 
46.28620678868049   24.42351159899671   243.68161187915052 
3.74708744667019    68.13243721682858   -24.30245478550181 
98.15634865642417   27.23856610357205   500.59694747735193 
44.92992953451841   83.99056983549812   430.85906771561815 
356.04901356262189  126.40757106860792  226.70699631317376 
95.05144688525068   37.59549497125445   404.79634833843897 
218.52643792581875  207.94594996184594  410.23508247330392 
313.89737005049801  223.87059209713109  477.48763691821898 
277.54288393009091  170.55672174709781  238.54889079324818 
88.10606423574474   309.78792565507155  387.25436970125861 
309.50603043097254  10.18392662011026   377.98772708394392 
37.01931116970955   5.24808650111073    -13.30879445949231 
104.77659398663400  260.24948657769397  -8.50512419836782  
28.51236075779697   127.30687704609420  -2.66348151717757  
264.76417249354068  293.68222398841112  156.84021200703330 
161.88587855265229  254.88669041276609  346.42838529763014 
85.15220381535829   140.77242093465631  172.14039904738826 
344.78195830085838  217.94672865784156  318.42798832623242 
337.72572701894416  154.31020111770954  365.68746996777719 
196.09078186834691  36.02163296985064   -21.78216725826900 
149.53794185028738  25.97279421255278   383.73870956780098 
128.57493966118795  36.87889629018207   449.23606238730952 
335.07481967547147  319.45887843056244  199.17696776584390 
155.93900566446814  313.98802741876693  393.74729766040690 
61.54268523416810   97.77420795677662   393.54288494903335 
70.71103554475212   250.95909816040188  74.12013150570219  
202.69738323460155  267.10247894884617  293.64005107046074 
213.59346886690219  37.26288723820926   439.45570838615185 
229.54234164802097  177.76549028640085  -20.69191500211571 
317.49705261752172  327.75798241864669  32.26077031251413  
238.87033490951615  237.01725477936964  149.47049922206548 
279.63548729813067  196.83144647467219  367.81579727210135 
53.84442253746369   123.25818963303340  447.04971850434214 
260.32560963312881  97.24784992037884   500.99312667345146 
37.74302659008991   70.51567239118356   17.03959463982780  
29.58989498119595   282.78876673421598  355.93306446111444 
292.45797284456609  46.49345297370175   -28.52226035139475 
174.85386935821612  259.28443316152641  364.17850027811483 
346.78187937046340  262.76895011186735  358.96669046412950 
263.99100510749832  61.07516925376321   5.77453704798935   
301.33511928488144  44.10837904130767   -28.54506158905728 
91.18777807031744   253.73892030949742  150.76510197125461 
240.00396832246909  230.97945306709278  414.29018936885205 
7.91589473446829    77.67928926614559   282.45308166828573 
283.74166102275353  208.51243930768874  29.91714631791220  
352.46887988072865  115.11807808009030  298.32719760420906 
120.98717118059594  144.54663708378345  523.73319194325245 
29.56358978247781   291.37432032237302  143.16481746121494 
106.83334075149530  305.36731884608514  295.31912358545981 
108.25367010664696  316.39738023888623  110.29775265496548 
234.79962947715075  148.66942811963546  489.54027701417897 
158.83743571481611  317.09513389238134  349.67280085901535 
94.39448496536400   152.43109449632658  42.68261909433815  
86.48122310530503   147.91497812022067  480.06292919750439 
211.12225202439708  -6.75773738220522   24.78598027166800  
116.73670940607957  43.70597362182161   447.84548924217972 
239.52663113877202  85.95687585348811   431.46630070591129 
339.44395811996503  278.10867781031527  183.23653337071681 
59.83573531374172   249.00213789890529  142.10657496638217 
17.60168607019338   13.14756843629129   -8.16428112873013  
39.33216574788797   251.43858742877967  290.83008713309118 
182.59251832044299  20.00733130894347   243.34351594877575 
158.61510407155157  315.87506171721583  233.25945515599813 
202.51902566557519  -11.29039476051968  432.41732260833066 
