82.57740874454637   404.62298863363526  492.62507588891492 
336.60921216318536  71.35422645223365   -27.76815539391954 
266.14833651518074  24.58395036894292   363.43997929207882 
56.17499864663585   515.03803733455266  464.30350385715269 
310.35267759937875  444.59460396050980  86.04834062392746  
146.03337115657365  230.27041171069408  452.23538589383475 
71.01803753480178   52.21238599428781   493.96616994511510 
236.41069940465135  507.30043782784242  65.42864535619047  
46.92822028691231   -28.47523750952586  206.08194307056758 
315.28103867038413  505.32755886775874  250.48844634162862 
160.02329762872438  327.48523547284941  126.46106923791459 
3.70536319964617    392.39706385717682  73.73457150634613  
345.33464302420714  142.92645706448857  134.49893668699710 
329.62653035420317  385.65316126115169  184.53972462318882 
33.32013448796346   311.76683228166365  -24.28038902048768 
359.64860781438142  167.46151091000158  55.37445982884128  
64.40496825605207   34.49896800365897   407.70092173106980 
135.88047452299298  55.52791951315942   394.77231675533443 
238.91387891819539  146.19492003786837  76.60124938518129  
6.53612835703769    451.91896302347186  81.50474372031702  
338.76404202726553  270.22138767727182  146.94067615411171 
44.59236165960607   400.93535425385789  86.45944148779125  
20.06577871815947   215.71890022555175  -26.35056826146456 
272.05072954582977  258.39851575691983  315.39174533452615 
317.63164214509180  447.29552600872267  283.37588305540498 
303.57290762827114  202.85770238301549  241.28052708045647 
101.48897994042149  311.37918664014694  -1.88624816917207  
126.27492002188306  139.77130768485816  106.82358535764914 
93.53960791014747   296.30456677214875  97.83624211837899  
167.94222758668931  172.27346686055861  45.01741606743870  
107.37764739907276  466.95432838818334  350.19570398055509 
337.83194954940836  249.25302515147052  204.44280844310455 
288.27106049060654  -8.51231342649778   433.44760026877060 
78.18764180830573   34.51123067937750   205.65178345374918 
334.21550041572237  -21.39721982860432  210.47485073266012 
121.90300216651293  51.80527999236732   209.14468619553173 
3.82617558317988    320.50686130327460  495.24947049490834 
171.61031783486956  283.98011262335342  405.10141713844178 
128.84531858201390  372.45491795462107  73.91554577138911  
296.52615382467985  41.19468575495543   186.13181890841989 
327.31622554568861  44.94328710330066   457.88805157233367 
298.64465278549665  390.89156675722620  525.56446356768333 
166.37849632939000  137.07458527308131  196.87754563361378 
323.26953477699243  166.56049359992446  15.26200232525572  
51.33214643511499   216.22379004079767  369.04056277609556 
102.09609552031968  341.58502048024582  215.18267473507777 
323.60647599039379  -9.74158772754295   -9.27215848531055  
138.72199622871423  428.85676929294266  478.25456846180879 
332.05451226310208  -20.11005431281395  198.72875572390882 
148.25797793960547  211.46511262740580  206.82413331594813 
253.36471975402259  94.04472229693572   490.52815416204294 
166.25859282550306  295.55650272893661  290.93575603941429 
162.61733409746253  500.96465188481966  67.97635704996988  
52.78774874240193   -23.20433792872762  335.99930631940839 
31.12534763755102   348.87289707390681  2.93354685089896   
149.54134597660834  123.73089087588613  211.47663842788953 
275.85509997401255  164.36711836453114  480.70196132169832 
319.62241485018257  250.17511777267219  465.61226678508768 
127.21504475253559  -18.46849548773527  457.99383052939334 
305.94193129656145  446.51641218528840  157.45085143505779 
174.77283637429463  38.68093733419423   105.91589373529658 
156.29104441942167  75.26738230879025   314.19809713330250 
83.64111826042684   529.32075549864874  414.65392865361218 
247.64834558681918  249.09298048550659  252.31620579462850 
307.44229401326811  56.99733516536159   267.60420858000975 
74.05558669790844   194.62487347819314  437.98627956423638 
198.47226727963226  446.41086941442256  514.07231357268176 
146.78875984286472  268.07017822401002  372.71948687825261 
228.66442711998212  489.69520011705697  332.67900100816610 
150.67624931094144  160.09527796867491  492.08771629674902 
112.56963383179367  206.64233681957620  207.19409149955297 
83.08477772783195   500.47701200437871  275.64091708689170 
229.87792501655724  185.84701843592279  210.52701597173356 
252.51891710623812  459.12256171633800  215.73538808417680 
123.66134045186172  82.20317565320195   18.50853347150373  
217.84214490935653  509.63901796335347  43.64493460324211  
189.94181037128934  462.69600048025018  30.46318023080347  
319.49082887144465  103.71669789038299  410.40347023157517 
196.58835193569260  176.50115831269909  429.84526724298871 
35.37191815030450   96.83300328918031   368.89378087122952 
152.29753430942938  103.80764521845509  256.49985850577548 
6.19841320486408    296.92331362022372  444.67093221257522 
296.74902245708859  178.72955451173479  168.77618128667112 
127.53065224439723  414.97736094206471  139.61145606209607 
26.28291111418346   350.89932186908374  101.91436864031792 
110.43722598956310  187.09661338137866  334.30586028715925 
112.81036060610469  267.05853562764247  406.93443819260170 
190.16117317822781  45.52128808635594   359.53901308812777 
120.62380921703141  279.66285646645508  377.56188408225552 
29.22052293021367   281.40500704026954  408.22460155370459 
324.01240390691714  386.30363509241738  432.64577489866042 
260.13276667938305  418.61334071236939  208.18738861108707 
130.66236777690372  276.18990382276320  462.43907936820619 
201.95469412505415  -12.92929144538366  417.22247843236249 
281.54774152057695  235.29021614892292  226.50067516041469 
239.46531274483991  103.24745146190972  66.46032062268810  
342.11946812981802  406.43557440293216  279.06250303127086 
126.86158515702279  46.63419306798394   291.85976191095818 
198.15822738773568  387.19319190185149  436.09131118781249 
2.67763175109994    280.04325037042702  309.44733354789332 
74.19203495980157   347.88953060899883  223.74973081411875 
107.51782975430299  -22.54845398472011  30.41536409553373  
335.41302102903433  140.83872374601381  115.89576522828565 
132.25436572756951  514.01444689137566  342.82822192446702 
43.82305291507872   71.83400698828122   -3.18253262753620  
151.32782953551254  131.98039490232520  -4.01862209580349  
49.19580004592117   1.00777880616634    525.18196303338107 
127.13807619772862  405.53356703303893  112.92625602108910 
214.58530765174558  497.02097593044573  9.52039982602192   
311.85162965343852  371.30531929041996  52.74281903641278  
183.04917448348621  250.81430596660510  105.56979702264442 
80.46783164383010   311.97714864635077  449.79341382170793 
72.16554143212883   140.48121731485890  163.61730481767597 
9.42786578914882    339.00241545700936  260.25678951947435 
58.83156771802283   106.88921214688261  529.33617080653903 
41.29101156154013   112.57583420398632  261.43174078166646 
74.79147740722988   428.14169947244881  352.47480351801283 
342.04183160469802  392.18713862960630  344.28905377179416 
302.10193569985091  459.11237467138335  171.00628811537430 
143.51375915188706  138.36866710663728  493.13744849347677 
283.09917976396389  363.06784825345221  385.55087931788609 
298.75910730780225  31.46011702702192   63.33125569376935  
2.75174631107961    161.26244607342571  160.93615045491239 
345.72666416776491  501.32545281055252  249.85538545724421 
284.22028007217148  502.60546219288301  60.20652686646467  
233.34528459479108  49.47130805535359   180.99421911208105 
62.01751147399904   322.71271084290953  225.28865446182814 
354.01452358277635  280.68526764464889  21.66154918938862  
38.23088171344016   142.46848027973223  101.61129850810906 
38.15023578467531   516.28382639595679  205.25899562995247 
311.26647656088909  91.25612548417310   326.06819627098361 
268.97578504535409  517.30044700452777  319.27293847385465 
250.61464143084243  47.21021108231736   305.42281996923998 
115.93144497643539  505.67898439413602  126.67067793999178 
309.59752009142011  70.68279699690734   288.63647766646636 
85.49749306721226   424.10170005575702  397.19178009154558 
272.67755273374308  28.99831328660439   79.29234036794004  
107.88081218349944  107.20512883557373  312.33031738067388 
80.88887268745944   137.10739734808769  40.84192569946123  
340.79176111596377  290.59267214673821  312.45582153743374 
40.13173436199409   90.16891218182899   390.20716685737756 
204.79405315903696  392.26738073539212  40.03953814142479  
277.48325335878923  273.26754690593384  422.15847541240930 
304.47587072684672  317.15202016088273  37.15707675830677  
293.11055869560784  345.28870011319788  335.20357373258724 
213.77520621159556  458.60897266438161  460.46658152578050 
257.79371870718575  242.73940984638983  337.53062436354611 
254.62716989456567  160.19657641010031  506.05591348876681 
176.17466494721717  410.48515169658867  199.39468019490394 
169.72301585092740  382.82148355514613  186.03697751222896 
261.47597611691668  376.18898220238634  62.24067307263672  
37.59917940429334   259.36224411699789  208.84805435160709 
129.20517492599262  342.41175619553735  217.98039604099910 
103.45268164684344  235.24588493280487  20.89430023383728  
138.24392305265133  23.19186712268277   417.76804601837739 
61.41500176664326   427.16999184735829  132.94266488796981 
6.23545665816288    228.01087874555748  42.22591772886179  
346.17161034648382  148.77861059496320  275.81373178440202 
20.13198427910893   116.17861115630700  259.96313099497257 
183.30393387479504  204.12478210151585  220.93554184441925 
218.90757479496179  101.05167534161234  431.50461795958807 
107.28652841688846  482.89737179913971  301.87598484689283 
328.50557735839385  176.09191226702296  117.42416805876366 
314.69332501455267  242.09973224178611  501.06983346384220 
332.01382100392289  232.06021531793436  505.56612940472291 
255.03355276926555  488.52822950531333  46.39645539452253  
165.97829280449065  43.95227690632626   204.76125931506647 
312.54793490433701  -28.62834485533806  65.19334339143899  
336.90107813126662  494.71058033640963  503.74684775890660 
118.74606281185847  464.28407932088396  361.65346513634648 
28.06408369360065   423.09470179445754  453.33500511200907 
93.40538869919048   270.90156229325390  144.71470691832775 
345.55704243524951  277.77918684831491  -26.89681188977105 
242.13021145126072  271.38278982512514  474.92318716078972 
149.99535250400282  238.53518190420994  200.42196348390317 
195.78290690597220  1.66540710250162    440.39545199062877 
1.42504378349913    270.43886539917764  141.90027763511060 
45.42949111281914   182.67339059052210  119.70695946009411 
37.92647711029977   106.12259744214023  452.39979177030045 
246.61677240717543  -8.01628174348387   25.95643555884721  
60.85280803400048   158.25117318448579  187.93736810570198 
246.67404551062242  515.47414361359904  16.32757470666382  
206.08138387489490  182.54141178834885  50.57379844548929  
300.18957831805949  211.79952652510872  273.88186460991483 
38.92147960489674   109.08962984158828  262.74512986889425 
357.19152711172393  98.26050222902418   212.64096284555649 
149.61260258114811  316.89830092818437  509.51132781930824 
221.95606382420388  181.75036530938326  295.99240716271242 
33.05233860426225   76.28088945760759   110.45980282095027 
125.94070433346195  427.47400444875143  141.10812343226993 
182.48608531180884  199.46861055741647  75.53197750547415  
197.43289823891021  414.37828389072627  369.38234829848381 
53.13165219922981   304.68380878970339  413.14701079341791 
10.58591805974315   398.25979499790458  219.83750144142795 
72.25324708804170   489.95390673749068  140.81312780051002 
260.11407683023413  95.93481668369219   339.92590992028266 
145.27895533034263  201.78791427597420  509.05929897694034 
351.88184846060227  357.91971627216890  108.19369556339092 
170.34702849833508  88.65736216369260   210.00774757574843 
103.69312449135688  347.37440667959214  494.19598665251908 
340.50530389772450  225.04366626829051  205.97885749969871 
111.43974883249422  299.49685635464317  452.24802761080878 
96.61270261664086   15.23162940679401   428.89493093234989 
320.28525827326592  295.26589538151887  465.30306561972509 
279.21048835920908  158.20985505159240  207.40130532595697 
21.24937022667631   -29.26078807826271  68.62338060778255  
23.17035917492004   509.76740627503773  317.19885398818457 
294.28073401964463  273.56793405011734  299.80343323722008 
243.19914214868135  75.28827071823289   310.72654464197029 
204.96201429897874  100.46516645553288  142.77488545767881 
70.38559293812483   56.88642165915086   92.28248253492724  
111.98779530399474  192.88844032142870  199.64993611771109 
54.19186519412133   284.59230104203618  100.12249265299380 
265.84724890728489  3.32219149642344    487.16135590118813 
134.08531171191416  457.14357327722428  57.07832783429197  
333.18767949985181  406.81345088579235  177.61839442800382 
200.23763822137423  417.23524638778349  84.37277821138620  
308.89426384437326  88.84766198087665   415.97367020535069 
264.18265615419773  220.97607693355846  482.81009307461284 
272.21862511601847  232.20159476240224  33.54597013302795  
221.26133006094818  481.60613242510806  407.79352268939311 
82.25811278082116   377.70088670188773  12.74937530318176  
27.73745443102726   196.61245217462707  430.00832474806953 
166.85929166139786  313.08574898098004  430.42893354647401 
240.97273221337966  322.84099496002108  140.83008009441258 
90.03110466122577   340.60563270117865  217.15929697067162 
206.98977053736897  361.86671885092852  484.27968795850529 
104.22584516296756  128.77065501448601  414.45720969226272 
141.67940360653060  160.47777870824677  404.12380381267491 
245.28570188861895  262.03440030681497  381.86670686223454 
201.92227854998382  452.81189181279058  466.79456804467020 
212.59094174734173  315.23182060148298  190.54568320167311 
47.83395764951842   -8.55802368191734   328.47592271113950 
0.00710429332003    -11.22775656629914  480.88351411304956 
219.97548045147050  1.49395580445651    513.52879184557196 
252.83492435567078  121.38003706898436  295.06902823313203 
25.35398306774711   64.30962341089467   371.04262373858495 
344.60884179718670  445.25408420021978  356.78450342367779 
337.62390497787823  -9.39774341031395   362.24016850302536 
161.14991944610017  174.65607665672604  142.55790244017498 
242.98591367582412  -12.20759051461744  372.17848775610651 
324.31966294590200  432.24100339428878  266.58700389220104 
32.85070372791020   333.97402923632274  124.15497668476681 
280.71418309589615  154.64868659071061  219.80738654025777 
214.06783007404246  478.34009830579021  292.03075436529917 
172.19521811977870  185.38186690888750  432.49165808447634 
260.98961178377306  189.04314029913019  318.72635006784571 
345.15873788833977  300.42075731196252  64.75314599111304  
64.98082666759093   69.15823844804807   13.82636220899822  
164.02851477382904  519.82572516931270  484.57362571625345 
185.59899268050597  336.89707322776189  55.05206321835784  
166.01641873737972  375.42703951843549  58.19077719974837  
126.81072839835250  221.37186234394312  364.35171700603638 
356.69126836241196  456.72070718215599  184.49043934797544 
172.90158979882227  413.22913653034868  169.45227630229454 
92.84933196845904   189.25937975175751  505.86605351027617 
331.15752123200053  329.94481034375360  8.79702258826011   
315.24914236348189  443.41274956829909  338.59414295205283 
89.59317585980317   526.91065845574258  386.56584818282147 
123.89736207008771  450.86019248004482  488.25453094648503 
118.21669953110089  76.44012853127336   209.36955938641975 
307.71623154502902  227.18344988093764  242.55813448214172 
9.74701124123417    527.64692055450416  47.43641020192985  
310.17588355022201  491.55332660652414  222.38270711056714 
193.20195277497746  470.00367479840685  61.71867816962316  
218.34218912346648  222.49641842983033  121.43447040098178 
94.41116037787491   353.08323169003688  394.67858913870168 
309.76224193897474  356.62973161270230  47.10626339387400  
321.65839956405512  58.03011674412919   179.34539251360084 
114.59953260153708  293.28262412847693  345.11780861362945 
13.02613038033381   439.57857971773387  408.45835547027468 
313.31920727234473  287.51015006111101  131.05857204610919 
246.98713954950466  125.18097371697019  5.65118275116477   
28.45330137296310   104.18925067051666  243.47969099224497 
121.64205974374521  207.96011018791665  339.26464418862321 
24.64587878168324   110.11697968925159  301.42907683611304 
313.71907341179286  196.68984940520525  441.21598018973987 
297.92685438231081  341.41078387022884  274.07100177455197 
235.69797760670613  180.27023660892567  493.28267042897835 
261.63327271726502  138.57146421251045  -20.20069198356041 
110.97809276995142  168.68056834308533  115.30462624676042 
58.00248184396609   294.10893898922717  380.59502201208335 
54.88151664905121   238.91509733696785  33.06074329956537  
137.70959859335767  416.15592914159521  27.13958418800588  
152.22822734819439  129.85465457197310  393.08416444069064 
282.82570390478594  481.57003394737859  243.90191145991014 
45.43867985153143   320.04811504420752  227.08727155399345 
235.43122640334295  -22.92823027967814  5.28885146178769   
183.77971004501308  -5.58848101494713   113.92933919864925 
176.75916245155463  492.34443040125404  -5.77783932333111  
352.61144411306935  272.08949321041746  28.97593567361472  
290.02023968374522  513.55195780461861  140.68172342809308 
208.73880555251776  353.13676951025121  99.28775389640177  
331.15577504394065  166.75630049746300  409.83832612637980 
358.18859856302061  507.26557721040660  256.66666447202522 
175.12729655708770  459.61062943129724  192.20131146458434 
306.89561114805377  256.19190085843411  347.14262152288592 
235.49653158537726  357.48349919689093  108.01871637117731 
70.82799030805278   423.10894143282377  96.15317423438300  
291.99532274273020  501.11826210240088  236.00219198272964 
331.22557618023512  86.41665489118903   128.86556907133365 
79.89721720822480   312.46219866768223  454.94663286958195 
87.71525118796053   397.21160203703698  101.29955323329276 
96.57830615386986   4.14036978674773    23.35712685749182  
95.93395877589758   91.48960846222840   342.71880254041002 
73.69249176296007   318.41343114782944  357.66315923297606 
267.84865097126527  506.28157013099781  377.49137687156565 
36.99429315328211   149.23393498613973  427.98909878627921 
65.88454420209759   7.02580562469217    384.16720190658424 
82.43814532821297   497.92181831979792  178.03465779675932 
290.32165751177143  292.32394537658439  429.09900725496090 
93.07401771242571   330.15027160877725  -16.27527032251743 
309.75208703497361  212.06093102360865  472.65147340524049 
350.40547110704836  273.43648222828062  163.08045497584624 
17.91435453968526   385.71337479777543  67.01014011319845  
113.11209357139001  250.20928510637111  195.48448180887547 
356.90525569652476  149.84550510149020  212.43481196630154 
325.92186894148017  34.63152683863598   5.27988775936451   
188.69096299570506  203.81278023336841  505.16049577021636 
107.30115561007206  206.75608336589576  252.38164797732685 
228.91932951056540  367.77452760742483  -1.00179211798762  
58.84707744386922   311.40260460453823  267.68305835518731 
128.11125231551858  417.15519466181257  323.59619180472589 
156.26974690761165  289.56881207711655  139.90987968650632 
103.18492086122204  45.55036842093924   375.71601460635748 
343.06509558982009  467.31164744678119  369.26732715880200 
11.90472749189178   87.54293354483207   150.17590752170298 
5.26367249756067    72.73024779545101   -25.06705529783240 
149.59576094575931  279.10159380940695  367.76790595693228 
50.75225025114264   443.81805703328990  374.26700269217707 
343.51490572816004  238.02776342792271  87.34783911221406  
116.76776616594414  527.05222322168925  274.10993632266570 
127.82315556062389  -9.67995704905626   55.09484831287585  
43.75018236652744   355.63260084959217  250.29044785318644 
8.83356228783313    169.35448489002448  490.78721942064408 
212.97352020459303  337.09236054720327  52.04212723307583  
138.28050849471435  462.59517872865496  40.03547467175751  
34.55655532927573   225.57031531035065  155.05913766094358 
201.69057499937011  73.44759197823011   290.07850126149901 
181.01697426834022  354.96565278062235  494.60769990047038 
308.82764737649160  -7.83530801315172   57.38216687973478  
122.51365900032212  267.57407852025688  61.46248597555167  
327.27864319834566  332.44245817716393  450.82813582553700 
30.66610275252982   88.23414606906699   505.66800017605988 
267.88596335713902  -4.68326925524300   523.99062550138399 
85.92297340867249   348.63065676865608  474.40327214722009 
244.28356136726225  176.51731166751972  -11.73316549574641 
83.79162452936352   -11.72510589190439  -13.51180141057504 
331.16595364467042  470.74434181006251  215.47199300321503 
7.07733508944032    196.28174135530881  -24.36928729895575 
80.16857609285415   181.85240531494043  197.50851001019663 
49.80455565505527   374.55291625080110  76.40400380901880  
276.89271504362551  423.82710045565824  60.35353003270347  
244.61461129187825  203.68014131448945  362.95322873764269 
230.22091297761997  116.27493769402264  425.82938250525899 
64.32290069859995   396.34853760662941  38.81059751587148  
5.74014188940978    350.63117568572966  375.60953392244579 
97.55397060464462   528.94638628733924  112.95720633236442 
140.44863420460248  144.54929933198503  427.39428817191680 
49.03071326319557   137.22172784725876  381.05841177964459 
98.62573283785123   524.31363597431516  436.58540184075616 
87.26541971669482   491.89868156719047  58.31524651318763  
69.66728489444148   22.40779838285199   120.30754801935063 
211.96018608200040  470.62454166852757  312.64819284432747 
290.04767864050427  475.57393829122600  338.22459003522528 
227.35259264322212  98.99978939269982   325.88742524503073 
287.10877470378438  481.63804832612573  138.64735930815888 
336.82945784508252  70.59034668308942   241.50089814345358 
156.40396400121841  67.07259068631792   14.95777121255897  
68.89453194707001   185.95639930048617  528.87271839402467 
102.80598740019033  522.13718764597411  78.71143363348311  
44.50458399042876   -6.53139639773147   59.36545894525307  
153.45996800417959  84.48255913798093   392.12839915213618 
88.33620243800669   76.05492842804478   285.50020811898639 
35.92899938899744   486.63662775533498  22.76437843568087  
202.89966814427643  221.07153466810891  451.45323448572520 
282.42836402737055  298.63505136103259  413.37118638914183 
7.07595095181392    129.48443623102477  214.67698398560512 
108.68031716914849  279.29504997091328  86.55910584044054  
285.02896193919679  140.26382072293040  56.41928460332960  
204.67987524878379  211.43385018771531  497.73049106539838 
118.14664508111271  486.53855854926519  -8.53595234061142  
60.45234363300229   454.76878097408036  259.94866317224137 
195.29246446674793  283.10578399099825  52.82947227037621  
312.22576487351728  19.86330241885862   383.78299287864593 
234.81235534634791  378.61741697736886  318.84464550626842 
243.55683815886886  303.31274152740059  348.94766721490612 
0.30206582338045    109.00129904926524  393.43249702761148 
261.38180683833508  71.46477040020784   13.81263890860949  
242.30489555985264  482.29042261381630  473.79633447092959 
277.88941835242736  -6.87855777490209   93.51138870393464  
91.44320293753711   281.18324114786020  170.67161773615294 
24.74606985443584   39.41051273657014   376.46403752810681 
49.79189027147152   234.00787925323851  87.73886050058898  
130.34111551358134  477.79319611659713  73.98667862454639  
249.25171249152118  25.82509011681047   6.16946467536820   
143.64605159348616  179.16632320232083  -14.64090336226581 
57.40953210850654   61.93227247002919   41.00962664982093  
223.29210057716304  440.77637326774658  334.17535982953325 
305.76050284216001  269.47459558249818  284.59639982873654 
224.88680717119109  180.99322011066340  109.30683674629748 
25.11580529520031   462.03788062684748  236.96624248790704 
206.65012497842051  104.20247145445762  299.94369627536167 
125.37973967781168  346.09027443063815  464.35397635013913 
298.03767709708541  384.61688830560325  356.45056037409859 
177.93823772619297  8.13521267342671    441.59338058906314 
106.70889195012542  438.04018677954116  138.26206874588834 
347.10369894530214  514.85853056004771  517.98626788799663 
258.54902096201442  514.05196018338950  186.15239208474648 
351.10881650416445  456.33968737128413  476.97167973598101 
110.00745409883095  38.90076301888826   350.35377824458971 
139.85862853692703  448.97925995066561  407.61133608294659 
188.34820819106736  -12.61874170286241  172.61241499184709 
147.96768014262940  500.14687385592333  267.17830111837355 
278.33410061117957  -17.06933482000306  319.18519080894441 
268.90713273094019  384.59983413439488  207.82888308900272 
116.36076310135354  294.49899765266292  451.92448604994109 
130.86771582567081  78.51635354943302   323.51945244503702 
148.16610157944697  275.37448960326947  483.90355000909506 
117.38787056688770  299.00203655937611  -17.02172251995736 
97.99098533976218   113.34053204487600  26.45681271545358  
46.19788249375276   498.09832437604200  30.97558978702770  
144.95321691178071  205.12903648732015  423.45114516289419 
45.48873013526361   45.22896561715288   494.50072124351027 
194.10344412591107  164.60689392372677  323.57999185005309 
25.62251315676347   2.87388636905953    475.46821736704908 
176.48545608560619  291.47758476450912  65.62085589421639  
110.44747516361720  315.91944658874519  151.21753702616130 
311.48139768594996  92.29892300907179   410.22935172063694 
0.22205193647122    -25.18431234854214  -28.14517291693757 
339.25366907537142  477.21885165914472  70.57653923077322  
26.56500705453465   311.32315425441658  -4.21083069085314  
322.46371405601195  380.30251125683611  6.37545671382270   
64.59347234715246   297.69865012306349  407.27255542037165 
268.82515067065259  318.91023365086829  496.27866875063137 
222.96844408734123  461.86890449086798  -0.40429178635708  
171.96750609722753  325.12301274415756  153.20530811350409 
237.74740105370509  169.31437511437889  23.12389302916923  
14.72162380274865   -26.36229915654261  311.95288843487469 
330.42895763205684  134.83891263719400  442.02137151963274 
290.42040713776953  194.70605523798349  520.55181491969938 
331.60363016690610  120.20643495034193  286.07241067091383 
258.62855803295270  291.16315495463562  170.25827760975278 
208.18564988540550  249.49350402935835  230.01571569454950 
125.69610875237578  191.27122000963180  124.40098799127509 
288.56956368620848  253.30706921820894  440.18264948997455 
231.53848219032247  124.11087664288127  127.02158159692624 
245.09672942971403  304.23923822514621  510.24249339696360 
269.58675896159747  284.89381899041655  152.17120982067797 
226.34380362095266  389.91467709783450  417.99765594498467 
334.61270521385126  218.71224305319527  370.44802026059654 
116.69638513992918  228.85802177531770  436.80937663063224 
235.76952350164032  227.65926322898889  233.37055189538461 
334.20402639814432  467.73498508852344  219.01230666518663 
211.41793936207722  162.26558307175154  476.60255056882471 
326.92192067120970  506.51887761364685  153.49807865380524 
247.68985147716049  175.22569051165962  374.22524707300386 
333.09115953490448  363.76275705848991  312.76923307837512 
197.85579230481346  108.55338542678527  95.26342000626035  
212.56292107170876  89.54101665858894   469.71134038648302 
348.23953350003183  261.18088235267186  474.36760446906374 
159.61014716385517  243.61628992205425  139.14411436630709 
308.82937439848365  473.80333404778037  119.96780512192703 
104.67188934044464  507.16889457304694  34.68210966298068  
164.97351307479843  207.97113766045683  113.73899748458322 
343.02458605725076  -21.65947076877615  397.72328300472242 
346.41905751370649  8.92073844417326    2.24555661630077   
303.18196566561272  112.45157557707051  121.84076379367860 
141.36802252552201  332.59124908233196  481.44657926199756 
94.20551048447126   419.75368778835968  436.14215301120623 
88.76192152541765   45.15781175760172   471.75000712635330 
303.62380991113480  97.81647172453717   323.16549194624173 
343.56768247464640  325.73744579789559  425.05766785000645 
80.79186720568784   481.63306404691042  102.28739102436987 
139.62394659233428  108.73898529864454  212.59015912145054 
194.53351187458483  193.84404299825403  59.95616760815048  
170.16545132382046  212.56678260466902  -16.07574779015796 
255.21004528934830  417.27792373482811  492.92334009321303 
128.47276806138126  40.22642272789996   285.02830475361935 
58.18155813632514   514.96562337843613  -27.19003101593964 
274.78802206842886  505.23571436243367  482.40283954084759 
50.29809078656324   239.53477513773282  408.30735459741902 
279.21180453775634  3.35098061548894    28.66149022324044  
289.92569567411647  233.52289495526134  111.53331510460421 
265.36313236590678  502.45156637510081  22.17484800977114  
247.47430820661663  256.97940768693235  45.61066772223467  
244.33507518565318  238.30368031854732  228.15910501732651 
107.39185287270652  1.01043170686591    281.88407088100985 
22.48251618904587   129.12574429730384  260.44273383600284 
135.14983337900935  284.52110249573690  484.62158816148917 
257.84834079758383  94.26871558534154   212.30154824983634 
112.94822458946420  326.17823510093507  40.07460836655969  
152.53200579099064  110.81247771970169  489.87790666367027 
328.69817270935960  224.47008355605183  486.45845124519826 
265.43940806654541  321.18070663067033  250.97536292545868 
151.52765504430550  413.30531844335195  272.92456443805190 
59.57527384377266   386.36838678159870  129.33347596766720 
196.94499414306370  160.37984439847671  -26.05209212392610 
204.85050954733677  485.84372917429891  308.97090622746703 
197.99936103674011  469.43850262623772  398.05055790961046 
332.27549991010187  370.40633243829603  327.79914409829593 
38.01158866729568   299.84437206738033  20.57200581219172  
346.33281445507458  197.61830976054964  191.19175369808232 
93.08334690892612   199.09389304891639  108.18084233781207 
92.69219769825153   314.06338062642970  529.94268488107548 
148.39237491719305  322.04640562592925  75.75875470181472  
91.04062643187923   147.82106373975699  148.64846494175467 
208.72273617212338  16.68923280834720   339.43494268725885 
172.95656085537820  337.27255002074014  147.77772955043960 
236.49831481125685  447.20526988542503  -18.13264836200776 
249.99448839686386  381.93503173882777  264.53895699903217 
4.82390689081523    16.15193240784124   105.78838375538220 
260.50527126486020  205.43795072949337  282.85585373158142 
57.94561211591135   425.43132979491469  103.93058130038068 
102.38473922223082  419.60995663761508  497.37617769114422 
200.26343673724602  338.09782000806564  35.18102505800056  
304.71130565547190  359.79208314437244  243.98117032782397 
185.52089453400862  26.76771780668366   350.94035483577125 
312.86295817250772  468.63573158914875  507.43967360900820 
34.62577825475482   446.73503188940072  267.05947124249053 
71.14690944397367   -27.31126161327740  333.04437442055962 
287.14067178065096  105.61458098219984  395.03973690939318 
258.51126185892258  182.92509778530584  167.66433262172950 
290.64022672411113  114.00683039633648  151.91503671369438 
175.46776107235578  406.78059034945716  358.55767170254791 
262.17753771159835  429.86337678353055  297.86266485538380 
332.97830609799257  29.97742522511554   349.32184432586320 
281.55994891151300  417.68201663183282  424.21138013484699 
320.28594167819625  430.97389107641794  522.17653285837548 
321.40983360074938  109.24986199886675  287.83541900898132 
314.04324674285510  -28.28453757720901  59.33259878211760  
57.78706698836061   243.83432235355997  375.94598221085755 
92.37204504774240   205.48636262415988  -3.90918762818792  
207.33343275968622  44.69208433375231   92.94930945323131  
151.67284280462874  490.36630568832732  79.25961870423382  
89.02826828612287   451.42557134182232  451.79484040774423 
119.31116867399663  491.43533053671740  462.51548886001387 
257.40779228889568  296.25315440014884  416.24835400045686 
36.94421884715742   189.40908903256849  106.73765486876249 
187.13532197122981  0.57364131202311    -17.70021838809193 
108.04799325831121  408.51097273047748  -12.54381563776275 
173.92045673979763  327.19777513397690  271.80014518644987 
234.09803862790147  398.37192603021560  474.94507413694089 
177.81589956398133  188.44784148288613  96.17611895577878  
285.12831695043673  470.91474806801318  17.10653272576483  
171.01126256081017  366.97387015105335  117.10391068261779 
255.73603615507457  470.99682817271093  392.70127667256941 
332.17383282174154  428.96210993134594  97.67808564631456  
349.62156425098840  440.71950726359921  7.28917885562482   
194.30320139918703  -6.18194791773880   256.15602204263581 
151.04477508763159  112.14192185478555  -20.02526662788295 
171.99124277691766  338.51755492787947  97.65111193039040  
297.35810172840689  154.60716421311346  339.36591074534954 
254.00455876513604  317.97303344274280  525.57721880734687 
42.18394201026592   -0.27723336468885   476.26616009520700 
271.58503035215927  487.32658623783664  284.07824674481571 
254.93760065440676  161.49172330993926  507.01052894225177 
102.97813344720990  79.89273198826416   63.97822122277206  
159.72303518482008  434.25113956277249  366.82875160678458 
129.04931437154698  482.32464271055608  12.65778204605120  
18.87012176911295   485.29560666581494  493.78375202999973 
46.78543747972759   526.46270541388515  141.72354902109112 
262.20020262598911  430.24824556104051  289.80587706507453 
10.82812962266096   312.97467095529771  274.35996837141801 
341.41335574462437  519.83795905572288  313.57626116790635 
111.06649797640095  74.96319718607634   261.02747572940660 
149.10036571253647  464.80746399113053  497.86209596600406 
200.97626557873878  336.29669218025742  450.60953953554548 
293.28549133915874  174.16567725016020  17.25190983651753  
70.00476515521221   432.43134320867318  150.24819707174535 
139.88009128898938  332.22246575222920  86.70203309501775  
112.26059802774276  108.84669862234284  209.05643612538893 
211.44256144343058  264.44775555351038  94.23692069569400  
78.73394696185666   203.32257783474441  100.47059222163767 
168.39125413084278  105.12953666215563  476.03460025068290 
296.12575137128999  333.45994980391566  411.07137234634217 
70.19174716717514   496.75544380464726  71.57039055657881  
46.91653444265494   295.84394875210944  75.04071219456671  
202.77549535577347  64.76618282404144   -24.12169312020256 
325.57379851562382  205.01219826153891  102.29905064392929 
285.84046458024471  343.39233830385393  210.36121873320405 
53.40191011713605   443.17058128499701  502.04903549433675 
79.98527277364349   30.15204067312254   452.76342410313970 
353.72048277207182  52.74137105928767   17.63956112346818  
219.01804072659712  364.53469866633429  2.11509862190855   
308.99995307073004  66.97939168183153   496.44720407274360 
266.24253006818151  272.50725147843593  272.57973786009683 
140.76062216693526  88.75391250038052   253.81680706243839 
81.71303211589505   14.22833366472585   425.63289662164516 
2.68650430522579    359.61489376339500  524.07658445909954 
201.37128333472958  528.06749830884144  -28.71927082781721 
186.55174942572287  134.37597649182970  439.46062898301039 
205.41419194456114  479.84817858934707  514.09489861329166 
99.13200782619748   378.84770971536096  305.05896573370933 
151.74094408588695  122.09984487832284  399.81692687797573 
220.91607957916548  257.67665949752143  347.74480691528282 
340.99617058454044  160.57536026194239  492.50418008891995 
189.09968328051352  117.95012584811587  292.01586356460359 
254.50340744311887  66.86426039362311   76.82373686001290  
149.97220974437371  382.81934282112576  101.98641364383769 
144.22413653228259  -3.65395399919247   280.83298126898563 
343.61605675362415  395.26265207617598  27.64230851625626  
241.87925772835337  388.70905832799014  341.88270043006321 
165.46274255037815  120.31102266307923  414.11166540711724 
103.76068219018947  309.32672056921177  209.07360487167506 
143.71388071176079  487.35085674553977  351.58871050496884 
38.56403374545539   171.67102077952961  297.99518619267417 
355.09178077672959  434.48028929571245  406.12789438108257 
125.28424620356655  182.60950629928755  129.13941346928516 
0.62122424548849    88.00112252190304   448.15076751003170 
76.22499693680346   165.33386317403358  245.28794791747032 
11.40389634446521   165.43558432221647  169.66525656346937 
276.44171612015975  419.38533229781132  285.62993200419697 
327.16866876438814  28.50190699454799   198.56358043487825 
89.54789808475179   460.19922033521920  446.29206783739221 
282.73605665278211  494.89052739381020  505.73396049914265 
29.42404845021016   186.69863362184674  34.04589543000210  
91.80929642889230   315.75017145417490  207.89325608275016 
33.70186442935018   438.43370802099287  235.77669365015868 
175.93006395775097  238.50869171709371  132.11301111140463 
210.90474891393461  519.24796582520287  80.64263714655412  
312.71057746125797  349.43475718081396  -22.37536450082981 
268.19920194956688  194.39472434066434  4.40452065003609   
79.28624897440521   16.23619175316420   157.17145653943084 
114.93990363010342  264.88806448827660  129.78536348776294 
64.29259508350843   55.29187375926273   71.38328196125128  
227.70461617563706  132.65856474604021  24.19420478961264  
201.87670169004443  518.07408050593267  378.11605977154699 
129.17043344108555  215.16521473974313  93.43096193322953  
185.31518832382798  519.72161876829102  273.50979527569143 
44.75779749771367   138.62854045958835  417.88184106943095 
27.14390391860317   444.26076889856466  4.25227853630418   
240.05174476362345  362.25421556619079  -2.00413490214684  
294.97176287489344  98.24040652792092   134.07887760396096 
137.24132155794544  259.97534019489825  172.30978182682435 
263.46937289522782  417.54500620750258  295.08227114475318 
195.24668248895310  13.90443445521135   35.73889578780771  
306.01296646851858  222.98591735081840  136.10653135943113 
135.72205880663063  208.65542039544849  315.25758832640207 
54.28312514871945   152.82936138499758  481.02431510665394 
290.75185685247408  314.48642766424382  227.29807594400597 
186.10850602899211  93.52743351837739   527.45284841084799 
161.76860216041067  272.48882693524541  435.38343969113390 
187.75358352957429  163.87234986524439  402.29139673157709 
333.50170401189303  267.46015767432192  415.95864072563245 
182.30066844718434  -29.78646932826595  178.44989192908324 
89.16781545544347   347.30168110804033  451.38732818793085 
198.69382325457286  482.66825778497434  209.63133275694420 
109.87128664554338  236.34236190981272  152.34025060888280 
249.91090285488093  243.59346199307549  78.00204750642669  
50.06363979765062   78.37633042337158   455.82884940106680 
137.78542514832301  230.35850845202742  349.31045181616008 
134.26954659919716  199.16705623171524  -6.28943638662519  
157.99330082847604  329.85174916248349  87.75011031686790  
64.31035782609376   488.32910780772090  439.03031873847249 
208.31715553677699  389.65601184150262  401.00872352568217 
19.23315058479218   287.07036014439382  219.44101433146031 
359.06867937149900  347.17461676081581  254.53212953119265 
99.89855760824787   242.77142053747576  210.02392694798985 
138.75448211882528  50.36070181160619   269.46982288767492 
210.76412318026493  404.86545592141391  92.24446693380105  
241.93033446292159  491.65767876055770  229.56915592297293 
25.58674791112235   414.75686563298444  44.23085175658288  
42.29597087780549   79.20493759471439   26.77196729105557  
114.51353352442939  492.18298094932152  -24.77481284513746 
94.86378717765203   30.30870363241032   -1.76417066337421  
89.36626323417954   470.49263907092080  150.82702223982420 
281.13887568546841  269.94922494590770  526.87498267873616 
304.81772234048589  134.95070925508682  263.18568521913335 
72.86228984709396   439.42122523888702  169.14256915587464 
48.26313368165566   159.38892714921758  124.54173404910429 
275.84510742807362  -24.70127987762304  153.75973370920113 
40.79893266603329   98.08172847652568   375.94377064385185 
164.81836165643105  115.27257680228661  2.28234089857678   
237.12752167023720  345.46428181069558  160.84923721692701 
227.54996876977992  517.55074467801421  298.07663528631139 
207.08572151616360  113.64171349361621  229.56673245983001 
157.42175612347475  514.40892089130921  90.71094748224608  
160.31490701981127  404.43242053669792  337.38230761844534 
143.80721268508148  497.02627135573107  436.77626439968589 
155.88695749585236  122.86709172281937  261.05580279775671 
352.49367619444735  385.58883849410506  166.45637249747500 
219.18004454653567  272.06800841289703  208.95720890410112 
186.96294787364690  34.39810742011461   314.23333303205845 
147.18913632274254  20.31056594749145   68.33216785603732  
347.62867691740803  169.10098680329460  373.68376891483155 
288.64590620752176  21.94748948557300   114.87244736091483 
102.29081910704225  259.04865962043925  309.07664337679853 
146.24127564456160  502.32937680369025  181.91645402903561 
41.78183894026591   414.22356466687893  105.39692341300699 
220.57528842238526  148.16242563049340  521.61440550658529 
338.07340527974270  69.22978962500412   272.86909317846585 
24.35239494383550   325.88546416835749  502.81241285525141 
323.90908677323307  282.27888367252842  130.56943233042975 
311.09772648496516  57.65848925076315   439.58167335099643 
55.01344495588994   222.61779521422565  477.70271938190763 
44.04383799728169   306.78126619966923  246.68562119491327 
323.28540744307065  330.76490339700484  371.93967551057403 
238.66108882887195  -28.81313505274238  365.69464960838383 
184.83511204399593  417.81174532601898  226.33680137823103 
228.96690454009865  423.80652871918028  136.42398883811410 
286.16363993895470  23.10756969753808   195.19699069166316 
317.30554678885244  342.69351161137473  406.39467226465501 
62.39448916872577   176.44059721309074  225.01650023493985 
181.17979980617426  92.25148987239962   169.68080349066597 
315.18172427341523  57.36509096264950   281.58227104678366 
299.94643997396514  -13.33541681128293  447.29110370077541 
166.17874776111765  522.89729865536481  441.81788691293815 
6.68088610916992    455.96908836557157  213.20561298128038 
18.23381495166841   83.84490146541621   272.92042325206472 
57.13365776307532   362.51962687788506  -27.78761286135761 
215.29391198647536  187.93556724594146  58.49447617758827  
77.24037536576542   477.51731931227124  94.18303383598882  
248.18898602881686  64.20680746444256   350.79490500617669 
106.60028965561325  472.81408319386827  189.17994675124936 
78.26530619780777   366.57048787648444  412.27661889170258 
69.78354136669891   500.99727336397655  460.23939646652821 
36.78468724930552   9.97379810684437    113.83102333031172 
317.30020739586411  493.26921342849425  311.81568932940223 
153.71769110138857  415.46987593269131  519.12281808550722 
119.40542827107703  278.69796401835907  88.48594407698957  
249.36297083924768  231.55709047043831  453.77030888184413 
98.00418653565951   3.67877807972533    143.26730953243862 
264.10121995639412  59.46885186009668   273.90104582073354 
177.62597201393592  444.94212296423154  15.18847825645210  
313.99608665547549  419.68049992476369  71.62145566755456  
267.01843480967011  225.97534385710225  520.70360423885097 
50.06309192965177   250.24708219353880  365.31926240493846 
142.79896111704852  287.19593941063880  157.50050433529799 
176.20769361619224  252.15011388622855  459.33734915331956 
140.43488937230808  101.40164569422308  200.88215577358881 
201.60845368738964  105.50649913099937  482.87903141418826 
27.55370376791500   238.07389829848404  9.76441270954737   
73.59726402259213   393.37813350206272  111.30192125127152 
263.52151094791407  468.92980780350507  367.83246300503657 
342.91620603789602  394.92301711483032  449.29980714099281 
93.28918003761770   525.78112936102661  241.96883211510851 
78.20360915972439   99.10072570551924   419.83370276785831 
145.96166650779725  401.99882738001679  89.30793418176263  
150.82168238947716  338.14241241957944  8.02862993277103   
54.44325566067347   123.09191648457895  185.61293503071482 
356.33658002783767  308.64935943623220  377.00205465148321 
228.41656454912993  94.74232928031617   155.94182661242570 
59.98013632683164   86.62073809775589   276.57032432075584 
28.66968120463411   216.75437923192683  24.09396722224798  
265.93403615424120  35.66613605248457   169.32564725800341 
37.13527965913121   17.95980604955994   350.43598749824855 
159.59568630724925  520.32725114193147  392.01232283433404 
340.62206763851367  361.51110156218851  14.50776777148568  
169.80230232988566  453.10557253062922  77.13000106796882  
5.10208717883936    -14.25645121527732  377.34758553583413 
185.20608685247643  -2.14132137717860   70.75685479386040  
303.56670575305060  -12.67559209633120  159.14934163470943 
253.82292184641622  327.95103702809411  236.86702692577819 
280.66700355119229  501.14332770823432  269.80998217991061 
160.94283303496937  124.54830599958541  418.50942631601021 
298.19730318054945  216.71140822752383  40.63082148265713  
255.94673777037244  330.33801037281137  300.99082993270105 
251.70848130352542  220.12579051077526  218.30290213994599 
266.98823590386741  -6.36055153466210   332.04177304393170 
215.67915121817111  497.06231707593781  512.91621492641639 
260.35972533339668  137.13298857504287  521.97140788757793 
201.41910143715594  302.74497109249768  117.39277470902564 
355.79757526280173  101.38568837751529  527.52827371251965 
36.88227658762482   -4.04047615740279   462.43218724738739 
169.51563696098441  67.84827396704989   43.23150143268708  
191.04226574417893  435.79166094445367  76.25992236004981  
156.23407632008391  6.51114404787963    388.28796811187084 
226.37656170064326  330.97888147608666  396.44304607021951 
242.35614438703956  182.19951163252469  152.46653088000198 
98.43055880789611   386.50827114680510  306.59427277179901 
49.94266382280209   20.81368476983785   146.08057816309596 
347.81493191688622  40.83972889998309   371.22445791654798 
79.75627727335890   251.29458880739941  522.26744388833663 
289.14924132786604  373.02381880623420  484.89410936176000 
35.59636482506419   366.35041905828558  250.50389292827134 
174.20909826073142  142.51718217277195  228.82181879417732 
95.85016688718302   178.17030509343357  244.18031736467537 
359.94596510869894  521.71557363140937  370.88326481938697 
5.74195013334656    242.38552269316125  501.82530023053710 
89.32848487707224   353.49612523806502  385.48912314173708 
100.24270266502620  25.68197032547370   48.81655595537620  
101.15193880379242  403.38119234703277  367.24572426243901 
224.26944047664793  524.94014111603258  135.99919589231948 
6.68450799667711    467.39157369854956  466.96151994829069 
208.14361044513907  58.96912283377888   23.56667024901750  
298.24466435303225  474.18063119233693  464.34392632418064 
229.76001522491597  258.44623708990298  143.71935451859417 
309.95855201772406  309.02164339512433  231.53992337667773 
119.28901358826910  202.20171337700066  307.55942347299037 
358.30370407627913  460.77687046958300  487.04986883725519 
31.06067741247843   481.07245692860994  318.96189563669310 
279.88341041947859  510.78284453482866  -25.91882959684748 
170.04918771505737  99.74114923442463   194.26009482600429 
41.67408257996274   282.60224087667035  338.00546163012569 
74.68461677990345   116.65896918083038  409.69760341527660 
17.13143604368068   426.12706983639117  59.74638559261925  
202.51477437692583  268.84720422801502  503.81118098812135 
118.12995665964328  255.85760861531799  35.72428966150254  
210.05168211854948  183.22201715009021  332.80403510574371 
286.50551901926076  361.66616003926640  -21.10337284762807 
359.17057114418861  213.25745163199844  408.99953047384855 
40.72473183397683   368.94600459589168  162.17854747640860 
23.16594430478936   61.47729938745553   -19.28801060951375 
284.04967947910740  283.33832530413429  293.75856129305970 
114.78231438149191  458.43526359988385  232.84106577682917 
234.15628678794690  516.22988656458710  317.24246479163543 
114.75528847590056  -1.54618695448455   263.66707335227238 
250.14955573189411  406.79682781069249  213.08159673408213 
331.09854534501284  32.55325493619858   258.63058673120338 
33.77101632203127   0.26088938983240    348.11137202369559 
119.94200726906801  201.56790191405273  306.43853265492697 
58.84249835105877   443.73303474513227  221.68693438020441 
197.54521615052198  139.66826769482398  185.40694149292239 
73.07589584874361   203.14109066544853  21.80386806280578  
223.78328785209206  276.65083416941332  248.81726439787059 
295.21708891599184  -19.65132015836716  493.80243977979376 
242.63620842725109  146.51866821469520  350.46312455903461 
220.78502297574383  494.12107217766618  265.42315039245125 
141.55733377438523  428.26359722567861  46.55919953873077  
172.17857812772530  526.42603457320695  36.37043931555451  
153.74492621869032  243.99557011171748  206.14602284809880 
336.23639253803816  114.57103005277810  223.84385232131794 
101.95054681001027  243.64971198689386  209.54645259241005 
193.43850527554528  305.67413045366959  355.16810142070602 
78.52875689019790   253.71974417945444  -13.99456372197808 
160.02302758414208  76.42959527798089   62.70006471901067  
70.33508505743777   65.82376056089406   180.76499498889439 
257.98758070676587  -25.24135891511598  380.53697781553012 
148.20355275667217  418.41611114795268  190.57516556341307 
18.89947917275990   475.01610225565912  267.11559856450424 
279.57974288688320  395.09311676918605  12.31902772420005  
316.89450814042777  488.05572600043490  37.77420485965573  
218.94634593771869  451.61869181747869  325.47061592747093 
200.44449923940130  479.55883553923991  399.67084364185990 
276.84853495372784  118.08772510579755  338.17487918803471 
260.29769447752693  303.72066903962400  202.97570134910563 
166.06260461840432  112.39263148853092  83.40503887835573  
233.38963132497724  309.77861586139920  403.10551886244673 
256.46028856370725  495.69843808882001  4.29882170785501   
350.38774295293194  75.96196042372578   140.52714286398989 
116.27534062344264  418.85500921197149  481.93148026027046 
290.60592013978595  12.63150663366932   423.31065696769741 
176.75592639517501  236.12536312589793  200.81090095278844 
6.29737328114728    347.00440773451015  96.16981102180036  
95.26641878439337   23.89732825755359   355.11790926617454 
195.90307341360810  37.16569472159917   487.02260694039251 
317.89349644132301  -29.78823492859674  192.47444557712296 
35.94971176277058   172.10292264824540  331.04508975692164 
15.04752989034638   137.25975192522498  128.44440236221220 
331.72702400471491  186.41584820323081  100.73877270439351 
256.47548903446528  364.59414829756230  228.00777286436744 
229.18348044536455  451.65268098849663  55.55772378711642  
84.70061211722668   471.27673439281239  404.62435839269347 
179.20129031478410  63.57579662739722   475.29925037508764 
162.51222159970453  405.79714239743214  459.10818821224609 
56.92667203646027   255.09299527669947  199.76953970557375 
357.99416843175669  176.31646615566910  516.99859792694849 
277.66438119363164  76.06000978401694   256.52238460311349 
259.91172480564114  377.64683201469575  410.64652962446297 
124.16760274733849  168.14475348806067  11.42221003206014  
68.05179089746649   169.82357963831387  -8.03427231720082  
240.15536028228553  416.42627012949566  193.65076091081559 
237.34652073381380  481.62231022652486  -0.80986237613505  
358.81488547039157  478.77026204815269  344.88368591128074 
254.59305536681089  -6.40264752298062   261.54388852552205 
207.57431345577368  191.99971223152977  136.06106917208410 
4.14646219214146    394.55736834299086  -15.33030978370665 
203.98089386204498  513.71510864155277  20.65144939550721  
338.34654529969572  265.59459206128656  228.65420855169066 
242.11791052229978  170.17084516478303  509.77222894897500 
170.43838641227774  30.86466750595009   69.52412443768435  
334.76501276519178  111.48197950868078  69.98538584909731  
298.96479810547135  -23.77354061341331  142.00802183934735 
286.27239650682532  262.27215658999012  209.76066015407295 
208.64983569134176  338.01637407115157  502.97800621530405 
95.29349916309616   422.77801417610880  353.03570131774376 
96.20004027152029   279.45876865302876  449.79896078947303 
327.17067145942360  391.00800724927495  348.69388355817836 
342.92661955022714  90.42718364924815   53.40779764746300  
222.33384095409798  526.43971091945741  500.74655455941286 
194.96366566009374  502.63730720195599  34.54903094213157  
76.32593788710683   46.88578040903094   55.57752970522488  
55.16461477966713   341.19699804619529  67.91381524025356  
137.86669086867150  49.64041321554268   -1.34409414030834  
276.86006378897918  398.63529845526966  194.97225765251363 
187.27243430280419  -20.86868391494833  15.72244999702961  
3.55998711359440    394.64639307598247  171.29672477465834 
228.49637455943551  272.69610388959256  56.99209562045790  
54.23616236152733   513.96019900484555  93.82286796639863  
86.30576923784723   315.21360102442128  -14.46866414714128 
33.14623084625883   320.20995565370379  469.13094317756673 
303.73517752427455  501.58115203261934  85.48259991083033  
207.06799268198884  306.59850758095547  499.38147081129557 
270.21049323189362  328.30668680232486  117.45041232617416 
228.91595157487532  482.72269622395027  466.64839698553902 
108.34631394030824  134.29695148552233  529.41985889136822 
348.34866600813353  235.12910007348273  -14.23992489269537 
149.21150002157111  146.76626071304250  356.39265619945013 
357.97003400046793  344.30866729568413  426.66960049886626 
6.95370066643150    379.94274001589577  312.39416835661035 
309.40036744083415  113.65939907817659  147.01725530317768 
297.84543938199255  385.18875341950309  350.46817923327444 
70.57504924238370   466.37557045931527  189.12701887776808 
133.12023612190609  213.24206812467128  292.06922606697577 
207.20993465243336  246.97143707969127  209.66279719486047 
235.35960547144882  186.91821093524143  399.33140069982704 
110.94288003744438  241.40070402433770  22.98101262659444  
337.22393197421491  207.62518507545428  42.55784762951284  
289.40853684058203  172.40426139010671  526.80949391590968 
207.12918237226623  210.24144551136413  9.14572506616889   
228.66841259542156  -11.59026212512354  345.08498489137452 
20.33927054146382   129.02543554576346  2.30202552408212   
176.78505515285440  253.43431637520820  494.21735008851431 
171.38458771052751  346.34109024495274  224.44378972850376 
309.23345805538446  525.34331262006458  399.21549936220254 
348.81897890393401  105.89327645302311  288.21796559580486 
307.31385956282730  437.15068497053414  314.62640967248240 
174.42677559276194  435.94454889157794  292.29081049992345 
189.76120584846342  294.53134285911818  -17.95835005344515 
208.15094465405201  214.35554370248755  165.93703732426496 
313.96836471758007  263.45924949857510  154.01391446204735 
100.89824928417475  511.70988021481901  258.94903191798329 
0.82717940752190    269.48510803044161  512.30616008323250 
358.60013841271922  472.31904530132903  -18.27083196723086 
42.27415298716750   151.58651218743933  88.61443790062617  
108.89081686817939  248.26314075317714  371.76171192973021 
213.52984514154113  74.27466388578297   133.79734893056616 
290.06004446111729  318.73530058820745  54.35435563869569  
227.79311074970292  163.17209146678215  350.24813381330290 
331.47960578165026  204.01673284595168  365.10163160151308 
304.94721179507627  411.23937866655427  321.19612290467745 
159.88633130275511  241.47480428976564  146.10753179878981 
213.09963536768979  393.15537509645776  342.60224030921472 
40.58279268275871   140.86003824736019  161.37867828102762 
92.83725880309379   73.57652372847973   97.09714191959456  
315.34990770670379  285.89576496042520  529.97402368367875 
311.20124808860118  264.53724163278559  504.49698950409481 
274.64213326711433  238.18605626436255  350.68739241139167 
165.21154152765615  67.90328874080461   186.94280787216005 
151.48792296532730  46.41171402562597   226.05213045244312 
77.86543200393970   229.77911595464838  441.72997048736801 
328.70458135386735  105.62674272549967  414.93141221656231 
164.55135982895294  448.21587866987733  282.55728829355866 
192.61046225710007  497.53998412929252  389.92038318186314 
48.05767597728911   262.71365748176322  50.39597683985397  
344.57998872198311  224.99661448873471  403.64634829565671 
332.35515594094585  245.15288929087683  367.81387775151541 
271.05691294002372  318.04259871698093  263.17868858208709 
136.01074319435097  -9.31615748390326   394.18408177053209 
101.29398799679406  326.31097099901353  502.90874702974190 
55.62687410966504   227.11498987386221  343.89498993246309 
6.70854922589878    291.87572760716904  409.53814587321369 
179.94897491126233  123.58961524986574  30.33722384205021  
110.25217284573867  247.23871220639461  122.71695415177467 
23.94647393379133   -3.59148540822712   118.59198638825092 
320.76096128219342  320.61971335009235  371.20862225126120 
195.52698787479784  249.13253623351028  -18.72070545766100 
184.98246367974303  186.18384324602854  30.73274884623451  
276.00598336942085  274.24682454027879  416.82795816037901 
29.14682809475758   465.06373377726459  318.94453478341632 
95.38144626837777   269.60691950725442  68.16590653825908  
267.55129038480305  69.65622726605079   142.39098360500978 
152.25822028480343  222.66107227343872  353.91684945199933 
146.62886778985154  382.15337676602110  40.38867215323060  
156.85383514786895  299.57086115055233  342.88225391158704 
14.30975980229222   413.75337925354535  105.42139953202729 
243.95766960009797  -5.84511746445528   457.78145979348318 
304.03087783199396  528.88123785845983  446.25705547852465 
308.35048316000331  343.06330714646310  297.10492924386136 
93.93032991799660   235.99560640603937  113.26774497630811 
131.18557384623315  206.08403294086867  497.13588727381807 
253.86270848004230  83.51349583087368   142.18356478043694 
202.46282184567747  1.56290210829897    74.07184540604672  
233.27330951244477  151.16032647529263  363.95465729206751 
144.24090685767217  213.22003120359034  331.59261909775739 
144.26089800131274  96.35627880190364   250.01962094773830 
195.13601361943608  231.35028778903217  30.68109314825108  
137.51297309316408  119.32866563839855  425.22367413078439 
67.20022794543972   352.56392714194766  512.74461701898394 
286.93856361284679  306.91021586772825  391.41578767542495 
339.30134509372101  78.90785378608781   65.18738657889566  
20.15646094354724   393.60001675166677  103.93486734842830 
39.99327674632771   235.91725746266110  412.57167382815209 
75.33751116410683   398.49203914008501  161.32116609134312 
32.59341584471424   478.96052683128738  370.62597784958530 
179.82302651551595  392.77790000713577  388.79193359801343 
117.97756277778916  485.97622964810864  508.34083235463913 
31.47560096250756   437.98054191966997  274.89450237937899 
286.12817836729175  435.11673887059504  453.34564028198315 
96.76308204631532   435.52435666566339  253.70844007737253 
29.33834562739110   103.78453592424819  102.99531109778431 
265.76031783118935  137.98689252220987  236.78056282814595 
117.02119148449610  520.55171413390144  364.30150842604547 
332.20599617564699  245.45730480928398  69.87318558965350  
71.92475497131059   3.96458160838081    245.16683070758535 
286.43430548484554  353.10550662570051  446.51200611254535 
30.88565200313758   -18.13616918597131  318.02655416399318 
48.54674275871990   310.39524507772927  508.60529401335316 
117.88061740638138  115.20797685706009  202.40328443385599 
